12_Group_Team_Organized_Group_12_Group_Team_Organized_Group_12_583
23
812 290 62 76 0.9992029 
571 221 22 32 0.9989305 
921 248 38 42 0.99792117 
255 228 57 52 0.9978204 
524 279 40 55 0.99727196 
394 177 20 22 0.9968766 
828 222 30 35 0.99633694 
990 154 29 32 0.99443024 
435 214 24 31 0.99377465 
258 62 23 22 0.9919625 
700 141 23 31 0.9901523 
831 171 25 36 0.9820186 
569 105 79 79 0.9760174 
459 233 26 35 0.96310246 
144 43 33 34 0.9513083 
545 220 29 39 0.93823385 
363 75 20 24 0.88727045 
249 306 100 86 0.8158364 
667 193 28 30 0.7928505 
533 127 32 48 0.66499054 
490 0 36 26 0.6469411 
12 79 92 58 0.39967957 
374 103 44 61 0.31301475 
