12_Group_Team_Organized_Group_12_Group_Team_Organized_Group_12_503
33
628 53 29 35 0.99974805 
558 39 28 34 0.9996853 
228 44 26 31 0.9995995 
866 198 40 45 0.9995498 
950 203 39 45 0.99950004 
656 78 33 41 0.99945766 
543 179 40 50 0.9993788 
26 179 42 48 0.99930716 
298 55 29 34 0.99922013 
644 206 35 41 0.99917835 
575 80 33 39 0.9991757 
747 64 28 34 0.99917394 
368 45 29 33 0.9991179 
243 195 35 44 0.99906784 
329 88 35 40 0.9990577 
265 104 34 38 0.99905425 
881 113 38 40 0.9990495 
492 72 33 42 0.9989281 
755 202 40 44 0.9988807 
797 92 37 40 0.9988471 
409 74 34 40 0.99880755 
722 101 37 38 0.99873215 
489 25 28 32 0.9987233 
95 103 38 39 0.9986401 
430 186 35 48 0.99863154 
190 95 33 43 0.99819994 
156 47 31 37 0.99813086 
135 171 39 45 0.9980355 
826 63 30 34 0.9979546 
338 200 34 48 0.99785197 
884 70 29 32 0.9973659 
435 39 24 35 0.9964445 
692 64 25 33 0.9952028 
