12_Group_Large_Group_12_Group_Large_Group_12_295
18
425 323 41 52 0.9942331 
276 292 12 16 0.9274271 
506 304 12 16 0.914641 
584 292 8 12 0.90113586 
506 335 14 18 0.8839991 
614 295 13 14 0.8815974 
554 294 8 13 0.8370692 
666 277 11 16 0.82302207 
498 288 9 13 0.72783446 
392 516 95 131 0.6711188 
311 310 12 14 0.6425331 
579 277 8 11 0.61930704 
486 269 9 12 0.58657753 
541 299 10 13 0.571538 
453 280 11 17 0.56299984 
536 269 7 9 0.49061474 
487 247 7 10 0.44952446 
405 283 11 13 0.36999282 
