12_Group_Team_Organized_Group_12_Group_Team_Organized_Group_12_617
28
194 190 49 63 0.9997682 
564 157 39 50 0.99900645 
907 193 45 49 0.9989254 
653 157 17 20 0.9987833 
806 161 18 24 0.99857795 
276 177 15 18 0.997926 
848 131 19 27 0.99781287 
68 203 24 27 0.99687505 
756 168 19 23 0.99564004 
358 228 20 27 0.994592 
348 176 13 16 0.9825127 
982 158 13 18 0.9364924 
258 220 19 26 0.8682944 
967 175 17 23 0.8627876 
715 150 13 23 0.81009746 
297 171 12 16 0.7500974 
734 155 16 25 0.69418454 
693 175 9 13 0.69267005 
639 685 54 47 0.66845953 
947 497 41 73 0.6589908 
740 157 12 21 0.6544387 
383 161 11 16 0.6426819 
440 202 8 12 0.63864905 
636 166 8 13 0.6149657 
273 226 17 28 0.56069154 
138 202 19 32 0.5216331 
915 467 75 117 0.3503538 
48 183 9 14 0.34717974 
