12_Group_Group_12_Group_Group_12_112
37
861 151 33 42 0.9998393 
257 113 38 46 0.9996295 
787 121 31 44 0.999574 
87 298 34 45 0.999542 
369 316 33 38 0.99947864 
180 305 41 44 0.99946016 
924 318 35 41 0.9994025 
456 479 36 39 0.9993673 
580 254 34 44 0.99933594 
258 315 34 42 0.9993026 
789 194 40 42 0.9992374 
641 484 33 38 0.9991985 
488 260 37 45 0.9991891 
615 237 28 38 0.999164 
367 153 33 38 0.99902165 
264 236 34 42 0.9989843 
469 147 32 38 0.9989779 
721 451 34 39 0.9988422 
789 456 32 39 0.9988129 
700 203 34 45 0.99877745 
364 261 34 45 0.9987155 
319 454 35 46 0.99851876 
150 230 33 42 0.9984939 
233 270 36 42 0.99841845 
580 142 31 43 0.99840194 
145 170 32 38 0.9983176 
186 482 36 39 0.9982451 
395 251 30 40 0.9982121 
853 242 36 45 0.99804294 
447 236 34 39 0.99778277 
527 212 31 41 0.99770087 
672 277 33 33 0.9976373 
543 483 33 37 0.9966732 
727 245 34 43 0.9957574 
741 317 34 39 0.99433124 
583 214 30 33 0.9935829 
703 158 35 49 0.97055864 
