21_Festival_Festival_21_373
26
78 181 38 52 0.9996276 
935 169 17 19 0.9947001 
398 203 21 22 0.9943203 
396 246 33 23 0.992822 
593 276 34 23 0.9906341 
872 181 16 18 0.98976386 
834 172 13 19 0.9752984 
859 221 21 20 0.9432045 
550 223 12 17 0.8255587 
567 192 8 11 0.7624793 
747 189 9 11 0.73924685 
728 187 7 10 0.7229663 
680 222 16 14 0.7108148 
392 251 32 26 0.651507 
646 215 13 16 0.5995559 
841 176 12 17 0.55144733 
606 213 11 14 0.51340276 
645 193 9 11 0.45479143 
604 217 11 14 0.444608 
846 186 14 13 0.4385603 
370 200 12 10 0.43054548 
801 190 11 15 0.40447167 
603 193 8 9 0.38261437 
692 197 8 11 0.3605021 
801 184 10 12 0.33905122 
650 212 10 15 0.32364124 
