21_Festival_Festival_21_526
49
158 754 26 34 0.94203204 
76 595 24 35 0.93522215 
623 629 17 21 0.9218292 
121 629 13 21 0.86057395 
259 676 14 17 0.8497865 
240 498 16 23 0.78462774 
466 773 12 20 0.76344085 
569 742 17 31 0.7106755 
985 555 13 19 0.7030136 
647 639 12 19 0.69183385 
849 760 14 19 0.6692133 
578 610 10 14 0.6642627 
934 736 10 16 0.63363034 
965 689 12 17 0.6277491 
43 527 13 19 0.6269803 
605 783 13 19 0.62499136 
642 738 20 33 0.6105222 
929 659 12 18 0.6058502 
828 570 13 16 0.592113 
1013 609 10 16 0.58945036 
987 669 11 17 0.56297266 
770 597 11 19 0.55627084 
225 661 12 16 0.55309474 
738 596 11 19 0.51991665 
1005 549 13 17 0.51877856 
493 797 12 23 0.5065131 
223 635 11 18 0.49855533 
86 483 8 10 0.49682897 
18 549 12 16 0.48855636 
928 737 18 23 0.48104903 
806 570 10 14 0.474451 
266 504 11 16 0.44596782 
584 513 12 18 0.41576415 
986 619 11 17 0.41315484 
914 578 11 12 0.40051368 
351 781 15 33 0.3979426 
797 527 10 13 0.3774184 
424 673 10 19 0.37601313 
884 577 13 16 0.36763138 
540 666 11 20 0.3599914 
787 768 37 49 0.35512552 
974 708 13 16 0.3543011 
885 653 13 22 0.33968282 
771 755 23 39 0.3355988 
290 750 14 19 0.32441643 
620 749 13 17 0.3211102 
714 574 9 14 0.31527683 
143 509 10 15 0.30954283 
25 528 11 15 0.3090756 
