21_Festival_Festival_21_943
20
114 194 9 14 0.90799874 
70 194 11 16 0.87895966 
189 195 11 13 0.87253726 
739 189 8 13 0.8341344 
806 187 10 16 0.8172441 
101 178 10 16 0.8020039 
295 188 15 21 0.73984087 
504 457 52 109 0.7349743 
353 177 10 16 0.6740365 
831 195 9 14 0.66896343 
708 194 12 14 0.64392954 
543 191 7 10 0.55797416 
889 179 11 15 0.5142423 
156 197 10 13 0.48972246 
169 194 8 11 0.48601893 
761 187 9 12 0.48580033 
293 183 15 20 0.46632633 
882 175 9 19 0.35150945 
325 193 7 14 0.33416733 
186 193 10 14 0.30433118 
