21_Festival_Festival_21_107
20
918 182 23 26 0.9903047 
689 220 31 42 0.9839969 
600 186 40 49 0.9547202 
177 212 60 92 0.9424354 
567 202 25 31 0.9159441 
792 200 25 30 0.90045553 
1 324 169 196 0.8991579 
962 184 18 24 0.89272755 
999 189 21 22 0.8802725 
840 187 22 27 0.8391597 
844 258 20 24 0.8316774 
723 223 27 39 0.7691219 
475 204 38 53 0.7009446 
415 373 25 47 0.6276732 
732 288 14 18 0.57293755 
387 323 26 30 0.5301441 
598 192 28 37 0.5204573 
686 377 10 12 0.43104634 
944 188 16 17 0.42619476 
396 365 39 58 0.34021413 
