44_Aerobics_Aerobics_44_852
21
387 273 38 43 0.99983084 
699 260 41 45 0.9998178 
487 231 22 28 0.9995449 
943 202 23 23 0.9994956 
92 257 22 26 0.9993773 
328 223 18 22 0.9992298 
236 258 27 32 0.99921167 
222 224 16 18 0.99917656 
438 252 29 35 0.99893826 
349 214 16 18 0.9983113 
908 191 19 20 0.99806017 
0 243 12 16 0.99675024 
169 242 17 19 0.9955694 
120 290 27 39 0.9895375 
264 241 21 28 0.9877032 
189 238 16 17 0.9841201 
494 203 13 14 0.94450355 
674 226 21 21 0.9412341 
685 238 26 31 0.83865273 
711 228 22 25 0.73704237 
612 201 16 26 0.3201852 
