44_Aerobics_Aerobics_44_688
19
275 265 227 331 0.9959488 
766 754 174 250 0.7101828 
352 309 154 247 0.70340604 
144 851 187 152 0.6978121 
721 455 102 185 0.67021304 
635 975 328 330 0.6521194 
542 340 78 148 0.6411995 
563 576 125 146 0.60069686 
557 547 229 396 0.56353396 
759 973 265 368 0.53105175 
682 678 342 765 0.5199824 
663 457 118 168 0.5020824 
760 641 240 383 0.44575334 
911 822 113 202 0.43603605 
790 1157 166 187 0.43565458 
901 981 123 407 0.40819085 
754 390 131 209 0.36467126 
647 1070 344 353 0.31404826 
506 606 466 750 0.30545273 
