47_Matador_Bullfighter_matadorbullfighting_47_731
22
576 139 21 26 0.9567184 
423 171 20 20 0.9489142 
13 167 13 14 0.7299695 
996 129 14 14 0.61042166 
494 115 14 14 0.5642104 
29 152 12 14 0.56074107 
529 182 12 14 0.5532994 
72 148 12 14 0.5353167 
973 137 13 13 0.45501593 
40 126 12 14 0.42768648 
141 10 11 14 0.4067702 
948 13 11 12 0.38876787 
389 148 11 12 0.38324034 
678 114 13 13 0.3822041 
1 148 12 15 0.35377675 
985 103 13 15 0.35293835 
907 135 12 14 0.33875185 
780 137 11 12 0.3358594 
1014 86 10 12 0.32967854 
1006 4 11 13 0.32250604 
18 137 12 12 0.3145063 
35 97 10 12 0.31273615 
