38_Tennis_Tennis_38_535
43
370 407 20 25 0.99958605 
433 448 21 29 0.9995332 
505 472 24 30 0.9995208 
206 433 21 25 0.9992612 
479 317 20 25 0.99887484 
322 385 22 24 0.99865556 
895 490 24 27 0.9986388 
467 265 19 25 0.998629 
715 318 19 26 0.99861825 
656 463 20 26 0.9985526 
778 308 21 26 0.9983473 
509 316 21 25 0.998307 
134 457 22 25 0.99816006 
515 423 22 28 0.9981468 
45 450 24 27 0.9980725 
863 325 21 26 0.99801093 
147 306 20 27 0.99740833 
461 422 22 30 0.99714404 
357 313 19 25 0.99618274 
436 415 19 25 0.9958728 
648 421 19 27 0.99570036 
377 451 21 28 0.99569774 
173 276 20 27 0.995414 
763 428 20 27 0.9949825 
193 341 19 23 0.99422884 
140 415 21 25 0.99395174 
241 286 19 25 0.9938945 
596 424 19 25 0.99365014 
363 511 24 31 0.9936473 
550 467 22 27 0.9935167 
580 307 21 28 0.99346113 
398 321 20 24 0.9925995 
289 462 19 27 0.990635 
709 420 18 23 0.99056435 
293 292 18 23 0.9892698 
232 318 20 24 0.9889236 
643 314 19 23 0.98651147 
818 471 21 29 0.982467 
419 315 20 28 0.9561645 
330 448 19 28 0.9543448 
247 422 20 26 0.84571207 
208 303 18 25 0.7440619 
576 417 16 23 0.3086677 
