38_Tennis_Tennis_38_371
25
763 281 31 41 0.999938 
344 296 28 35 0.9998932 
550 371 32 42 0.9998467 
129 200 26 31 0.99980813 
444 213 25 32 0.9998023 
492 203 23 27 0.9997929 
568 287 29 36 0.9997819 
324 206 23 27 0.99976844 
232 199 25 30 0.9997434 
784 197 28 33 0.99972373 
653 199 24 25 0.9997073 
527 211 24 31 0.9996935 
476 368 31 39 0.99967444 
172 191 26 32 0.99965763 
815 191 23 27 0.9996195 
877 190 27 28 0.9995882 
695 191 28 31 0.9995159 
278 201 25 32 0.9994918 
665 277 29 36 0.99946123 
379 211 25 31 0.9994286 
567 196 24 27 0.9994112 
413 206 23 28 0.9993136 
611 218 25 30 0.9992453 
439 300 29 36 0.9987968 
730 188 23 28 0.99858814 
