1_Handshaking_Handshaking_1_602
29
290 288 17 16 0.9955491 
925 250 31 22 0.97694707 
249 347 28 22 0.94172496 
675 314 22 15 0.94171786 
118 304 22 20 0.90378743 
915 269 11 15 0.7986861 
842 235 11 16 0.7937985 
375 242 13 17 0.7665097 
644 223 10 13 0.68787485 
674 308 18 19 0.6839039 
679 231 8 11 0.6022856 
509 224 8 11 0.5993483 
722 258 12 16 0.5325218 
688 227 9 12 0.52395564 
189 187 9 13 0.4933186 
676 304 12 19 0.48802644 
400 335 29 17 0.4875535 
436 232 10 13 0.45864528 
138 197 7 11 0.45634004 
610 293 11 19 0.45631483 
753 245 8 10 0.39168358 
576 219 9 11 0.38173297 
468 263 20 14 0.37710023 
231 349 42 19 0.37323362 
546 225 8 11 0.36939964 
361 235 11 17 0.36140278 
611 229 8 12 0.35855925 
231 348 25 18 0.31746358 
718 236 10 14 0.30236703 
