5_Car_Accident_Accident_5_628
20
177 220 22 29 0.99726844 
266 278 29 34 0.99606884 
326 218 24 26 0.99518627 
230 236 22 27 0.98939663 
856 205 24 29 0.9858095 
377 151 22 29 0.97604465 
43 150 23 29 0.9705157 
612 113 65 52 0.95252967 
157 311 27 39 0.93281776 
440 190 19 27 0.884903 
937 291 25 29 0.8431148 
77 219 25 25 0.8413196 
913 239 21 28 0.8011773 
581 24 28 42 0.7019876 
283 172 20 30 0.6023387 
276 232 18 22 0.5725622 
941 550 22 24 0.42463434 
0 239 14 35 0.38935202 
903 495 24 29 0.34018636 
469 401 30 25 0.3304998 
