5_Car_Accident_Accident_5_177
23
303 211 18 20 0.9990382 
696 196 19 25 0.998879 
747 185 18 21 0.9987679 
393 208 18 22 0.9977291 
834 217 21 23 0.99707437 
810 274 22 28 0.9935023 
976 212 18 27 0.9872612 
892 216 21 24 0.9835791 
870 256 17 25 0.9767978 
596 131 15 17 0.95486355 
904 162 14 17 0.9413356 
907 240 18 26 0.9100212 
988 189 16 18 0.8811634 
638 231 16 25 0.824907 
251 402 73 111 0.56648797 
776 414 13 29 0.5662774 
858 340 20 42 0.554704 
883 182 13 17 0.5125332 
833 331 31 25 0.38474298 
689 416 14 16 0.3758995 
634 147 29 28 0.375569 
832 329 20 24 0.35408744 
727 430 39 33 0.32413152 
