58_Hockey_icehockey_puck_58_384
23
225 208 32 29 0.9996171 
545 254 26 26 0.9949922 
607 225 28 34 0.99452883 
530 438 30 39 0.9943558 
422 494 31 35 0.99296886 
347 572 35 47 0.9905738 
554 302 26 36 0.98678803 
738 130 29 26 0.97711253 
845 25 22 27 0.9748184 
772 59 23 27 0.9646109 
464 207 22 19 0.8293225 
600 192 18 28 0.7826949 
759 105 25 26 0.7504219 
632 76 20 24 0.7364293 
853 1 24 26 0.6616367 
644 122 20 21 0.6224157 
0 493 36 48 0.6134294 
659 188 23 29 0.59779876 
839 75 20 24 0.34617597 
506 333 24 35 0.34273142 
514 348 36 32 0.3229982 
682 73 23 24 0.31895292 
142 517 30 31 0.31225395 
