58_Hockey_icehockey_puck_58_245
23
474 117 30 36 0.9998406 
410 81 29 39 0.99980634 
528 100 30 39 0.9998056 
381 102 28 39 0.9997943 
352 207 30 36 0.9997886 
253 204 30 40 0.9997677 
676 53 30 40 0.99975425 
812 53 27 37 0.99973017 
612 72 27 36 0.9996778 
280 77 29 39 0.99965537 
613 196 29 37 0.99961555 
103 93 31 41 0.99960953 
154 76 29 33 0.9995921 
733 62 28 39 0.9995796 
200 121 28 35 0.9995585 
841 198 28 38 0.99954396 
883 44 30 39 0.99951136 
612 363 30 42 0.99943954 
199 225 32 42 0.99941754 
100 192 31 34 0.9993851 
900 170 33 39 0.99938405 
682 290 26 37 0.9991636 
436 195 32 40 0.9985788 
