58_Hockey_icehockey_puck_58_212
51
598 74 53 76 0.9995407 
178 156 25 32 0.9979182 
140 161 23 30 0.9976915 
63 172 22 31 0.9948685 
254 117 22 29 0.9938344 
989 157 22 26 0.99264413 
648 49 20 24 0.9888837 
498 40 22 26 0.9884694 
942 155 21 25 0.9878842 
219 74 22 27 0.9855945 
238 30 20 25 0.98200846 
379 74 19 25 0.98003435 
513 83 23 26 0.9798135 
139 77 23 28 0.9707925 
775 51 15 21 0.93630016 
430 83 20 24 0.86853653 
970 111 19 25 0.85170937 
854 158 18 25 0.84912527 
289 36 18 24 0.83306617 
403 10 17 21 0.81124365 
960 91 15 19 0.80549425 
130 41 18 20 0.7999472 
363 134 16 21 0.7608018 
374 46 15 23 0.72183454 
878 17 17 22 0.6482327 
913 118 18 23 0.6403768 
420 53 14 18 0.6218718 
432 121 23 27 0.60770446 
187 0 19 16 0.6050331 
63 83 18 29 0.58596337 
39 43 16 16 0.5844839 
797 53 14 16 0.5718216 
431 8 17 22 0.5706663 
356 32 13 16 0.5376971 
828 62 14 16 0.53655195 
203 35 21 24 0.51373625 
868 54 15 20 0.5116353 
597 5 17 23 0.51104844 
997 102 13 15 0.5077056 
966 55 13 16 0.4861084 
0 175 12 29 0.47798705 
104 40 18 23 0.46753162 
355 134 21 21 0.46453705 
787 89 18 24 0.40213084 
507 131 20 25 0.3919622 
500 0 15 10 0.3812052 
258 13 13 19 0.3271178 
929 87 19 21 0.32167488 
938 15 12 17 0.316902 
660 0 20 18 0.31113157 
349 76 18 23 0.30404222 
