58_Hockey_icehockey_puck_58_825
22
596 113 28 35 0.99993503 
212 115 28 38 0.9998779 
296 117 27 36 0.9998652 
821 117 29 39 0.99985206 
573 229 33 41 0.9998412 
210 228 34 45 0.9998191 
792 218 32 40 0.9997589 
477 216 28 41 0.99972886 
252 111 26 33 0.9997105 
347 104 25 32 0.99968994 
769 101 27 34 0.9996792 
343 212 31 44 0.99966955 
714 119 27 39 0.99966526 
639 103 26 33 0.9996195 
684 221 30 39 0.9995877 
107 110 28 37 0.99952435 
498 125 27 33 0.99951816 
96 384 43 47 0.9994795 
453 88 26 29 0.9994783 
391 116 26 31 0.99946755 
545 100 27 34 0.999451 
841 396 40 47 0.99826944 
