58_Hockey_icehockey_puck_58_835
24
355 177 32 38 0.9998815 
162 399 37 46 0.99971265 
247 242 32 45 0.99970007 
444 238 32 40 0.99965644 
770 255 31 43 0.99964607 
53 305 36 51 0.99960667 
354 237 35 46 0.999582 
853 407 35 47 0.9995466 
598 245 31 37 0.99953973 
311 412 33 44 0.9995345 
678 249 29 39 0.9995184 
701 406 36 43 0.9994235 
439 409 37 53 0.9993795 
290 174 29 40 0.9993678 
148 242 32 43 0.99932504 
693 201 28 34 0.99921 
626 196 26 34 0.99893206 
515 242 30 37 0.9988777 
217 180 29 40 0.99887186 
450 179 28 35 0.99887174 
561 401 36 52 0.99883753 
877 305 30 40 0.9983341 
551 184 30 35 0.99807835 
763 211 27 38 0.99729174 
