58_Hockey_icehockey_puck_58_469
39
550 211 35 43 0.99954766 
369 238 37 44 0.9971539 
99 83 19 26 0.99424237 
215 60 18 21 0.9914928 
22 84 22 27 0.9912571 
66 93 20 24 0.98981863 
619 112 21 24 0.977745 
304 56 16 20 0.9714073 
160 82 19 23 0.95787024 
415 25 16 22 0.9484287 
573 106 18 20 0.94601965 
398 88 20 22 0.9456372 
337 113 16 18 0.9273337 
477 88 19 21 0.91942906 
361 62 15 20 0.91780406 
648 114 17 21 0.911303 
739 136 15 20 0.84651816 
89 3 15 18 0.8460373 
721 24 14 19 0.81794727 
333 75 18 20 0.81000715 
524 164 18 20 0.8078732 
888 68 13 18 0.79980946 
952 76 13 19 0.7834861 
464 14 16 21 0.7725187 
785 159 13 18 0.7611018 
498 23 13 16 0.7488367 
551 142 17 23 0.72104794 
683 25 15 16 0.69749165 
865 117 13 16 0.69565266 
621 0 13 9 0.66508394 
259 48 13 17 0.6601826 
831 119 12 15 0.6437017 
89 227 26 47 0.6091392 
838 162 12 18 0.60298336 
905 169 11 16 0.5432757 
928 155 13 16 0.47501788 
7 45 16 21 0.4056883 
218 26 11 14 0.3801574 
866 158 10 17 0.31544426 
