21_Festival_Festival_21_604
27
163 625 23 24 0.9434088 
73 592 16 19 0.7990263 
206 624 24 27 0.74358517 
730 584 17 21 0.693958 
893 658 20 20 0.68656814 
11 546 16 17 0.6611474 
792 646 26 27 0.6368238 
762 555 17 21 0.6367749 
922 534 15 16 0.60095334 
28 496 12 16 0.5562614 
201 495 12 16 0.5231729 
286 596 20 24 0.4708565 
384 649 21 25 0.46511424 
208 594 14 19 0.4590015 
57 560 14 17 0.45527804 
697 576 14 16 0.4486523 
394 620 13 17 0.3934582 
687 503 12 16 0.3873664 
717 574 14 15 0.38492534 
101 537 13 17 0.3807158 
946 462 12 15 0.36365676 
714 510 12 14 0.35863045 
60 504 12 14 0.3430018 
963 643 14 20 0.3361434 
950 523 12 15 0.3317218 
59 626 15 17 0.31014165 
173 493 14 14 0.30113307 
