11_Meeting_Meeting_11_Meeting_Meeting_11_574
57
957 333 33 41 0.9987312 
850 294 28 35 0.9979327 
263 298 20 29 0.99791986 
713 321 30 38 0.99780315 
348 301 23 28 0.99679285 
640 286 23 30 0.99596965 
802 265 20 28 0.99485517 
198 291 22 28 0.99323577 
122 297 22 25 0.98809075 
532 243 16 22 0.98546904 
305 259 14 20 0.9851474 
357 256 15 24 0.98507535 
688 260 19 28 0.98400235 
436 216 13 21 0.98332083 
400 276 18 26 0.9792063 
516 208 12 17 0.9701811 
974 290 29 31 0.9583211 
455 221 14 17 0.95789814 
588 194 10 13 0.94469327 
872 216 16 17 0.94301355 
495 222 12 21 0.9403197 
510 238 12 17 0.93874156 
863 242 19 25 0.9366604 
355 237 13 17 0.9212769 
567 200 11 13 0.91880953 
555 200 11 14 0.91745394 
484 258 16 24 0.916788 
742 291 22 29 0.9156346 
818 185 12 15 0.9037193 
527 206 11 16 0.90263146 
805 237 14 17 0.890481 
593 231 12 16 0.88838243 
919 194 11 15 0.86323714 
729 241 15 19 0.8277049 
784 207 11 17 0.81991255 
771 208 11 14 0.8183494 
784 256 18 29 0.8133721 
411 240 17 23 0.78835714 
753 219 13 17 0.74121046 
570 212 11 15 0.7199505 
551 231 14 22 0.70622236 
931 202 13 17 0.69870186 
399 253 16 23 0.6822069 
952 257 19 31 0.64995027 
927 219 14 17 0.64980316 
468 242 17 21 0.64540535 
129 55 17 31 0.56410605 
903 363 12 21 0.55238533 
921 359 29 51 0.5477129 
704 249 21 26 0.5141532 
947 237 10 15 0.49095333 
690 314 19 22 0.47129214 
763 257 18 24 0.4671319 
770 263 11 15 0.35857943 
823 208 11 15 0.35437253 
625 220 11 13 0.32696852 
51 334 37 72 0.32018077 
