11_Meeting_Meeting_11_Meeting_Meeting_11_385
41
768 213 42 50 0.9996536 
831 90 25 35 0.9988387 
281 177 24 36 0.99732083 
359 152 17 24 0.99689096 
659 159 24 31 0.9965268 
960 167 18 18 0.99639267 
160 207 29 46 0.99184227 
713 168 24 34 0.9902498 
824 214 51 47 0.98469216 
909 162 17 21 0.98136216 
73 222 36 55 0.9781477 
600 147 13 15 0.96813285 
297 169 18 25 0.9611116 
942 247 53 81 0.955145 
773 145 13 17 0.9418033 
575 109 11 13 0.9321698 
434 102 9 12 0.92894566 
614 147 14 18 0.9045315 
703 111 9 12 0.90034103 
804 172 24 36 0.88172644 
735 101 9 10 0.82607585 
642 155 17 23 0.7515486 
453 147 13 16 0.74430114 
385 149 13 16 0.7370749 
191 269 27 24 0.7249715 
663 132 8 9 0.7190251 
652 142 11 14 0.6986684 
524 102 9 13 0.6133357 
883 179 20 23 0.57751703 
759 144 12 18 0.57076323 
41 262 39 69 0.55648875 
715 109 9 12 0.53588825 
792 139 11 14 0.48671436 
662 442 25 28 0.46540874 
972 163 13 19 0.45723778 
618 145 15 18 0.4403535 
135 391 42 56 0.38922456 
316 118 13 16 0.33733013 
324 195 15 23 0.31009272 
735 139 8 10 0.3099693 
760 144 20 20 0.30438587 
