11_Meeting_Meeting_11_Meeting_Meeting_11_587
99
221 314 17 23 0.99865925 
261 241 12 13 0.9933297 
589 302 16 19 0.99049544 
7 184 12 13 0.9888783 
773 273 11 15 0.9882996 
734 249 14 20 0.98386985 
316 238 12 16 0.97193843 
276 312 15 17 0.97055054 
159 253 13 18 0.9676098 
545 221 8 13 0.9668384 
721 297 17 20 0.9660714 
46 170 9 11 0.9633757 
492 220 10 13 0.96250594 
417 305 19 24 0.9624535 
805 321 15 21 0.96025574 
446 180 8 10 0.9599891 
650 282 17 20 0.959719 
194 188 10 11 0.95631266 
851 288 14 18 0.95602053 
560 300 14 16 0.9550277 
959 238 12 15 0.95486987 
490 188 9 10 0.950295 
658 202 9 13 0.9427049 
563 321 15 21 0.94065017 
517 182 9 10 0.93536055 
1007 245 13 14 0.9301139 
101 181 8 10 0.9236424 
333 256 10 13 0.92005026 
461 164 6 8 0.91874677 
383 178 10 11 0.91239786 
190 242 12 12 0.9110323 
765 250 11 15 0.90945673 
56 185 9 10 0.9051803 
877 227 10 15 0.90060085 
920 234 11 11 0.8945524 
544 255 9 9 0.88949835 
262 188 10 12 0.8868035 
418 178 8 13 0.8785351 
474 192 9 11 0.83234936 
907 276 12 15 0.83190095 
803 351 16 24 0.82980615 
241 130 6 9 0.8040851 
642 214 10 13 0.79324013 
322 198 11 15 0.759475 
570 235 10 14 0.7416347 
645 141 7 9 0.7402935 
276 172 9 11 0.73899984 
558 188 9 11 0.7349732 
914 382 13 14 0.70926243 
418 161 8 12 0.69817317 
735 156 6 8 0.6809242 
233 191 9 12 0.680755 
760 170 7 10 0.6729643 
751 216 8 11 0.6642351 
927 267 9 11 0.6630117 
862 160 7 10 0.66116345 
94 173 7 8 0.6455313 
312 259 9 15 0.6414613 
491 177 9 11 0.6328844 
258 281 9 13 0.6319569 
728 206 8 10 0.629561 
428 358 13 17 0.6236462 
520 254 7 12 0.61892295 
613 370 12 19 0.6149985 
1015 158 7 9 0.60374457 
654 286 19 19 0.5963314 
240 172 8 11 0.5907393 
762 149 5 8 0.5879557 
910 163 6 8 0.5757651 
477 170 8 12 0.5738535 
776 174 7 10 0.56946325 
771 159 7 10 0.551158 
347 293 9 17 0.54718786 
434 323 14 20 0.5335354 
497 129 6 7 0.5304229 
316 191 8 11 0.52150625 
304 149 6 8 0.51634234 
122 169 7 10 0.5014853 
426 159 7 10 0.48387265 
944 261 10 10 0.4788448 
503 169 7 7 0.46160036 
531 175 6 11 0.45861614 
737 226 8 9 0.443513 
362 171 7 11 0.43309712 
805 359 19 24 0.42161003 
201 275 10 15 0.41211113 
817 253 16 19 0.41074604 
115 158 7 8 0.40900803 
1000 161 6 8 0.40865526 
820 259 12 13 0.40407956 
389 363 13 14 0.37982312 
1000 400 24 43 0.3716992 
526 168 6 7 0.36806053 
871 259 14 21 0.3640324 
304 170 8 9 0.3603092 
524 241 13 18 0.3370621 
428 221 11 12 0.3158347 
348 296 17 17 0.31549147 
483 242 10 14 0.3007055 
