11_Meeting_Meeting_11_Meeting_Meeting_11_26
33
218 270 20 26 0.9994387 
781 266 18 23 0.9987356 
341 238 15 16 0.9986003 
308 252 15 17 0.99761117 
827 296 21 25 0.99659747 
249 259 16 20 0.99544 
807 276 18 24 0.99531823 
526 221 8 10 0.9920185 
692 244 11 14 0.991295 
749 250 11 19 0.99117565 
673 237 11 13 0.9909637 
654 236 11 13 0.99058986 
632 232 11 14 0.9815207 
271 253 12 20 0.9815182 
422 232 11 13 0.9804223 
402 235 10 15 0.9761479 
611 228 9 11 0.9755652 
165 234 12 12 0.9739242 
378 237 12 12 0.9659057 
727 248 15 20 0.95977694 
179 281 18 29 0.9542734 
444 231 9 12 0.9370615 
459 226 9 12 0.93442816 
1005 204 10 13 0.928777 
208 284 11 22 0.9193749 
157 306 19 32 0.88453376 
248 226 10 11 0.83220315 
295 249 10 17 0.8158753 
265 201 8 10 0.57713544 
264 256 11 16 0.47762004 
706 248 9 11 0.45729065 
183 233 9 12 0.40874368 
863 319 22 29 0.32650137 
