21_Festival_Festival_21_193
31
205 444 34 37 0.9996376 
237 412 16 23 0.9700512 
628 441 21 35 0.9620408 
171 391 14 23 0.96170926 
210 384 14 20 0.95398235 
715 458 21 35 0.9437787 
817 431 20 26 0.85660976 
377 412 14 17 0.79879636 
959 358 12 13 0.7554852 
133 379 11 15 0.7417673 
802 408 12 17 0.7018506 
266 390 11 15 0.67440337 
1015 350 9 12 0.64188313 
459 370 8 14 0.5738085 
990 407 12 18 0.5314135 
4 506 43 61 0.51489776 
261 485 43 51 0.47878265 
397 464 18 35 0.4772674 
941 385 14 13 0.45595944 
441 470 25 40 0.45236796 
652 409 13 19 0.42375767 
998 495 26 35 0.4186989 
19 495 45 64 0.404555 
977 443 13 23 0.40221274 
786 485 26 44 0.36747319 
378 389 8 11 0.34575307 
636 413 14 14 0.3353702 
992 489 24 38 0.32834467 
8 362 15 18 0.31536612 
793 385 8 11 0.3093266 
691 584 56 73 0.3018779 
