21_Festival_Festival_21_395
23
516 275 40 55 0.9998198 
547 125 32 45 0.9989416 
407 261 33 44 0.9987281 
690 262 30 43 0.9980248 
561 398 41 55 0.9979054 
768 412 30 46 0.9969181 
666 500 14 20 0.887626 
304 260 21 31 0.86416405 
420 590 17 17 0.8241983 
747 596 57 86 0.76971966 
133 488 16 26 0.562618 
58 621 44 62 0.49838704 
84 561 17 26 0.48868212 
2 554 17 30 0.48524883 
558 593 23 51 0.4458858 
25 491 11 14 0.39795455 
854 448 26 33 0.39694932 
76 483 16 24 0.39067572 
748 601 34 68 0.37016007 
198 392 22 34 0.35516602 
596 405 22 48 0.32450917 
20 468 12 14 0.31759992 
296 257 24 35 0.30587053 
