21_Festival_Festival_21_219
25
567 279 75 112 0.9996277 
67 396 12 19 0.99232835 
583 436 9 13 0.96415627 
827 137 10 13 0.9096908 
645 441 8 11 0.875478 
976 140 11 15 0.863242 
609 437 8 11 0.85360575 
871 143 11 14 0.82402503 
51 395 11 14 0.77300066 
944 140 11 15 0.750137 
559 446 8 11 0.72103894 
862 138 10 15 0.68337744 
904 149 10 13 0.67217475 
631 451 9 10 0.65449286 
890 146 10 13 0.5275948 
670 447 7 10 0.48695683 
181 348 11 15 0.4714203 
697 443 6 8 0.44088253 
732 165 13 16 0.40333813 
551 442 7 9 0.38060802 
319 540 7 9 0.36205524 
316 447 10 12 0.3404883 
13 559 8 12 0.33704653 
962 149 9 13 0.31711805 
25 564 8 11 0.31470832 
