21_Festival_Festival_21_943
19
189 193 11 15 0.94361603 
295 184 15 22 0.9128467 
739 189 8 13 0.87623954 
102 178 11 16 0.8688813 
156 198 10 13 0.7595435 
806 189 9 15 0.73265237 
70 196 11 15 0.7104417 
707 194 11 15 0.6558015 
830 193 10 15 0.6533329 
354 177 9 15 0.6471542 
760 186 10 13 0.5750641 
542 190 7 12 0.5356412 
550 180 10 15 0.53093123 
114 194 9 15 0.48075542 
507 464 49 92 0.45929077 
53 176 8 13 0.429901 
887 180 12 16 0.3463967 
882 177 11 18 0.33885598 
495 193 7 9 0.31732568 
