38_Tennis_Tennis_38_371
25
344 297 28 33 0.9998895 
763 283 30 38 0.99988043 
232 199 25 29 0.9998517 
324 205 22 27 0.99977964 
816 191 22 26 0.9997584 
444 214 25 31 0.9997377 
527 212 24 29 0.9997358 
129 200 26 31 0.9996983 
569 286 29 37 0.9996948 
567 196 24 27 0.9996791 
785 197 27 32 0.9996475 
413 205 23 28 0.99961156 
379 211 25 31 0.9995926 
879 189 24 29 0.9995796 
477 365 30 43 0.9995011 
654 199 23 25 0.99947804 
490 203 25 26 0.99943835 
278 201 25 31 0.999387 
695 191 28 30 0.9993181 
173 190 25 33 0.99928766 
731 189 21 27 0.99926823 
665 277 29 37 0.99920243 
611 217 25 31 0.9990693 
439 300 29 36 0.9988041 
550 371 30 42 0.9987921 
