14_Traffic_Traffic_14_380
20
770 118 14 24 0.9992275 
45 164 27 33 0.9937028 
649 195 30 41 0.9928604 
297 234 91 85 0.99067277 
717 225 43 59 0.9826969 
539 190 33 40 0.97991735 
493 185 25 36 0.9751213 
191 158 22 27 0.96986043 
0 150 18 26 0.94249034 
225 166 18 24 0.8962765 
700 625 76 66 0.89260036 
915 257 80 118 0.88090193 
1004 149 13 18 0.719253 
118 160 20 36 0.71362996 
600 459 62 47 0.6362812 
454 157 16 25 0.6249781 
896 200 54 67 0.5460503 
411 175 31 50 0.32888016 
893 230 121 164 0.31399336 
604 434 66 82 0.31124628 
