16_Award_Ceremony_Awards_Ceremony_16_73
74
408 145 37 49 0.99971026 
726 90 41 52 0.9995766 
259 121 37 47 0.9992493 
617 144 37 52 0.9989121 
204 54 18 24 0.9987877 
318 76 31 35 0.9986639 
91 72 19 24 0.9954686 
864 38 15 17 0.99028474 
987 33 15 20 0.9890753 
266 79 17 21 0.9875974 
720 40 18 23 0.9855541 
641 81 15 17 0.9811164 
239 58 16 18 0.9797062 
568 78 16 17 0.97929513 
603 22 14 16 0.95093787 
18 75 19 23 0.9464516 
653 22 15 18 0.94508344 
537 46 14 18 0.94471616 
493 62 13 17 0.9439587 
686 26 13 17 0.9429321 
445 53 14 18 0.942211 
852 21 14 17 0.9398864 
364 49 16 20 0.9392552 
624 72 14 17 0.92865914 
185 67 17 22 0.9280185 
992 0 13 18 0.92123485 
720 15 15 16 0.9206521 
431 81 15 17 0.9175507 
618 31 14 16 0.91750926 
6 80 16 19 0.9143493 
473 30 13 15 0.88223964 
701 1 14 17 0.8746623 
610 63 12 16 0.8686483 
700 32 14 16 0.8476886 
345 88 13 21 0.8436947 
908 113 17 35 0.8382318 
595 77 15 17 0.82930547 
171 58 11 15 0.82709926 
698 42 14 18 0.81765914 
565 29 14 18 0.8076063 
638 46 13 17 0.78818566 
814 31 11 16 0.7681797 
145 60 14 18 0.72886896 
569 52 15 16 0.7277815 
973 22 12 16 0.71555054 
463 61 13 16 0.70634997 
52 59 13 19 0.7054596 
413 62 15 25 0.7038935 
417 48 13 15 0.692651 
791 135 20 28 0.6915999 
654 36 16 21 0.6900042 
345 38 12 15 0.6408048 
458 48 14 17 0.62418294 
336 83 20 27 0.60892206 
787 38 10 12 0.59296364 
213 334 10 14 0.58998036 
890 34 11 16 0.5896212 
490 26 13 15 0.58568925 
238 84 14 19 0.584397 
772 1 12 14 0.5531098 
367 10 9 13 0.5515566 
458 58 17 22 0.48645526 
750 39 18 22 0.48008457 
833 34 15 20 0.4684933 
533 64 13 15 0.4452981 
582 19 12 15 0.42266327 
345 60 17 22 0.42186362 
835 32 12 14 0.36263013 
586 48 12 13 0.357654 
919 37 13 16 0.33790597 
391 41 14 18 0.33508822 
656 65 14 15 0.33158392 
595 68 14 19 0.3150955 
875 18 11 14 0.3035699 
