16_Award_Ceremony_Awards_Ceremony_16_4
20
370 302 15 23 0.97253954 
40 261 10 11 0.8506648 
629 263 8 11 0.79409266 
910 269 10 14 0.76039 
1000 276 24 32 0.74658775 
83 258 18 23 0.67158145 
381 280 11 15 0.6278602 
559 329 18 35 0.558303 
302 296 9 18 0.5492311 
861 280 12 21 0.483686 
847 274 15 27 0.47257623 
90 261 12 15 0.44832864 
964 265 17 21 0.43119347 
786 0 192 70 0.4066199 
111 0 146 66 0.40601522 
958 270 11 13 0.3755639 
1012 240 12 11 0.35453013 
855 276 15 24 0.33431083 
511 335 18 37 0.30976734 
958 267 17 18 0.3043528 
