25_Soldier_Patrol_Soldier_Patrol_25_1029
19
514 385 39 63 0.99956995 
456 175 48 57 0.9993718 
119 435 62 76 0.9992818 
502 184 29 42 0.99909234 
660 312 33 37 0.999086 
553 329 33 39 0.9989704 
581 142 31 45 0.9989599 
154 196 50 61 0.99895537 
872 169 43 47 0.9985905 
253 356 58 72 0.9984675 
609 297 39 41 0.99742633 
247 179 45 56 0.9969408 
736 143 52 72 0.9961708 
716 186 34 43 0.9950971 
656 195 26 35 0.97204685 
388 182 9 10 0.4697747 
680 202 24 31 0.41460377 
433 163 10 13 0.3802913 
399 187 8 10 0.34947297 
