25_Soldier_Patrol_Soldier_Patrol_25_515
28
787 309 16 23 0.99816823 
720 302 19 25 0.99745005 
616 323 13 17 0.9964483 
637 312 17 20 0.9894432 
536 312 13 18 0.9774226 
57 307 14 20 0.9757036 
804 295 16 25 0.9722998 
477 320 13 19 0.9696993 
836 312 16 25 0.9652545 
699 317 16 22 0.96271163 
911 312 12 19 0.948565 
668 313 14 20 0.9435517 
522 317 12 16 0.9396736 
861 306 11 19 0.9114623 
417 318 14 18 0.9053267 
373 319 12 19 0.88843775 
886 327 17 25 0.87005794 
576 323 15 19 0.84273976 
564 339 12 16 0.830575 
394 313 13 17 0.80710876 
366 298 11 18 0.7964523 
734 324 11 18 0.69309974 
461 314 12 21 0.68277055 
925 310 13 19 0.4602862 
469 316 11 18 0.40167722 
441 333 10 17 0.36734876 
530 315 11 16 0.35866082 
658 320 12 17 0.3369283 
