38_Tennis_Tennis_38_535
42
715 317 19 27 0.9994523 
515 422 22 30 0.99905413 
864 324 20 28 0.998901 
46 449 23 27 0.9987943 
467 264 19 25 0.9983858 
656 464 21 26 0.9980128 
763 427 20 29 0.9978428 
779 307 21 27 0.9978422 
507 471 22 32 0.9977806 
206 432 20 26 0.9977604 
462 422 22 31 0.9974807 
323 383 21 27 0.99710315 
479 316 20 26 0.99686927 
433 446 22 32 0.9967726 
140 414 21 25 0.99530065 
290 460 18 29 0.9949062 
580 304 20 30 0.99483067 
376 450 23 29 0.99465734 
397 321 20 23 0.99390715 
895 490 24 27 0.9936434 
193 341 19 23 0.9933842 
370 406 20 27 0.99314195 
172 275 21 29 0.99274105 
357 313 20 25 0.99228525 
709 418 17 25 0.9915131 
596 423 19 27 0.9914282 
133 455 23 28 0.99014986 
509 315 21 27 0.98936546 
648 423 18 26 0.98901284 
242 286 19 25 0.9883718 
147 306 21 28 0.9880944 
643 312 19 26 0.98716986 
292 292 17 22 0.9866176 
435 413 21 27 0.98624426 
232 317 19 25 0.9857255 
364 513 21 28 0.9746583 
816 468 25 35 0.96799135 
551 467 20 27 0.94730324 
420 315 19 28 0.9052607 
330 449 18 29 0.8428004 
257 314 14 26 0.38541237 
208 301 17 24 0.3427752 
