38_Tennis_Tennis_38_232
31
807 331 14 18 0.9984114 
1015 257 8 14 0.9936806 
733 251 9 14 0.9905274 
164 223 8 12 0.9104529 
1016 39 7 12 0.891543 
636 18 7 10 0.8803187 
824 438 32 27 0.8496107 
985 10 7 10 0.8269539 
948 14 8 11 0.8110178 
901 36 7 12 0.7521003 
944 40 7 10 0.7439653 
911 18 8 12 0.73513776 
685 64 7 10 0.71988386 
704 38 7 10 0.7025222 
856 66 6 10 0.6858698 
635 37 6 9 0.6745378 
872 35 6 11 0.6264663 
1009 61 7 11 0.6156387 
725 68 7 9 0.6070784 
612 63 7 11 0.59201974 
981 40 6 10 0.57162184 
760 68 7 9 0.54675525 
813 431 40 40 0.5140892 
733 38 6 10 0.5104511 
875 10 7 10 0.48522177 
661 43 7 9 0.39295197 
718 0 9 8 0.38993734 
893 61 7 13 0.36188793 
648 68 8 9 0.3510371 
673 20 6 10 0.33666012 
899 0 8 7 0.31715018 
