38_Tennis_Tennis_38_371
25
763 281 31 41 0.99983716 
444 214 25 32 0.9997633 
550 371 30 43 0.99971586 
344 297 28 34 0.9996706 
569 287 28 36 0.99958676 
476 366 31 42 0.9995715 
528 212 23 29 0.9995047 
324 205 22 28 0.99946016 
786 196 26 34 0.99938905 
173 191 26 32 0.9993685 
654 198 23 26 0.9992914 
279 201 24 31 0.99922705 
665 277 29 36 0.9992211 
379 211 25 31 0.99922025 
567 195 24 28 0.99917185 
816 191 21 27 0.9991678 
233 199 24 29 0.99905974 
611 217 26 32 0.99903333 
129 200 25 30 0.99892324 
439 300 29 37 0.998828 
731 188 22 27 0.99871194 
413 206 24 27 0.9986866 
491 202 23 27 0.9986444 
878 188 25 29 0.99703693 
696 191 26 30 0.9969313 
