50_Celebration_Or_Party_houseparty_50_715
51
254 601 12 13 0.93420357 
370 3 344 103 0.78905004 
466 513 9 13 0.7860686 
233 127 27 27 0.7502276 
638 493 9 14 0.6189697 
397 563 7 9 0.5889799 
316 540 8 9 0.554196 
258 636 11 17 0.51479405 
413 518 8 10 0.49620724 
131 513 8 12 0.49491352 
556 516 9 12 0.49190307 
386 591 9 11 0.48617795 
149 535 9 11 0.48392454 
313 500 8 9 0.48233205 
619 483 9 13 0.47300148 
414 7 207 86 0.46487325 
325 581 12 16 0.46325254 
508 556 10 13 0.44292763 
399 571 9 11 0.44015166 
942 593 23 32 0.43591544 
442 543 8 11 0.43015575 
239 552 8 9 0.42860487 
371 560 8 10 0.42694515 
330 570 9 12 0.4246669 
412 527 8 11 0.42466074 
420 545 8 11 0.42253396 
668 493 7 12 0.41694084 
29 508 11 13 0.3933803 
194 635 10 13 0.38221526 
352 514 7 10 0.375192 
446 567 11 15 0.3721779 
448 553 7 10 0.36268413 
754 513 10 14 0.35937032 
530 542 11 14 0.35766 
380 536 7 10 0.3482044 
367 519 10 12 0.34582767 
141 524 9 13 0.34370744 
104 508 10 11 0.3436874 
163 535 10 12 0.34213722 
213 553 12 13 0.32940033 
235 577 10 13 0.3266816 
533 564 19 27 0.32410613 
113 490 9 10 0.31334603 
32 6 53 51 0.31237808 
309 595 10 11 0.30916777 
280 501 7 9 0.30814585 
629 564 17 22 0.3067734 
26 486 9 12 0.30652243 
168 153 14 14 0.30550882 
187 616 12 14 0.30462754 
282 549 7 9 0.3007292 
