56_Voter_peoplevoting_56_350
54
36 362 35 51 0.994565 
0 321 44 66 0.94269985 
747 352 19 25 0.9087289 
341 401 22 34 0.90648377 
517 318 18 24 0.89969707 
257 108 9 10 0.8826628 
501 352 20 28 0.8632744 
905 250 14 12 0.8512468 
539 190 12 12 0.79402393 
284 115 10 12 0.7935574 
525 183 10 12 0.7855452 
564 188 10 13 0.7837974 
698 222 12 14 0.7428088 
437 150 10 13 0.71818405 
113 59 8 10 0.7028533 
766 288 13 14 0.67010653 
182 74 8 9 0.6595147 
545 168 10 11 0.6572601 
855 261 12 12 0.641787 
138 66 9 10 0.63284475 
467 150 9 12 0.62745523 
733 218 11 14 0.6251253 
829 266 13 14 0.6187094 
526 160 8 10 0.6040257 
513 159 10 13 0.5837549 
634 193 9 13 0.57696974 
206 94 9 11 0.56887305 
743 209 10 11 0.56599045 
333 117 9 12 0.56220824 
649 346 15 20 0.5572103 
600 178 7 12 0.5461337 
11 39 10 10 0.5306052 
831 233 10 13 0.52732253 
746 236 11 13 0.5047375 
995 315 20 24 0.49281994 
497 155 8 13 0.49102208 
564 168 10 13 0.48640466 
302 105 10 12 0.4779429 
727 189 11 13 0.4758094 
721 201 12 15 0.42857024 
925 244 10 10 0.4269944 
762 206 12 14 0.42175975 
52 43 9 10 0.40281042 
199 75 10 12 0.39687827 
228 101 9 11 0.3946354 
580 168 8 10 0.38320184 
729 219 12 13 0.37757805 
483 150 8 10 0.3546259 
738 352 20 20 0.35449055 
864 305 14 13 0.34532413 
417 391 13 22 0.3364852 
71 42 8 10 0.32377172 
853 291 12 16 0.3184077 
651 338 21 27 0.30814713 
