56_Voter_peoplevoting_56_528
20
518 150 34 43 0.9969778 
901 236 60 60 0.99645895 
458 185 38 43 0.9902541 
317 58 23 27 0.98994154 
624 130 27 41 0.98752046 
417 46 17 26 0.97944605 
177 63 18 27 0.9788624 
782 124 25 28 0.966132 
258 64 19 26 0.9488245 
693 90 19 22 0.9085683 
485 26 15 23 0.90338856 
522 249 51 29 0.8759773 
911 69 20 25 0.60410106 
781 42 14 17 0.5243653 
938 94 13 18 0.4913797 
890 62 20 24 0.48175642 
611 63 14 19 0.4627082 
842 105 16 17 0.4285182 
993 97 23 25 0.31837067 
0 171 20 58 0.31478426 
