56_Voter_peoplevoting_56_410
40
270 468 17 21 0.9979735 
57 446 16 20 0.99257433 
422 452 15 19 0.9924976 
471 431 17 21 0.9915937 
178 434 16 20 0.9910431 
322 442 14 17 0.98341167 
123 452 15 18 0.9813557 
932 460 17 19 0.9798528 
423 429 16 18 0.9791463 
367 435 16 20 0.97556746 
285 440 15 18 0.9723894 
32 425 17 23 0.9627448 
96 435 14 20 0.9558252 
550 447 14 16 0.9323567 
692 476 17 21 0.92815363 
492 445 15 17 0.92592335 
193 423 17 22 0.92050225 
744 475 16 21 0.90426123 
615 459 18 24 0.89067125 
897 426 13 17 0.8813023 
937 427 16 17 0.84607494 
644 452 15 19 0.8335678 
827 429 16 18 0.7498071 
528 428 14 17 0.6760025 
961 441 15 15 0.672664 
155 413 15 21 0.6607207 
571 447 11 13 0.5520676 
395 424 18 26 0.4978548 
813 459 16 18 0.49170208 
82 445 16 22 0.49044493 
321 416 13 14 0.45217156 
945 460 20 21 0.4205889 
401 418 13 15 0.41106525 
35 414 16 17 0.4088046 
780 72 37 27 0.3931982 
585 421 12 15 0.38489872 
307 4 243 203 0.38304 
865 458 24 35 0.3589958 
214 458 14 19 0.34537524 
116 408 18 23 0.31733075 
