56_Voter_peoplevoting_56_344
21
462 86 19 21 0.9998498 
309 52 20 27 0.999801 
94 54 19 27 0.9994168 
702 65 19 24 0.9992643 
891 84 15 18 0.99925774 
980 70 15 20 0.99925643 
178 81 19 23 0.99893576 
799 90 16 22 0.99875236 
209 74 19 24 0.9986499 
551 76 20 22 0.99656457 
60 76 16 24 0.9875859 
918 87 13 14 0.98470783 
642 62 15 20 0.98430955 
379 88 16 20 0.9831807 
343 76 20 26 0.9375554 
871 574 32 20 0.6351172 
16 524 27 17 0.54394823 
913 82 11 16 0.45076317 
660 65 13 20 0.4432065 
132 533 20 13 0.36642188 
283 528 26 18 0.31664675 
