61_Street_Battle_streetfight_61_430
40
570 471 27 34 0.9985039 
917 582 22 26 0.9980165 
291 453 17 24 0.997269 
138 450 19 22 0.99724627 
863 485 20 23 0.9941263 
952 433 21 25 0.9922679 
454 451 17 21 0.9920196 
35 452 20 23 0.98888105 
693 454 16 19 0.9879522 
519 459 21 21 0.98789227 
624 464 20 23 0.98024577 
842 462 16 16 0.9780489 
199 461 16 19 0.9770089 
233 461 18 25 0.9743146 
91 462 17 19 0.96121687 
918 430 25 26 0.9547729 
163 458 17 21 0.95140517 
368 459 19 33 0.9465503 
797 459 13 15 0.93463856 
969 534 34 68 0.92746854 
746 22 18 20 0.9240438 
427 476 19 21 0.8973207 
913 390 13 16 0.8261846 
64 444 18 19 0.8164222 
861 453 14 16 0.8039627 
977 450 16 16 0.80254763 
907 430 17 22 0.7483955 
139 380 15 13 0.7284969 
711 456 16 18 0.7175141 
310 466 12 14 0.71693945 
51 455 15 18 0.70846057 
552 469 15 18 0.70363766 
16 466 16 18 0.6886997 
1014 451 10 18 0.6545268 
955 515 25 40 0.63061136 
477 453 14 17 0.5933363 
737 463 20 15 0.5370997 
272 461 11 12 0.5347559 
377 478 14 20 0.37992594 
596 445 12 16 0.37555715 
