31_Waiter_Waitress_Waiter_Waitress_31_420
26
465 182 28 40 0.9995602 
583 216 27 35 0.99940395 
918 210 26 40 0.9993703 
374 300 21 27 0.99936384 
653 219 26 33 0.99896836 
691 237 26 34 0.9989673 
333 302 21 26 0.99882025 
239 315 20 25 0.9974498 
536 204 20 29 0.9964945 
867 303 25 33 0.99509925 
193 289 20 24 0.99201924 
42 217 21 30 0.99181235 
492 218 21 28 0.98871416 
408 231 19 27 0.9883786 
550 219 23 33 0.98139805 
532 228 23 29 0.9635557 
698 207 22 29 0.94326717 
122 296 15 22 0.9096395 
887 317 17 25 0.9080813 
285 320 29 21 0.89711887 
148 259 21 25 0.8327998 
347 217 16 27 0.729887 
280 318 14 20 0.71538264 
184 295 15 23 0.45701832 
167 294 14 19 0.3176391 
167 311 14 19 0.30624223 
