39_Ice_Skating_Ice_Skating_39_992
38
295 841 66 78 0.99935454 
116 39 52 68 0.9990607 
155 802 55 68 0.9990429 
534 720 76 96 0.99903166 
611 267 50 58 0.9988446 
954 576 57 68 0.99875546 
904 23 44 56 0.99870527 
167 279 53 56 0.9986958 
726 729 59 70 0.99844545 
421 19 55 62 0.9981527 
740 1 66 57 0.9977465 
937 248 46 61 0.9977137 
835 126 50 65 0.99762434 
24 379 51 54 0.9975133 
824 480 47 57 0.99623114 
9 635 58 67 0.99621564 
802 252 51 56 0.9959508 
384 381 45 56 0.99554235 
729 370 47 54 0.99468046 
307 260 57 69 0.9943493 
776 607 63 67 0.9943165 
382 143 50 52 0.9940573 
902 716 50 56 0.9934136 
666 469 58 74 0.98091024 
568 371 50 50 0.9704187 
996 458 28 65 0.96792364 
285 53 43 46 0.94864 
462 268 48 47 0.9275223 
212 619 44 56 0.91014993 
280 673 79 88 0.89988625 
285 424 37 60 0.8725885 
332 469 56 69 0.8478646 
998 121 26 66 0.8320385 
216 172 45 50 0.721867 
880 409 31 35 0.54481053 
337 372 36 40 0.46451962 
591 85 39 46 0.44119865 
479 151 50 46 0.34068936 
