39_Ice_Skating_Ice_Skating_39_1029
21
653 230 12 18 0.9684406 
393 256 10 14 0.8499572 
109 247 10 14 0.83238757 
209 253 9 12 0.82071346 
558 250 11 14 0.801443 
463 253 10 13 0.7937217 
297 252 10 14 0.79354215 
237 272 10 13 0.7793251 
267 255 11 14 0.76613164 
422 254 10 12 0.7425547 
819 245 10 12 0.7344867 
754 221 16 23 0.7049082 
358 67 12 16 0.7003443 
926 213 12 15 0.69060224 
524 242 9 12 0.65088165 
740 223 12 16 0.5867277 
351 255 10 15 0.57137495 
491 245 9 14 0.4805553 
141 249 7 12 0.36892205 
374 261 9 11 0.34464315 
183 249 8 12 0.33920676 
