34_Baseball_Baseball_34_350
35
606 274 18 24 0.96630347 
653 274 13 16 0.9266826 
133 24 10 14 0.85215616 
441 137 11 17 0.7400673 
19 102 10 15 0.73243463 
608 154 11 18 0.6971802 
28 25 10 14 0.6714667 
71 103 9 15 0.6688246 
974 100 10 15 0.65551317 
430 491 26 28 0.6513537 
551 5 11 14 0.6405884 
451 12 10 14 0.6350694 
18 7 9 14 0.6228858 
172 6 11 14 0.61981833 
87 114 10 16 0.618375 
498 130 9 15 0.558502 
542 133 10 16 0.5233211 
96 0 9 10 0.50413716 
426 111 11 16 0.48604485 
843 83 15 18 0.44883215 
785 97 9 14 0.41725904 
838 116 11 16 0.4151806 
676 111 12 20 0.40435106 
598 31 10 15 0.4036288 
486 120 10 15 0.3982478 
684 20 11 17 0.38519317 
173 122 9 14 0.38091412 
119 4 10 18 0.36037725 
235 115 10 16 0.35105684 
662 133 10 14 0.33710647 
666 2 10 16 0.33450845 
396 10 10 13 0.31523076 
66 10 11 14 0.31147063 
218 95 12 15 0.30422541 
508 29 9 13 0.30097693 
