44_Aerobics_Aerobics_44_332
27
427 305 29 32 0.9982492 
702 313 21 24 0.9958555 
179 305 19 26 0.9938626 
749 306 14 19 0.9819811 
545 306 17 21 0.97586864 
123 301 15 16 0.97192556 
240 287 18 21 0.9644144 
21 292 14 18 0.96163714 
234 2 264 153 0.9532913 
831 305 17 20 0.93866205 
298 303 12 16 0.912153 
211 301 13 15 0.887371 
987 304 13 15 0.87708914 
387 303 16 18 0.8353644 
870 302 10 14 0.82552403 
448 299 15 24 0.81747866 
395 299 14 18 0.7804538 
656 300 9 13 0.6443133 
767 295 11 13 0.6384182 
534 287 12 14 0.62603027 
938 321 12 17 0.61745244 
75 301 11 13 0.5975385 
49 312 11 12 0.4599635 
440 300 22 29 0.3970698 
384 304 14 20 0.37409085 
932 299 12 12 0.35802132 
182 14 34 23 0.31936723 
