44_Aerobics_Aerobics_44_852
24
945 202 21 23 0.9998042 
388 274 35 43 0.9998023 
92 257 23 25 0.9997905 
487 230 22 28 0.99973625 
237 259 25 30 0.99969435 
700 261 40 44 0.99946326 
440 252 26 35 0.99928457 
329 223 18 22 0.9988914 
908 191 17 19 0.99886525 
169 242 16 19 0.9986658 
119 287 27 42 0.99782664 
222 223 16 20 0.99731004 
189 237 16 19 0.9968136 
266 241 21 27 0.9962847 
349 213 16 19 0.995934 
0 242 13 17 0.99015373 
494 203 15 16 0.980941 
684 239 28 34 0.9692462 
711 229 23 26 0.95103854 
845 197 16 17 0.93667394 
675 226 18 22 0.9221801 
625 212 16 24 0.8020588 
628 215 19 24 0.765725 
612 201 15 25 0.4155375 
