10_People_Marching_People_Marching_2_27
32
361 183 29 35 0.9992914 
704 202 31 38 0.998483 
829 225 34 40 0.99837023 
573 189 37 47 0.9983518 
212 203 24 33 0.9979405 
789 226 28 36 0.9977089 
303 179 38 45 0.9972519 
519 194 21 32 0.9966659 
267 195 23 30 0.99576473 
859 204 27 36 0.99563724 
206 187 22 25 0.9946616 
18 189 26 33 0.99354583 
538 198 28 38 0.9929884 
483 196 23 27 0.99240124 
912 264 38 49 0.9912264 
36 201 29 38 0.9896012 
914 213 27 39 0.9894309 
131 195 33 37 0.98612124 
989 205 24 38 0.9829935 
654 220 24 33 0.9742163 
435 183 25 42 0.97330666 
420 221 15 19 0.88974315 
610 210 31 40 0.86662424 
648 186 27 30 0.60362893 
709 184 24 28 0.5958715 
0 189 14 30 0.45575094 
77 217 18 26 0.44726366 
153 181 40 46 0.40059847 
537 183 24 26 0.3825803 
131 464 74 75 0.37143478 
610 205 24 28 0.31821847 
100 460 110 104 0.31617376 
