10_People_Marching_People_Marching_10_People_Marching_People_Marching_10_People_Marching_People_Marching_10_619
19
555 446 12 15 0.9594402 
669 443 12 15 0.92275906 
159 478 12 17 0.8513917 
522 447 11 17 0.81889665 
354 455 9 12 0.7230239 
431 459 13 17 0.72072315 
538 453 13 17 0.7146005 
591 439 12 17 0.6492495 
787 417 9 13 0.48377013 
259 455 10 15 0.46127474 
650 444 10 15 0.4490486 
191 467 11 17 0.42812106 
232 464 11 16 0.41441432 
587 440 12 17 0.3809989 
501 441 9 11 0.35607398 
89 483 14 15 0.34690246 
391 404 15 27 0.32720083 
96 479 12 17 0.32670334 
705 428 12 17 0.3161167 
