10_People_Marching_People_Marching_2_34
64
714 702 23 31 0.999694 
624 717 35 45 0.9991696 
525 712 31 38 0.99884135 
589 689 24 32 0.99880147 
836 671 20 24 0.99670213 
83 735 23 27 0.99537945 
669 710 24 28 0.9952142 
862 721 32 35 0.99343866 
994 722 30 42 0.9934057 
405 721 15 21 0.9912587 
305 715 19 25 0.99063885 
101 684 15 18 0.9860486 
513 690 19 27 0.9513419 
174 689 16 17 0.9506166 
760 747 29 22 0.92831266 
40 683 13 17 0.8870789 
342 642 12 17 0.8803773 
400 659 14 18 0.8783673 
1000 653 10 18 0.86735356 
174 750 29 19 0.85013604 
260 670 14 16 0.7749688 
455 637 14 16 0.77466005 
578 614 12 15 0.7213954 
370 641 12 15 0.7053752 
383 670 14 18 0.68440807 
810 638 13 17 0.67704403 
839 611 13 16 0.6768501 
166 635 12 15 0.6673466 
218 671 11 16 0.6618804 
244 642 12 16 0.65945834 
821 610 11 15 0.65599763 
755 610 10 13 0.63300157 
940 602 13 19 0.62787646 
307 627 11 13 0.62254506 
422 692 12 18 0.62206894 
446 686 15 18 0.6195608 
605 623 10 14 0.6130697 
223 730 14 20 0.6129881 
993 626 11 16 0.5786903 
730 603 12 14 0.5603286 
845 645 14 18 0.53763556 
734 580 11 15 0.52081776 
901 628 11 16 0.49489918 
713 660 13 19 0.49103913 
562 651 13 17 0.46982852 
811 587 10 12 0.46270072 
453 735 25 31 0.45039096 
613 664 12 16 0.42246258 
725 616 13 18 0.4200644 
822 587 10 13 0.41866246 
173 714 11 19 0.4173354 
664 609 12 15 0.40664738 
298 679 11 17 0.4048307 
704 683 17 21 0.4026325 
226 677 13 19 0.39947724 
327 647 10 14 0.39718044 
898 628 15 23 0.38207036 
638 689 22 29 0.3692855 
765 589 10 13 0.3422283 
951 665 14 21 0.32125688 
388 621 13 12 0.31664535 
249 583 9 11 0.315498 
754 680 13 16 0.3075711 
523 583 10 12 0.30156848 
