10_People_Marching_People_Marching_2_36
45
815 332 30 34 0.99981576 
950 337 32 39 0.9996275 
698 307 26 33 0.99961793 
754 320 24 30 0.99924916 
558 327 27 32 0.9990989 
385 298 22 28 0.99903995 
503 320 25 35 0.9989825 
258 324 26 32 0.99890935 
429 306 25 29 0.99886924 
467 309 26 32 0.9986442 
13 313 14 16 0.99839276 
222 317 26 33 0.99821365 
155 305 22 33 0.99817824 
306 337 30 35 0.99735 
854 292 14 17 0.9970234 
649 308 25 30 0.9968144 
189 312 23 31 0.9961158 
33 288 15 18 0.9960181 
814 293 14 17 0.99341303 
595 277 14 17 0.98437226 
634 292 13 20 0.98265254 
60 239 14 16 0.9824582 
829 292 16 18 0.97520995 
673 272 13 18 0.97498965 
93 309 13 18 0.97484744 
933 295 11 18 0.97155195 
964 279 13 16 0.9700382 
905 303 11 17 0.9648858 
720 283 12 16 0.96236515 
974 295 13 16 0.9607357 
1006 291 13 16 0.9584594 
50 409 13 15 0.9082569 
323 293 17 24 0.9034713 
119 290 17 26 0.87395954 
17 429 14 17 0.86071956 
136 296 17 26 0.838847 
560 296 17 22 0.8286157 
693 289 9 13 0.63748926 
259 234 14 15 0.62011576 
346 288 20 29 0.55932933 
100 310 17 21 0.41683602 
519 289 21 23 0.38630745 
357 288 23 22 0.37506673 
254 235 13 12 0.37058708 
453 306 20 32 0.33750844 
