10_People_Marching_People_Marching_2_401
52
89 508 69 80 0.99977857 
640 531 73 97 0.9996593 
192 352 53 65 0.9996412 
334 405 64 83 0.9996345 
99 280 33 37 0.99953663 
542 240 23 32 0.9992762 
352 276 21 25 0.9990274 
797 280 46 49 0.99890244 
730 301 34 44 0.99882394 
423 240 22 28 0.9987507 
662 267 30 39 0.9984744 
568 264 27 33 0.998403 
496 269 27 38 0.9983748 
252 273 22 28 0.9982595 
724 384 35 45 0.99802566 
20 407 57 66 0.99729484 
851 250 34 47 0.99639696 
628 250 25 34 0.99615866 
284 294 22 29 0.995939 
45 289 24 28 0.9957468 
672 421 38 48 0.99569064 
189 268 25 28 0.9951096 
65 319 28 33 0.99415296 
558 506 51 53 0.9934822 
509 240 19 26 0.99314886 
315 269 19 23 0.99284863 
921 266 28 33 0.99275947 
385 248 19 24 0.9913223 
856 491 89 138 0.99079263 
103 393 33 36 0.9905804 
307 329 25 30 0.9891833 
479 264 20 32 0.9885626 
756 265 26 34 0.9878265 
350 334 30 35 0.9834781 
208 301 26 28 0.9812051 
328 291 19 24 0.9803059 
740 252 20 26 0.9794017 
383 312 25 29 0.9645443 
31 267 17 29 0.93619275 
782 261 29 46 0.92475826 
702 241 13 16 0.9233313 
357 252 13 16 0.8320059 
780 348 49 81 0.82651246 
821 247 25 30 0.8071762 
590 249 18 26 0.74731857 
497 346 23 49 0.57752085 
421 360 37 43 0.5551813 
787 262 23 27 0.5363131 
0 350 22 54 0.489396 
539 490 56 62 0.4663746 
747 229 15 21 0.45939654 
996 272 22 32 0.3040423 
