16_Award_Ceremony_Awards_Ceremony_16_141
22
94 260 34 52 0.9999362 
140 262 36 52 0.9999187 
389 233 45 59 0.9998448 
187 278 35 47 0.99977106 
603 310 24 36 0.9995492 
566 309 27 38 0.99908626 
543 297 26 38 0.9986058 
351 244 31 58 0.99683845 
634 321 24 29 0.9953432 
0 224 31 65 0.9486118 
461 257 30 46 0.90281796 
505 283 21 39 0.86565644 
15 246 40 58 0.84326494 
399 467 38 40 0.8324362 
435 253 59 62 0.7666422 
436 254 32 52 0.70215696 
31 298 28 41 0.49980676 
660 429 21 23 0.4794457 
25 271 30 32 0.45607013 
457 440 44 38 0.34362707 
0 231 51 68 0.32043904 
214 425 30 27 0.31661728 
