16_Award_Ceremony_Awards_Ceremony_16_73
67
258 122 39 47 0.9996387 
203 54 19 24 0.9996331 
408 146 37 47 0.99962234 
316 73 35 38 0.99935275 
617 147 38 47 0.99925405 
725 90 43 52 0.99899215 
90 73 19 22 0.9972832 
864 39 14 17 0.9889921 
267 78 16 22 0.9855978 
564 27 16 21 0.98495513 
568 78 18 17 0.98401654 
851 21 16 17 0.9836322 
444 53 15 18 0.9814354 
492 62 14 17 0.97755617 
617 31 15 17 0.9759613 
5 82 17 17 0.9681911 
623 73 14 16 0.96637315 
720 41 18 21 0.9604828 
637 46 15 17 0.9557358 
240 59 14 16 0.9531814 
987 34 16 19 0.9493459 
640 81 17 19 0.9401394 
364 50 16 18 0.9393801 
537 46 15 18 0.9237773 
602 22 15 17 0.9187737 
652 21 17 22 0.9141831 
991 0 14 17 0.9008674 
593 74 18 21 0.89940614 
813 32 12 15 0.854344 
700 0 17 18 0.8496026 
687 28 13 15 0.8485703 
18 74 21 27 0.8485478 
719 15 17 17 0.8480188 
461 57 15 24 0.83182657 
170 58 11 15 0.82789326 
473 31 13 15 0.80432 
610 61 13 18 0.79557115 
699 41 15 19 0.79532784 
1001 77 12 15 0.7913841 
558 30 12 17 0.7795561 
431 82 14 15 0.723358 
241 84 12 20 0.6539034 
414 63 15 23 0.6322481 
793 137 17 24 0.5855758 
141 58 18 22 0.5798605 
569 52 15 15 0.57186735 
184 68 16 19 0.5545669 
788 38 8 12 0.532469 
429 54 12 14 0.52806115 
698 31 17 23 0.5190631 
446 363 25 25 0.5169455 
488 24 19 22 0.5128272 
343 39 13 15 0.498885 
772 1 14 14 0.49030545 
135 56 17 25 0.4845607 
100 75 23 24 0.46582213 
534 65 12 15 0.4599235 
657 67 12 14 0.44222778 
491 25 14 15 0.43913284 
973 22 12 16 0.41091108 
583 21 11 14 0.38708186 
349 64 14 16 0.36760622 
418 53 35 45 0.35099474 
128 58 19 24 0.3365096 
1002 19 19 21 0.32767284 
499 63 12 17 0.31866932 
346 58 18 25 0.31739336 
