8_Election_Campain_Election_Campaign_8_76
25
843 274 39 47 0.99968815 
782 286 33 43 0.99964976 
256 285 37 42 0.99959296 
344 296 36 43 0.99953306 
712 310 31 38 0.9994753 
614 273 33 42 0.9994311 
444 229 35 40 0.9994265 
20 288 41 52 0.9994236 
412 281 34 40 0.99923074 
642 230 32 40 0.999193 
356 229 32 36 0.99913174 
71 308 38 46 0.99897385 
710 228 28 37 0.9989355 
511 246 38 49 0.99865437 
684 289 31 42 0.99847645 
150 303 42 44 0.997747 
297 222 30 37 0.99697423 
555 256 28 41 0.99579525 
579 244 26 35 0.9739304 
392 236 26 34 0.94698787 
604 218 26 36 0.88780487 
269 264 30 42 0.82835156 
206 308 40 41 0.64527357 
488 0 322 148 0.41520533 
191 307 29 38 0.31186435 
