8_Election_Campain_Election_Campaign_8_174
89
818 574 87 109 0.999556 
901 507 57 69 0.9994123 
70 471 42 52 0.99900573 
9 481 43 54 0.99823195 
170 524 70 78 0.9979388 
621 506 41 49 0.99697423 
161 603 94 80 0.9965354 
737 483 63 66 0.99619555 
388 538 70 83 0.9953856 
951 465 41 52 0.9948356 
267 453 31 38 0.99331665 
129 415 33 40 0.9930311 
169 456 35 39 0.9891677 
585 458 40 43 0.988929 
454 449 41 47 0.98797244 
930 420 31 38 0.98720294 
207 433 33 43 0.98606026 
298 489 44 49 0.9842904 
579 414 31 31 0.9784816 
502 345 30 36 0.9762815 
879 463 36 40 0.97418255 
199 478 36 45 0.97404927 
90 394 22 27 0.96700644 
420 427 29 32 0.9643146 
434 447 30 39 0.9633349 
742 444 30 32 0.96073854 
611 418 20 26 0.959062 
167 424 29 35 0.9413293 
35 386 21 27 0.9385412 
258 420 29 31 0.9338193 
981 407 22 29 0.9275543 
656 421 22 28 0.9233665 
772 380 18 22 0.92228013 
823 440 31 39 0.9201645 
318 472 38 50 0.9063775 
309 440 30 34 0.8926878 
49 427 23 28 0.8822998 
936 338 18 22 0.86623484 
954 418 25 35 0.85594815 
850 386 18 23 0.85431224 
245 417 21 31 0.8470284 
672 604 59 61 0.83882815 
304 415 30 29 0.8317836 
990 334 12 14 0.8218719 
754 371 18 22 0.81550163 
692 397 19 24 0.79702914 
888 392 17 23 0.7848195 
796 398 20 23 0.77757174 
655 397 26 27 0.76974523 
544 374 15 17 0.7640246 
433 382 18 22 0.7632466 
805 413 21 24 0.759927 
930 399 25 27 0.75862944 
214 403 22 26 0.75463724 
52 409 20 23 0.74432117 
727 397 19 22 0.7330342 
128 375 13 16 0.7288412 
761 413 25 27 0.7169156 
49 446 34 39 0.7049815 
626 380 13 16 0.69025064 
578 377 14 17 0.67458916 
89 450 23 25 0.6499768 
1010 364 14 17 0.6236794 
675 384 15 16 0.622614 
720 440 20 23 0.6147756 
114 341 14 15 0.5964843 
429 500 41 62 0.58960336 
290 421 22 31 0.5546309 
597 381 13 15 0.54917777 
644 383 15 15 0.5467873 
667 462 21 29 0.50567806 
345 394 13 17 0.4938748 
490 595 68 87 0.49186206 
662 376 13 14 0.49164194 
172 374 13 15 0.4913719 
494 380 14 18 0.48427218 
128 397 24 27 0.47847292 
444 617 75 66 0.45423794 
854 306 11 13 0.4496234 
253 382 19 22 0.44643062 
395 398 19 24 0.41986695 
568 383 12 14 0.41770464 
1002 437 22 38 0.40667406 
787 463 29 33 0.3826045 
335 378 12 15 0.37415773 
797 373 15 15 0.3713408 
474 370 13 17 0.35732028 
557 358 12 14 0.35207328 
182 351 10 11 0.34231126 
