8_Election_Campain_Election_Campaign_8_84
24
125 543 41 57 0.999126 
34 523 28 38 0.990871 
288 497 23 35 0.986355 
208 509 24 36 0.985745 
979 486 22 28 0.9682189 
536 512 19 30 0.96592885 
310 490 24 38 0.9543507 
881 506 18 29 0.95078707 
257 423 20 27 0.947251 
127 485 18 26 0.9340616 
76 503 20 29 0.9308969 
92 502 21 35 0.9272407 
185 487 15 22 0.90133405 
561 174 16 22 0.8909221 
525 175 14 22 0.87049675 
491 191 14 23 0.8573327 
445 184 14 22 0.8393983 
632 203 16 22 0.7550664 
778 481 16 34 0.6918228 
221 465 12 19 0.65421176 
218 479 16 20 0.61831266 
925 606 41 56 0.52884746 
8 530 16 25 0.4906975 
169 465 10 16 0.42640823 
