8_Election_Campain_Election_Campaign_8_118
26
405 202 68 94 0.9995289 
293 164 53 71 0.99937516 
531 167 37 49 0.9991721 
714 380 93 121 0.99869376 
649 199 37 46 0.9983884 
211 186 47 56 0.99723214 
173 212 39 50 0.99685824 
994 239 30 35 0.99567574 
892 332 53 69 0.9952708 
535 296 56 96 0.99404633 
142 188 47 68 0.9906843 
363 175 42 61 0.98844016 
697 241 73 110 0.97740775 
209 280 36 53 0.95586216 
957 272 41 44 0.93609715 
48 189 25 52 0.92703027 
1 564 27 29 0.8906751 
721 196 21 23 0.76267725 
891 231 19 27 0.7301454 
884 250 22 35 0.65022916 
26 0 95 65 0.6497532 
960 227 15 14 0.53261554 
586 164 10 12 0.4168221 
271 630 30 35 0.4116707 
881 234 29 44 0.3883871 
56 241 20 30 0.3641825 
