48_Parachutist_Paratrooper_Parachutist_Paratrooper_48_72
37
612 327 27 28 0.99914956 
168 293 33 30 0.9988971 
95 326 30 29 0.99804974 
54 323 25 23 0.9980184 
254 279 26 28 0.9962853 
16 309 25 24 0.99503964 
334 284 22 26 0.9940982 
456 306 18 21 0.97577363 
483 298 19 20 0.9737371 
536 288 14 17 0.9143314 
765 305 14 16 0.8788051 
908 317 14 15 0.83040005 
954 308 12 15 0.82587117 
403 287 20 26 0.8219189 
935 297 14 16 0.8097062 
863 301 15 16 0.8009321 
569 289 12 15 0.8004067 
604 293 12 15 0.7921571 
630 296 12 14 0.76862246 
707 284 13 18 0.7113633 
992 317 13 14 0.6981029 
790 300 13 15 0.660884 
806 296 13 15 0.6476646 
1011 304 13 13 0.6431906 
279 300 15 17 0.6392323 
974 310 13 14 0.5345442 
48 306 16 15 0.50373983 
896 306 10 11 0.46423584 
417 302 14 17 0.42694402 
516 305 13 14 0.4194795 
130 329 19 20 0.4067964 
928 324 16 19 0.39489862 
841 298 11 13 0.37928018 
0 320 11 19 0.36943072 
597 295 15 13 0.36132762 
352 302 17 20 0.35584548 
902 316 12 15 0.30539984 
