26_Soldier_Drilling_Soldiers_Drilling_26_262
67
759 326 23 28 0.9995819 
919 283 28 33 0.9982147 
619 317 24 28 0.9976587 
275 295 22 26 0.99692434 
802 287 22 27 0.99604565 
475 311 22 27 0.9954091 
77 261 23 27 0.99495924 
954 293 25 28 0.9948671 
693 277 22 27 0.99233055 
611 273 20 27 0.99164456 
575 273 23 29 0.9896297 
167 264 26 30 0.98938584 
966 236 19 24 0.98436457 
1003 263 21 37 0.98293394 
127 264 21 25 0.9825127 
852 291 22 27 0.9710645 
224 262 21 25 0.96690005 
725 281 24 31 0.96319956 
448 271 21 27 0.95698303 
38 273 22 26 0.9525043 
532 268 27 28 0.93892527 
763 250 19 22 0.9373973 
635 280 22 24 0.93203247 
4 260 23 26 0.9274146 
61 254 19 27 0.9182765 
782 273 20 24 0.91103023 
299 265 21 22 0.90424526 
440 219 14 17 0.89902973 
389 262 18 22 0.88347226 
242 259 17 26 0.87464845 
866 253 19 23 0.85719955 
344 257 19 25 0.8529 
324 218 18 19 0.8434865 
650 235 13 17 0.83427876 
497 224 12 14 0.79135835 
485 242 14 17 0.7712693 
601 223 14 15 0.7573288 
302 214 14 16 0.7527867 
431 263 15 23 0.74951184 
404 194 13 15 0.7183097 
593 242 12 16 0.6990711 
124 239 16 17 0.6840599 
168 213 14 16 0.68353367 
474 230 12 15 0.68312204 
690 252 20 19 0.67513317 
218 231 16 20 0.6680974 
372 219 13 15 0.6468391 
528 218 13 15 0.62848455 
250 216 13 16 0.6129188 
219 209 13 16 0.6059599 
89 214 14 17 0.6005986 
385 219 12 14 0.582866 
687 222 13 15 0.5618003 
147 247 19 24 0.55144334 
353 233 13 13 0.5362197 
400 226 12 16 0.5328363 
137 72 25 31 0.519626 
519 244 20 22 0.47527832 
585 228 12 15 0.47489858 
415 487 39 69 0.46194503 
678 219 12 15 0.45428357 
510 267 20 24 0.43506166 
104 258 18 22 0.4043931 
360 281 28 35 0.3875187 
421 259 16 21 0.37589186 
715 262 22 25 0.36474496 
199 251 18 22 0.35093096 
