12_Group_Group_12_Group_Group_12_379
31
481 120 31 37 0.9999355 
285 111 27 35 0.9999311 
844 114 32 39 0.9999089 
78 233 37 39 0.9999039 
241 234 32 39 0.99989986 
522 110 29 37 0.9998902 
894 228 35 43 0.9998741 
295 167 29 35 0.99983203 
426 246 34 44 0.99983096 
430 155 35 38 0.9998099 
155 242 32 41 0.9998023 
188 100 34 43 0.9997907 
869 171 31 36 0.9997534 
383 116 28 35 0.99973243 
579 137 31 31 0.9997229 
792 105 26 35 0.9997209 
763 151 32 41 0.9997147 
156 187 28 34 0.99970144 
637 179 29 34 0.99968326 
664 123 30 36 0.9996784 
798 241 35 42 0.99967575 
732 220 34 39 0.9996729 
330 242 34 42 0.9996587 
534 232 35 42 0.9996172 
630 229 35 41 0.9996019 
614 113 28 31 0.9995598 
415 99 31 32 0.9992781 
533 165 33 37 0.99921 
360 156 28 35 0.9991635 
729 135 27 29 0.99897194 
225 172 29 35 0.99768555 
