12_Group_Large_Group_12_Group_Large_Group_12_295
19
505 302 14 20 0.9616408 
435 313 32 60 0.9467616 
613 293 15 19 0.9137948 
583 292 10 12 0.88089895 
666 277 11 16 0.8256009 
554 294 10 14 0.79825896 
274 292 14 16 0.72657686 
579 277 8 11 0.7162438 
486 268 9 13 0.70794934 
536 269 7 9 0.6667688 
540 300 11 17 0.60036874 
306 366 19 21 0.48653176 
582 289 21 33 0.41155726 
447 318 21 32 0.40408236 
641 396 30 37 0.32933664 
453 281 10 14 0.32019243 
404 278 15 18 0.3193967 
596 619 54 60 0.31476572 
429 325 31 43 0.30956438 
