12_Group_Team_Organized_Group_12_Group_Team_Organized_Group_12_458
19
256 363 44 52 0.9998971 
800 217 36 43 0.9997831 
730 214 38 37 0.99960226 
277 224 38 44 0.99958473 
137 220 40 48 0.9995586 
545 204 29 34 0.9995235 
627 212 32 32 0.99927515 
696 351 38 43 0.99927455 
457 212 31 40 0.99913484 
574 264 33 41 0.998664 
912 205 37 46 0.9977799 
365 224 38 41 0.9973781 
668 215 32 41 0.9957684 
474 181 28 30 0.9930354 
405 208 31 37 0.9910685 
307 204 28 34 0.9746718 
980 449 44 61 0.7689167 
570 282 36 24 0.6816861 
100 368 97 76 0.30559218 
