12_Group_Group_12_Group_Group_12_80
22
181 293 40 47 0.99984133 
302 305 35 37 0.99975234 
72 141 33 39 0.99967957 
932 132 29 38 0.99959403 
468 124 36 37 0.9994709 
523 101 32 35 0.9994579 
349 129 32 37 0.99929273 
407 103 30 39 0.9991291 
804 118 31 36 0.99908495 
222 128 32 37 0.99905556 
769 281 33 44 0.9990238 
652 216 38 48 0.99897254 
280 117 35 39 0.9988475 
836 167 32 39 0.99877256 
595 115 30 34 0.99848795 
132 113 34 40 0.99839455 
705 124 28 34 0.9981067 
540 221 36 45 0.9979609 
639 115 34 39 0.9971775 
873 280 33 38 0.99616134 
421 224 34 48 0.9931572 
770 374 35 44 0.38098878 
