12_Group_Large_Group_12_Group_Large_Group_12_315
100
367 359 27 30 0.99983084 
754 268 31 36 0.9997949 
180 409 26 29 0.9997607 
692 410 36 41 0.9997223 
311 279 17 19 0.99967575 
429 347 21 25 0.9995962 
601 303 26 31 0.9995765 
495 379 33 36 0.99955827 
647 305 29 35 0.9994823 
386 288 17 22 0.99943477 
504 314 21 27 0.9993703 
293 359 20 25 0.999356 
926 411 20 21 0.99933726 
536 331 22 28 0.999278 
807 385 39 47 0.99926203 
536 254 14 19 0.9992549 
354 279 16 20 0.9992236 
447 329 19 24 0.99900407 
119 345 22 26 0.9988913 
579 404 34 47 0.99883646 
899 352 15 18 0.9987645 
333 381 24 27 0.998757 
157 342 21 24 0.99874026 
258 412 23 30 0.99865603 
191 316 21 21 0.9984706 
228 334 21 25 0.9983663 
953 387 18 18 0.9979778 
555 236 14 18 0.9979607 
794 259 27 33 0.99794465 
479 331 21 26 0.9978746 
682 275 26 32 0.99782467 
453 282 15 17 0.99761355 
489 304 18 22 0.9974649 
186 342 21 25 0.99733835 
437 226 12 15 0.9972574 
883 393 19 24 0.99722725 
475 262 15 18 0.99712 
949 449 22 26 0.9970511 
499 270 18 21 0.9968534 
115 423 28 33 0.9963517 
407 297 14 18 0.9956684 
863 412 20 24 0.99538296 
570 238 13 18 0.9953219 
414 267 14 17 0.99520737 
455 215 12 15 0.9945082 
884 419 20 22 0.9944829 
287 315 16 20 0.99423695 
397 258 14 17 0.9938007 
370 319 19 26 0.9933863 
390 315 14 21 0.99327576 
265 339 18 24 0.99261355 
323 352 17 18 0.9917469 
383 269 13 16 0.99130964 
481 219 12 16 0.9907504 
520 209 10 14 0.98837835 
420 241 13 15 0.98732126 
497 242 13 16 0.98635954 
456 233 12 16 0.9853544 
580 220 13 15 0.97862524 
349 308 17 20 0.97745776 
506 230 12 14 0.9771275 
612 219 13 14 0.9733324 
476 243 13 14 0.9708765 
209 340 18 23 0.96903217 
430 317 15 16 0.9582819 
446 261 12 16 0.95695204 
610 183 11 13 0.9543115 
722 136 10 13 0.95164114 
535 209 10 12 0.9514218 
695 142 10 12 0.94740725 
680 148 8 10 0.94690025 
526 234 12 14 0.94255906 
706 144 9 13 0.9401257 
497 214 12 14 0.9334212 
565 199 11 14 0.9313646 
133 328 19 21 0.92473704 
319 321 18 23 0.9242354 
657 184 11 13 0.92320603 
594 188 10 12 0.92234623 
608 203 10 12 0.9216602 
596 215 10 13 0.90938455 
838 59 11 13 0.9092164 
611 169 9 11 0.8990479 
811 128 10 13 0.8982855 
693 170 11 12 0.88993025 
752 132 8 10 0.87672377 
546 213 10 13 0.86748564 
666 145 9 11 0.85059416 
555 212 9 14 0.8498253 
798 136 9 10 0.84165883 
773 138 8 11 0.83015907 
292 418 22 21 0.80665666 
657 162 9 11 0.6784227 
905 392 20 22 0.6535908 
669 168 9 11 0.6104179 
576 201 10 12 0.6050779 
831 78 11 12 0.53148764 
409 602 24 26 0.44473624 
835 110 14 18 0.42984596 
975 435 16 18 0.42191574 
