12_Group_Large_Group_12_Group_Large_Group_12_120
100
364 449 13 16 0.97668195 
737 393 11 13 0.96449804 
312 398 12 15 0.9631522 
336 223 9 10 0.9566179 
348 393 12 15 0.9564564 
665 393 10 14 0.95444894 
388 392 12 14 0.9540957 
250 420 12 13 0.9426504 
193 420 11 13 0.94166577 
548 392 12 14 0.9359885 
38 329 12 14 0.9334943 
624 386 13 16 0.933394 
395 419 11 14 0.9318674 
456 241 10 14 0.93060476 
413 219 8 10 0.92814 
506 391 12 15 0.9211428 
266 220 8 11 0.91905314 
510 454 12 15 0.91701186 
268 324 12 14 0.9169022 
784 420 11 13 0.91554123 
719 449 13 14 0.9155386 
572 299 9 11 0.914371 
473 290 11 13 0.90605366 
961 426 10 13 0.8993802 
376 220 9 11 0.8987904 
850 420 10 13 0.8965346 
841 299 11 11 0.89154214 
277 395 13 15 0.8894187 
926 387 13 16 0.88709295 
469 391 13 15 0.8828795 
886 452 11 13 0.8806333 
191 223 8 11 0.8805709 
579 451 10 15 0.87964106 
550 296 11 13 0.87950605 
477 424 11 15 0.87914056 
279 421 14 15 0.8759608 
547 454 11 15 0.87201387 
806 421 9 12 0.87022215 
113 422 12 13 0.8700252 
622 421 9 12 0.8672028 
232 221 9 12 0.8670422 
495 356 10 13 0.8642872 
627 269 10 12 0.8607566 
825 275 12 15 0.860279 
211 224 9 12 0.8586865 
903 329 10 12 0.8577937 
678 387 9 13 0.8554704 
764 271 10 11 0.8465482 
226 387 12 15 0.8459937 
773 387 13 16 0.8454748 
694 270 10 11 0.8453426 
830 453 11 12 0.84447783 
57 423 11 13 0.8417057 
152 280 10 11 0.8399078 
854 252 11 12 0.8384787 
639 378 11 13 0.83828205 
595 424 11 14 0.8368149 
186 459 11 14 0.8352521 
524 218 9 12 0.83261335 
570 221 8 10 0.8322542 
608 375 11 14 0.8318365 
423 417 11 14 0.82801473 
121 397 11 14 0.82590514 
121 452 11 13 0.8242445 
367 388 12 14 0.8196424 
426 389 11 14 0.81803733 
651 350 11 13 0.8177202 
916 273 10 11 0.8120482 
813 391 10 13 0.81061727 
112 358 11 12 0.81039524 
452 319 12 15 0.8085904 
198 395 11 15 0.8076423 
134 272 11 14 0.8075929 
639 300 9 13 0.805442 
748 380 12 15 0.8047038 
901 346 14 17 0.8024189 
718 349 10 12 0.8017331 
718 418 10 13 0.8015723 
94 364 10 11 0.8014679 
888 281 10 11 0.8000973 
722 223 9 11 0.79963976 
220 357 12 13 0.79580736 
356 322 11 14 0.79515064 
392 352 11 14 0.79274637 
182 361 10 10 0.79099673 
323 295 10 12 0.7869107 
43 399 11 14 0.78609914 
351 354 10 12 0.7854355 
509 413 11 13 0.7843188 
902 394 10 11 0.7798583 
692 351 10 11 0.7786392 
270 272 11 16 0.7760651 
598 221 8 11 0.7729885 
715 388 10 11 0.7641482 
821 327 10 12 0.76142174 
944 351 9 12 0.7602057 
912 298 10 12 0.75869304 
157 396 13 16 0.75639457 
429 298 12 14 0.755447 
851 386 11 15 0.7514612 
