12_Group_Group_12_Group_Group_12_268
26
457 325 38 48 0.9995326 
625 220 36 45 0.9994941 
342 355 42 53 0.99947995 
586 364 38 46 0.9994797 
244 349 38 45 0.999466 
913 321 37 45 0.99928516 
707 383 42 46 0.99920017 
570 222 36 45 0.999099 
758 210 34 45 0.99909174 
215 208 41 41 0.9990746 
486 190 34 48 0.99907327 
809 395 41 48 0.99902904 
150 261 32 41 0.99889475 
443 215 36 46 0.9987274 
853 229 38 44 0.99788135 
808 225 29 38 0.99785477 
703 192 32 41 0.9977937 
155 346 43 53 0.99776804 
367 204 36 47 0.9972361 
304 243 31 37 0.9962172 
102 246 38 44 0.9943777 
896 209 36 46 0.9938747 
725 264 37 42 0.9938647 
240 92 26 24 0.9681066 
156 219 15 17 0.8577228 
601 198 39 45 0.6122991 
