12_Group_Group_12_Group_Group_12_28
24
73 22 38 47 0.9997317 
704 85 42 55 0.9996995 
128 125 45 55 0.99963796 
245 255 44 53 0.9996257 
387 197 40 55 0.9996137 
168 38 34 43 0.9995672 
107 70 37 47 0.9994467 
552 108 38 48 0.9994025 
613 97 40 55 0.9993894 
904 109 45 52 0.9993856 
177 197 38 46 0.999164 
522 255 37 45 0.99902916 
514 59 35 43 0.9987675 
259 149 40 55 0.99875796 
302 133 36 47 0.99864167 
210 101 36 52 0.99861383 
461 231 37 46 0.9983878 
792 76 36 52 0.9981888 
665 57 35 51 0.9968501 
800 138 43 51 0.993869 
232 77 35 49 0.9906843 
619 49 32 34 0.9556126 
921 69 36 46 0.5979754 
459 252 38 29 0.3035946 
