12_Group_Large_Group_12_Group_Large_Group_12_228
23
654 418 17 23 0.998042 
110 410 18 21 0.997778 
248 412 15 18 0.997649 
526 409 16 19 0.9971425 
781 410 18 21 0.99686974 
202 410 17 19 0.99680674 
869 422 17 18 0.9961767 
606 412 18 22 0.996071 
699 417 17 19 0.99606544 
907 414 16 19 0.9959883 
429 415 17 20 0.99536115 
484 398 16 20 0.99516183 
294 406 18 22 0.9944564 
828 406 17 22 0.9942959 
743 407 18 22 0.9941513 
393 413 15 17 0.99322295 
337 413 16 18 0.9924453 
155 415 16 20 0.9914758 
564 405 18 20 0.9910232 
464 503 13 15 0.9379918 
306 473 17 21 0.86081487 
240 465 25 26 0.53145474 
915 514 12 11 0.30931535 
