12_Group_Team_Organized_Group_12_Group_Team_Organized_Group_12_927
40
166 177 37 45 0.9999144 
969 164 27 32 0.9998926 
910 149 30 36 0.99987864 
404 195 27 33 0.99984133 
676 174 26 32 0.99976534 
347 177 29 38 0.9996487 
554 207 26 31 0.9996432 
794 187 26 32 0.9995559 
669 292 25 32 0.9995529 
604 211 23 27 0.99953496 
844 167 27 32 0.9995347 
215 200 26 30 0.99949646 
746 153 24 32 0.9994708 
581 181 21 28 0.9994104 
583 273 28 39 0.9993716 
288 171 27 34 0.9993237 
443 173 26 33 0.9992717 
712 155 23 28 0.9992173 
512 284 28 35 0.9991543 
632 157 26 31 0.9989567 
668 372 26 35 0.99871624 
864 337 23 33 0.9986802 
810 337 23 27 0.9981377 
725 342 26 31 0.99810517 
548 176 20 25 0.9977575 
478 154 24 27 0.9967854 
740 424 22 28 0.99657273 
403 166 24 32 0.9949351 
504 177 25 34 0.9949049 
785 315 23 31 0.9932462 
524 183 23 31 0.99293995 
797 162 22 26 0.9871753 
1001 195 23 36 0.98521674 
124 188 26 36 0.9777104 
362 167 22 24 0.9550476 
510 179 31 36 0.7367645 
756 328 16 21 0.71130395 
725 458 31 43 0.629614 
646 506 24 29 0.5760659 
46 398 36 60 0.36747482 
