12_Group_Group_12_Group_Group_12_935
100
718 351 18 22 0.9996301 
514 185 18 25 0.99939907 
356 280 18 22 0.9992624 
702 391 18 24 0.99924797 
356 351 19 27 0.9991646 
0 636 17 25 0.9989453 
405 561 19 25 0.99893504 
894 636 20 26 0.9988839 
263 412 20 26 0.9988838 
725 509 20 28 0.9988661 
880 118 19 23 0.9987226 
561 424 20 22 0.9986119 
595 350 21 23 0.9984427 
988 195 19 22 0.998309 
626 663 21 29 0.9982583 
831 385 18 24 0.9980883 
205 602 19 25 0.99794906 
92 87 17 25 0.99791473 
69 321 19 24 0.99774253 
847 222 18 23 0.99770504 
620 427 20 24 0.9977035 
144 600 19 26 0.9976827 
869 462 19 25 0.99763787 
687 219 19 24 0.99762964 
303 286 19 24 0.9976229 
469 158 20 27 0.9975721 
822 93 18 25 0.99753594 
485 115 17 22 0.9974692 
940 377 21 25 0.99741143 
945 112 18 24 0.9974022 
719 559 20 25 0.9972916 
464 531 21 26 0.99723476 
441 61 17 21 0.99723274 
300 157 15 20 0.997223 
654 313 19 23 0.9971945 
742 260 19 22 0.9971361 
808 664 20 25 0.99709857 
413 168 14 19 0.99684 
761 421 20 27 0.99675626 
943 423 20 29 0.9967403 
614 494 20 28 0.9967367 
760 380 18 25 0.9967057 
552 667 21 25 0.99660397 
556 287 19 26 0.99649626 
464 562 19 26 0.9964361 
21 606 20 27 0.9963599 
39 392 20 26 0.9961987 
222 525 20 26 0.9960962 
177 315 19 26 0.9960751 
151 566 20 24 0.9960467 
112 535 18 24 0.99598545 
0 487 14 25 0.99596477 
951 319 19 25 0.99567956 
364 119 18 23 0.9956573 
251 632 21 23 0.99565244 
339 561 21 27 0.9953957 
51 193 20 24 0.9953186 
75 602 18 24 0.9951303 
753 665 20 28 0.99501413 
366 90 20 24 0.99468225 
650 160 16 21 0.9945527 
63 157 19 24 0.9944402 
18 563 20 26 0.9944179 
375 655 20 31 0.99439234 
903 61 18 25 0.99383694 
243 454 18 21 0.99377865 
938 469 18 25 0.9937779 
554 258 20 24 0.9936713 
411 350 19 25 0.9935361 
552 66 17 22 0.993493 
146 83 17 27 0.9934337 
84 573 18 24 0.9933461 
569 221 18 23 0.99309033 
576 393 18 25 0.99306023 
442 408 18 23 0.99297297 
1 47 15 25 0.9929397 
227 348 20 28 0.99290013 
891 320 20 23 0.9927626 
297 192 17 22 0.992743 
123 16 19 25 0.9927315 
648 562 21 26 0.99272984 
295 493 17 26 0.9926098 
411 524 19 25 0.99246585 
873 426 19 26 0.9924126 
771 604 18 24 0.99218607 
363 0 17 24 0.99215865 
655 116 18 25 0.99214303 
98 356 18 25 0.9911197 
1006 463 18 28 0.9909986 
905 561 19 25 0.9908047 
662 61 19 25 0.99051064 
280 389 17 22 0.990393 
204 289 18 25 0.99037045 
435 492 19 24 0.9901108 
687 455 19 23 0.9900941 
398 383 19 25 0.98999935 
543 490 20 25 0.9896958 
689 188 18 23 0.9896919 
456 1 18 26 0.9896327 
924 243 18 25 0.98962235 
