12_Group_Team_Organized_Group_12_Group_Team_Organized_Group_12_418
82
301 371 27 30 0.9998591 
166 355 23 28 0.99932027 
659 304 21 27 0.99901795 
403 259 24 33 0.99897766 
469 374 25 35 0.998806 
27 210 22 24 0.99825245 
392 403 24 29 0.997895 
806 182 18 24 0.9978398 
155 172 14 18 0.9977596 
316 283 22 27 0.99742824 
148 215 18 24 0.9972414 
633 363 24 28 0.99713373 
455 219 17 20 0.99677974 
716 214 18 21 0.9965724 
205 205 18 22 0.99635506 
255 223 20 21 0.99617684 
575 171 16 19 0.9956507 
560 369 21 27 0.9956142 
246 184 19 21 0.9944621 
189 187 15 19 0.99431133 
309 184 14 15 0.99367964 
562 221 19 22 0.99336666 
514 289 20 24 0.993361 
620 170 15 18 0.99291915 
551 185 15 19 0.99156606 
406 163 15 18 0.990932 
697 187 15 17 0.9903004 
268 136 14 15 0.9897792 
134 192 17 22 0.9887798 
407 222 15 20 0.9885832 
647 186 17 21 0.9882934 
237 350 24 27 0.9880327 
461 138 13 16 0.9855466 
508 210 17 24 0.9852136 
270 159 12 15 0.9849284 
650 108 12 16 0.9840209 
303 204 19 24 0.98332226 
361 229 15 18 0.98254204 
325 141 13 16 0.979447 
521 177 13 15 0.97726053 
206 169 16 17 0.97654253 
220 155 14 16 0.97246325 
90 186 17 22 0.9717843 
306 158 15 22 0.96996313 
485 156 12 16 0.9655206 
599 193 15 20 0.96372396 
450 187 16 21 0.9618474 
514 156 12 16 0.96131414 
93 229 18 18 0.95979357 
374 76 13 18 0.95660454 
411 76 13 14 0.952707 
531 143 12 15 0.94588184 
403 190 15 17 0.9379284 
283 89 10 15 0.9361243 
380 145 11 16 0.93315923 
294 35 12 14 0.9204765 
499 189 14 18 0.9178067 
619 217 17 20 0.9174315 
358 137 15 17 0.9134958 
122 140 15 16 0.9027544 
307 143 15 21 0.90171534 
666 210 16 22 0.89611465 
450 161 13 16 0.88767457 
354 186 18 23 0.8382808 
577 142 12 15 0.80766916 
102 172 18 19 0.80763745 
359 176 13 13 0.7745012 
550 158 13 15 0.7722156 
428 143 11 13 0.7679651 
503 146 11 13 0.754228 
319 82 14 17 0.7240803 
266 67 10 15 0.71268046 
240 77 12 16 0.66613525 
670 167 11 16 0.5944621 
612 144 9 14 0.44900918 
493 167 12 14 0.4090878 
839 399 28 33 0.384744 
751 205 13 16 0.36951816 
841 390 45 48 0.36128953 
557 159 12 14 0.34335354 
539 296 16 17 0.31524166 
837 367 57 75 0.30241957 
