12_Group_Large_Group_12_Group_Large_Group_12_103
24
738 132 22 28 0.99964225 
310 189 42 54 0.999637 
499 189 42 49 0.9993191 
772 190 32 44 0.99918956 
821 165 22 34 0.99913424 
107 152 40 49 0.99880826 
637 139 27 34 0.99856853 
915 292 53 65 0.9985644 
508 126 21 27 0.99562943 
923 180 16 32 0.985647 
396 152 25 25 0.9794068 
361 132 19 28 0.9760691 
401 199 30 48 0.9327114 
297 162 21 28 0.9245617 
497 325 84 103 0.83762264 
530 172 28 41 0.8359027 
666 130 20 26 0.7368042 
646 208 40 85 0.6463607 
523 177 42 50 0.58533967 
447 150 24 29 0.50590825 
87 321 40 42 0.37772912 
405 199 42 56 0.35182658 
575 185 28 29 0.33405063 
12 229 21 31 0.32746574 
