12_Group_Large_Group_12_Group_Large_Group_12_286
20
800 231 68 98 0.99992824 
491 240 31 39 0.999292 
88 159 45 63 0.99889565 
0 196 29 35 0.997869 
1001 263 23 27 0.9955446 
288 155 39 59 0.99440044 
970 255 17 21 0.97449183 
724 247 18 23 0.97078395 
267 227 31 50 0.9495063 
595 245 23 30 0.9231383 
421 259 42 84 0.8719877 
919 260 13 18 0.80456966 
486 216 17 21 0.66615325 
746 228 49 71 0.63552004 
398 212 30 30 0.52585214 
481 215 26 28 0.43294135 
176 241 28 31 0.38933304 
160 208 18 22 0.35434225 
277 237 20 38 0.33297673 
402 286 56 59 0.3142299 
