12_Group_Group_12_Group_Group_12_367
24
324 365 27 32 0.9999815 
695 351 27 33 0.99992585 
566 324 23 29 0.9999145 
626 355 25 33 0.9999131 
652 320 26 32 0.99990094 
610 292 24 31 0.99986553 
259 366 28 33 0.99986064 
351 296 23 26 0.99983454 
519 286 25 29 0.99981946 
517 337 26 31 0.9998172 
560 282 21 25 0.9998117 
547 370 26 31 0.9998079 
204 339 25 32 0.99971277 
469 284 22 23 0.999701 
292 263 22 27 0.999699 
437 333 21 26 0.999652 
424 280 25 32 0.99961925 
394 343 25 28 0.99961925 
457 356 27 29 0.99959046 
199 260 24 26 0.9995615 
382 271 23 26 0.99955314 
213 299 27 29 0.9995047 
635 264 22 29 0.9994491 
286 309 21 25 0.99922466 
