12_Group_Team_Organized_Group_12_Group_Team_Organized_Group_12_617
26
563 159 40 49 0.9999027 
907 194 45 48 0.9997583 
192 189 54 64 0.9987392 
276 177 15 18 0.9986082 
653 155 19 23 0.9982444 
847 129 20 28 0.99627966 
755 167 21 23 0.9958688 
805 161 19 25 0.9946631 
67 200 25 29 0.99177825 
293 165 18 21 0.9892019 
357 227 21 29 0.94570184 
257 220 21 29 0.90824276 
968 174 15 24 0.8286598 
982 158 13 17 0.8140396 
693 176 8 12 0.8066284 
347 177 15 17 0.7888575 
388 161 13 14 0.7485338 
735 155 15 23 0.7267309 
715 152 12 20 0.7189274 
49 182 7 13 0.6220514 
269 226 20 27 0.5196646 
715 158 15 19 0.51082957 
145 206 22 35 0.5025886 
635 168 9 11 0.4949326 
354 234 22 30 0.47917575 
139 202 21 36 0.3847018 
