12_Group_Team_Organized_Group_12_Group_Team_Organized_Group_12_412
22
556 235 33 42 0.99970263 
705 201 38 44 0.99964035 
761 176 33 43 0.9993782 
495 228 36 49 0.99906605 
781 59 30 36 0.9990226 
386 219 39 50 0.99848443 
234 200 35 54 0.9984022 
4 209 41 41 0.9977952 
605 335 34 46 0.99681324 
890 224 37 46 0.9959888 
966 135 35 49 0.9957949 
143 216 29 44 0.99557906 
116 191 35 43 0.99518836 
663 226 33 35 0.99436086 
329 214 37 52 0.99234456 
579 401 42 56 0.9829616 
497 174 28 36 0.9787749 
540 139 18 28 0.72299486 
206 205 22 26 0.41277412 
875 13 27 30 0.3279875 
41 233 36 28 0.3181303 
908 205 35 49 0.31777883 
