12_Group_Large_Group_12_Group_Large_Group_12_228
24
203 410 15 18 0.9963296 
155 415 16 18 0.9956743 
907 414 16 19 0.9944977 
781 410 18 21 0.9943615 
828 405 17 23 0.99382097 
483 399 17 19 0.99368095 
870 419 17 21 0.9929624 
111 411 16 19 0.99290645 
699 416 17 19 0.9926837 
653 418 17 21 0.9923022 
338 413 16 18 0.9920813 
247 412 16 19 0.9917263 
293 407 16 19 0.9911438 
743 407 18 21 0.99079823 
563 406 17 19 0.98943555 
607 412 16 21 0.98863995 
393 413 15 18 0.98730475 
525 407 17 21 0.98651403 
306 475 16 18 0.98496443 
430 415 16 19 0.98442024 
465 503 13 14 0.7844362 
243 467 21 23 0.5920431 
335 69 85 133 0.50075364 
627 2 132 121 0.31712067 
