12_Group_Large_Group_12_Group_Large_Group_12_253
50
680 323 27 33 0.9998758 
356 227 27 35 0.9998456 
88 243 27 34 0.99982554 
161 265 30 37 0.99981326 
243 398 33 43 0.9997886 
972 390 32 39 0.9997726 
796 232 24 32 0.9997626 
40 264 33 41 0.9996991 
297 228 25 35 0.99964 
351 421 30 39 0.9996178 
408 237 27 34 0.9996056 
500 210 22 28 0.999524 
485 363 33 45 0.99950933 
23 435 31 44 0.9995059 
546 335 30 39 0.9994825 
262 220 21 27 0.9994766 
658 385 30 38 0.99937004 
860 250 27 35 0.99927455 
935 259 27 33 0.999238 
391 429 39 45 0.9991947 
608 324 24 32 0.9991912 
860 223 23 27 0.9991905 
159 211 27 32 0.9991658 
280 261 28 36 0.99909055 
591 420 28 40 0.9989988 
683 238 20 27 0.9989686 
393 199 25 29 0.99889696 
131 416 37 46 0.9988387 
30 203 23 32 0.9988385 
616 287 27 31 0.9988017 
708 247 24 30 0.998776 
331 200 22 30 0.9985567 
767 203 22 25 0.99842995 
460 233 25 33 0.9984043 
613 209 20 28 0.99831957 
561 205 21 27 0.9982345 
896 241 21 30 0.9982326 
206 197 24 29 0.9981839 
636 227 23 29 0.9975262 
1 241 19 33 0.9973133 
765 261 21 26 0.9972855 
119 200 21 30 0.9972115 
874 388 29 35 0.9960394 
214 270 28 31 0.9959805 
760 376 26 29 0.9954485 
457 204 22 29 0.99533075 
563 322 23 33 0.9896606 
731 232 22 29 0.9819505 
780 235 19 28 0.65607387 
689 220 20 24 0.6228144 
