12_Group_Group_12_Group_Group_12_179
19
636 244 55 68 0.9997085 
447 140 46 61 0.9996766 
356 230 45 64 0.99966896 
491 202 59 70 0.99959725 
229 234 52 66 0.9995938 
893 247 57 67 0.9995863 
269 159 38 47 0.99952745 
88 220 59 67 0.99946123 
309 196 47 60 0.99930656 
786 254 53 67 0.9992945 
724 199 50 59 0.99910754 
142 199 50 55 0.9989404 
979 288 9 10 0.9684128 
999 328 10 12 0.9652573 
981 248 10 12 0.92588264 
1001 286 9 10 0.8806187 
1003 247 10 12 0.8498603 
978 326 9 10 0.7958476 
1016 334 8 13 0.48593244 
