12_Group_Large_Group_12_Group_Large_Group_12_276
22
850 87 62 65 0.9998436 
216 239 59 71 0.9997366 
593 91 55 68 0.9996871 
668 261 65 81 0.99964166 
583 27 39 50 0.99949336 
297 5 41 53 0.9994892 
492 1 44 52 0.9994568 
708 71 48 63 0.99934727 
571 201 60 74 0.9992617 
440 231 56 78 0.99905485 
137 10 48 50 0.99900335 
325 222 55 74 0.99887544 
224 55 49 66 0.99854845 
519 76 49 64 0.9984517 
437 59 51 72 0.9983943 
697 150 55 83 0.9974956 
650 67 45 49 0.9973878 
356 33 51 81 0.9972096 
105 287 67 78 0.987501 
0 69 29 64 0.9869113 
978 24 21 27 0.8638946 
818 177 106 98 0.5475176 
