12_Group_Large_Group_12_Group_Large_Group_12_736
18
936 453 25 31 0.99892944 
298 385 27 28 0.99803454 
397 389 17 23 0.9960951 
572 398 32 40 0.99405223 
424 389 18 27 0.9863602 
140 379 26 39 0.97745204 
634 358 18 27 0.9614223 
153 333 20 34 0.8904213 
13 359 19 28 0.7024285 
228 367 16 22 0.69661313 
753 387 12 31 0.68243057 
71 312 9 12 0.60826373 
226 391 19 30 0.50520986 
88 338 13 13 0.412093 
182 362 19 31 0.40509605 
64 339 23 28 0.3926502 
155 325 21 30 0.35428575 
748 380 15 37 0.30556366 
