12_Group_Large_Group_12_Group_Large_Group_12_213
22
484 342 27 37 0.9993125 
849 267 18 22 0.99812025 
279 316 19 24 0.99696714 
352 356 29 33 0.99580055 
244 302 19 23 0.99457777 
715 379 32 22 0.9892841 
833 352 31 26 0.9829118 
0 372 22 50 0.98182535 
163 406 40 37 0.9770225 
940 316 26 22 0.9761402 
293 285 13 16 0.97051525 
471 296 17 21 0.96214485 
698 310 15 18 0.9555709 
762 303 15 18 0.90906924 
403 288 15 16 0.9017607 
585 282 14 18 0.8969647 
883 279 15 18 0.8885601 
427 315 19 19 0.80927056 
668 279 11 15 0.79335517 
582 316 16 18 0.7656711 
739 275 12 14 0.5491457 
546 308 12 14 0.3951518 
