12_Group_Large_Group_12_Group_Large_Group_12_315
85
495 380 31 36 0.9997372 
535 332 23 27 0.99973506 
754 268 31 37 0.9997199 
367 359 27 30 0.9996295 
646 305 31 35 0.99962485 
504 315 20 26 0.9995485 
681 274 27 34 0.9994542 
334 381 22 27 0.999395 
156 341 22 25 0.999348 
693 412 35 38 0.9993414 
808 387 37 46 0.9993218 
118 345 23 25 0.99925905 
258 410 23 32 0.99919933 
182 408 25 29 0.9991835 
579 405 33 46 0.9991554 
927 410 20 22 0.9991135 
429 347 20 24 0.99903035 
601 302 25 32 0.9990239 
191 316 21 22 0.9988695 
228 333 21 26 0.9987507 
793 257 28 37 0.9987056 
116 424 27 32 0.9986603 
187 341 22 25 0.9984421 
884 420 20 23 0.99842787 
862 412 21 24 0.9972367 
294 359 19 24 0.9969837 
882 392 19 25 0.99693847 
554 236 14 18 0.99613523 
480 331 20 26 0.9961133 
311 279 16 18 0.99596965 
499 271 17 19 0.9951729 
954 386 17 19 0.9945129 
949 450 22 26 0.9941328 
447 329 19 24 0.9928484 
386 287 17 22 0.9926581 
898 352 16 19 0.9922741 
264 338 19 24 0.9921822 
389 314 16 23 0.99098337 
453 281 15 18 0.9867865 
355 280 15 18 0.9844871 
489 304 18 22 0.98316264 
287 315 16 20 0.9830505 
406 296 15 20 0.9792462 
414 266 14 17 0.97779614 
371 319 18 25 0.977024 
323 351 17 19 0.97482026 
320 323 17 20 0.9659832 
436 225 13 15 0.958839 
131 329 20 20 0.95299035 
475 261 16 20 0.94313216 
570 238 14 17 0.9355772 
382 269 14 17 0.93444955 
536 253 15 19 0.9329835 
349 309 15 18 0.9306933 
506 229 13 15 0.9065209 
497 242 13 15 0.89034 
456 233 12 15 0.883204 
431 315 15 18 0.8713101 
209 339 18 23 0.86631835 
477 242 12 14 0.8631723 
397 257 14 16 0.86201143 
526 233 13 15 0.85486263 
456 214 12 15 0.84403795 
420 240 14 15 0.83702815 
446 260 13 17 0.8267126 
481 219 12 16 0.7967429 
581 219 12 15 0.77387846 
612 218 12 14 0.7575723 
596 215 10 13 0.72973454 
679 148 9 11 0.6760063 
498 214 11 13 0.6690491 
611 183 10 13 0.6503201 
658 183 11 13 0.63818103 
535 210 10 13 0.62482536 
838 60 10 12 0.6144105 
520 209 10 14 0.6128308 
798 135 10 11 0.610202 
706 144 10 13 0.57587445 
670 167 9 12 0.54414463 
722 135 10 13 0.5384841 
594 188 10 13 0.5356347 
566 199 10 13 0.4905919 
772 138 9 11 0.40622112 
751 131 10 11 0.3868602 
693 168 11 14 0.38496882 
