12_Group_Team_Organized_Group_12_Group_Team_Organized_Group_12_83
29
807 222 63 71 0.9998123 
303 242 31 45 0.9995154 
110 237 28 33 0.99924207 
142 287 31 34 0.99901295 
402 245 31 40 0.9980009 
731 369 164 244 0.99733305 
904 242 22 26 0.99680895 
29 323 22 24 0.9964939 
39 259 22 25 0.9907612 
10 262 20 25 0.98643523 
553 270 40 32 0.97605294 
209 270 20 26 0.96652925 
960 194 15 19 0.96024555 
997 192 20 22 0.9583249 
731 226 16 19 0.9545835 
1 342 15 38 0.8831013 
917 207 13 14 0.81038266 
94 281 27 36 0.7862751 
957 246 15 17 0.7858893 
183 257 18 26 0.76755595 
15 297 19 21 0.7219063 
1003 241 14 14 0.6065331 
542 267 45 48 0.5359673 
141 261 20 26 0.52133447 
760 214 12 13 0.5005161 
174 287 24 30 0.48765165 
755 242 43 59 0.45907012 
128 253 18 24 0.35400495 
539 274 29 42 0.3207023 
