12_Group_Team_Organized_Group_12_Group_Team_Organized_Group_12_283
61
135 333 26 30 0.9998115 
890 266 20 26 0.9996581 
234 257 22 27 0.9995301 
442 331 22 26 0.9993567 
235 347 25 30 0.9993487 
433 246 22 28 0.9993338 
63 319 26 31 0.99922144 
297 349 20 26 0.9991955 
69 235 21 26 0.9991327 
847 247 18 26 0.99897504 
673 357 20 25 0.9989556 
827 247 18 24 0.998757 
468 233 19 22 0.99870217 
177 261 21 24 0.9986696 
801 241 18 23 0.99861 
360 341 23 26 0.99858415 
204 240 17 19 0.9984267 
587 236 21 27 0.99811566 
575 360 21 23 0.998086 
96 260 19 21 0.99798065 
653 258 18 24 0.99796224 
559 239 21 27 0.99795365 
480 215 18 21 0.997846 
520 347 20 24 0.99784446 
768 244 20 24 0.9978371 
359 244 18 22 0.99760157 
614 234 19 24 0.99731964 
734 285 20 24 0.99722856 
477 268 23 26 0.9971559 
265 249 20 24 0.9964379 
952 264 19 22 0.9962626 
521 221 18 22 0.9957741 
668 234 19 21 0.9951336 
737 230 17 23 0.9950728 
306 266 19 24 0.99450374 
355 264 19 23 0.9943995 
671 270 20 25 0.9938834 
626 259 19 25 0.9937202 
461 250 20 25 0.9935823 
390 259 19 22 0.9927039 
283 231 17 22 0.9920421 
148 253 17 19 0.9918967 
335 240 17 21 0.9913182 
386 228 19 23 0.99057966 
307 232 16 17 0.990123 
216 229 17 21 0.9869724 
708 244 19 21 0.98685396 
108 234 21 22 0.98251444 
176 227 15 18 0.9824839 
331 259 17 24 0.98073924 
249 233 15 18 0.94939625 
136 236 15 19 0.9478793 
303 250 16 19 0.9463428 
520 259 17 24 0.93830824 
525 243 19 22 0.9317346 
363 232 16 19 0.9211587 
415 245 15 19 0.91856325 
316 220 15 18 0.9035505 
701 230 15 18 0.857275 
541 249 14 21 0.8366652 
645 233 13 16 0.83100015 
