12_Group_Large_Group_12_Group_Large_Group_12_43
21
341 215 29 37 0.9999473 
616 232 28 36 0.9999436 
475 269 30 38 0.99986005 
545 246 26 34 0.999841 
185 208 36 40 0.9997857 
222 232 43 48 0.9997619 
404 201 22 27 0.9997539 
684 215 24 30 0.99971265 
451 222 28 36 0.9996991 
547 209 19 22 0.99968266 
777 290 32 39 0.99967456 
564 270 37 45 0.99966097 
384 280 34 41 0.99963355 
815 251 31 32 0.9996093 
488 205 22 27 0.9996086 
897 282 41 42 0.9995977 
702 268 34 41 0.9995859 
100 237 43 47 0.9995826 
648 272 32 42 0.99946135 
742 251 31 35 0.99858296 
637 219 21 25 0.99727815 
