26_Soldier_Drilling_Soldiers_Drilling_26_204
28
370 252 32 43 0.9620558 
448 140 18 21 0.9603206 
983 206 15 13 0.9480252 
438 198 21 25 0.9118719 
579 81 18 16 0.83264905 
597 117 14 15 0.7953814 
238 67 10 13 0.7169075 
795 297 16 17 0.65534186 
781 215 34 43 0.6338689 
492 81 9 9 0.6067413 
194 78 13 12 0.5875201 
650 73 13 12 0.5388968 
473 134 16 20 0.5361428 
946 115 11 11 0.53453946 
851 311 43 36 0.53217465 
499 105 13 15 0.5192692 
978 114 11 10 0.4962001 
829 188 26 29 0.47715455 
855 287 38 37 0.47454035 
1015 126 9 9 0.43557855 
942 116 12 11 0.42410365 
988 122 11 10 0.40444207 
783 227 22 32 0.39774656 
963 149 21 18 0.3851974 
1012 149 12 10 0.365352 
611 150 19 18 0.36527172 
993 188 17 18 0.36188948 
943 170 17 17 0.3342989 
