26_Soldier_Drilling_Soldiers_Drilling_26_991
23
478 98 14 14 0.9823887 
304 93 14 18 0.97505265 
244 123 11 12 0.97426444 
732 83 10 12 0.9669594 
785 67 10 13 0.9627071 
348 103 12 17 0.9541197 
630 84 12 15 0.94996285 
835 63 11 14 0.92865145 
588 87 9 12 0.92805135 
215 120 10 13 0.9158903 
437 104 11 15 0.898495 
699 79 9 12 0.6825709 
172 124 9 12 0.65063494 
390 111 10 13 0.613325 
551 96 10 15 0.5617988 
52 146 7 8 0.51108307 
272 113 13 15 0.45765933 
608 91 9 14 0.45727527 
630 83 11 11 0.39292362 
175 125 9 11 0.37683138 
702 80 9 12 0.36165085 
726 81 12 15 0.36131707 
548 95 11 12 0.3349103 
