7_Cheering_Cheering_7_138
19
471 165 46 69 0.99955136 
340 136 50 59 0.99918765 
219 132 41 54 0.99844676 
836 123 51 69 0.99834263 
602 195 48 59 0.99790657 
57 169 41 58 0.9972529 
787 118 51 75 0.99290293 
494 103 48 60 0.98506343 
194 124 24 31 0.9846032 
0 349 59 79 0.9772276 
299 129 37 51 0.97012323 
865 87 49 68 0.9700161 
399 136 39 55 0.908149 
544 89 34 59 0.8665384 
102 151 35 41 0.8559474 
95 115 21 24 0.6724083 
607 615 11 14 0.6091992 
340 463 37 61 0.43493032 
0 331 90 112 0.34794578 
