7_Cheering_Cheering_7_345
35
602 188 28 39 0.9985354 
2 309 20 33 0.9973859 
859 358 23 26 0.9966725 
352 402 25 28 0.9964546 
264 393 23 28 0.99589753 
453 156 25 38 0.99570245 
795 395 25 31 0.99502003 
254 370 24 29 0.99299616 
553 353 24 29 0.9927327 
581 391 26 30 0.98991054 
229 377 22 29 0.98424757 
759 374 23 27 0.93978804 
879 378 17 20 0.863928 
333 420 16 32 0.8181799 
466 389 19 31 0.7919606 
87 375 23 26 0.7882349 
680 227 16 35 0.7395232 
901 359 24 25 0.7325889 
861 401 21 32 0.67419887 
158 410 22 31 0.63283634 
943 308 22 33 0.61521286 
47 399 18 22 0.5839236 
688 428 16 28 0.5207384 
235 427 19 29 0.51703167 
744 497 20 33 0.48775822 
24 389 17 20 0.42136952 
810 442 24 22 0.414482 
197 391 22 24 0.38962272 
882 377 23 26 0.3632378 
22 371 22 25 0.3473185 
19 380 24 28 0.3389578 
243 426 17 27 0.32936442 
338 385 12 23 0.31028777 
295 412 18 26 0.3102015 
188 391 38 45 0.3065992 
