7_Cheering_Cheering_7_536
25
928 298 47 29 0.98899835 
998 240 26 39 0.9742286 
896 244 30 26 0.9578439 
519 335 32 59 0.94460905 
205 226 24 22 0.93407416 
242 231 31 34 0.8873934 
0 231 24 30 0.88578296 
852 282 29 33 0.875275 
329 308 28 24 0.86636853 
504 264 54 38 0.85664845 
253 313 29 33 0.84924066 
877 264 30 30 0.8315072 
640 262 47 47 0.82567036 
211 265 41 30 0.82473516 
0 344 18 32 0.7743259 
177 256 29 28 0.70996356 
312 231 30 21 0.6518987 
334 265 25 22 0.62316877 
99 245 26 21 0.49650583 
633 259 61 75 0.39185023 
263 255 25 19 0.38889787 
716 231 83 137 0.37762251 
885 260 28 31 0.35424694 
726 230 59 84 0.32213888 
1000 406 24 22 0.30252597 
