7_Cheering_Cheering_7_29
100
444 171 14 15 0.9909862 
909 128 14 15 0.990396 
976 337 15 17 0.9895476 
245 43 11 14 0.9893994 
728 166 13 15 0.98453647 
809 368 17 17 0.9838478 
111 130 11 12 0.9821322 
889 215 16 19 0.97745454 
618 178 13 17 0.97607136 
205 94 13 15 0.97498894 
591 124 15 18 0.97148263 
270 107 13 15 0.96749955 
357 246 14 14 0.9606627 
899 351 15 19 0.9596352 
570 218 16 19 0.9499536 
174 110 12 16 0.9484001 
879 249 14 16 0.94650084 
42 361 13 14 0.93657666 
937 117 12 15 0.9360963 
516 281 12 13 0.9270844 
591 98 11 13 0.924612 
978 195 11 12 0.9230041 
804 279 17 17 0.92092174 
998 190 12 11 0.9154975 
961 300 13 16 0.91451806 
940 296 13 15 0.9115311 
680 175 14 17 0.9055113 
992 224 15 15 0.90517735 
608 238 15 18 0.9042677 
480 308 13 14 0.9000079 
431 443 16 14 0.89212 
69 279 15 17 0.8894414 
465 359 14 19 0.8823058 
2 113 14 16 0.8791645 
403 292 15 18 0.87846774 
350 338 15 16 0.87445074 
766 268 14 15 0.87163985 
973 95 12 12 0.8702713 
938 468 17 16 0.86301816 
841 342 12 16 0.83726203 
678 119 11 11 0.83724946 
887 92 12 12 0.8315916 
686 273 13 15 0.8257654 
477 333 16 17 0.82557887 
438 129 11 14 0.82483333 
128 267 13 12 0.81957835 
164 145 11 14 0.8159969 
547 353 15 19 0.8128738 
100 369 15 16 0.8044311 
248 105 8 11 0.8044166 
346 434 17 18 0.80407214 
804 100 11 14 0.7955235 
324 275 13 15 0.79051065 
534 138 11 14 0.7838893 
713 293 17 18 0.78068703 
158 269 10 12 0.7581647 
411 201 11 14 0.75691736 
97 312 10 11 0.7547071 
301 330 14 13 0.75393 
365 363 11 15 0.75293064 
826 231 12 14 0.74685687 
403 323 17 18 0.7369844 
555 89 11 12 0.7296119 
843 320 10 10 0.7288806 
491 186 10 12 0.72667545 
338 169 12 13 0.7229514 
254 232 13 14 0.7177075 
822 270 10 13 0.7153138 
391 202 10 12 0.7120838 
1004 338 10 12 0.69258094 
790 216 12 12 0.6788911 
763 125 14 13 0.6782469 
671 132 11 11 0.6774358 
726 360 12 11 0.67477304 
221 141 13 13 0.67337453 
761 127 12 12 0.66675395 
461 99 13 14 0.6643903 
921 96 10 10 0.65904063 
39 171 12 12 0.6567924 
509 175 8 13 0.65223134 
194 269 15 17 0.65056735 
310 107 14 17 0.64698684 
154 113 11 14 0.64512384 
372 298 12 13 0.6443707 
950 254 14 14 0.6412611 
612 359 15 18 0.63870114 
344 398 17 18 0.6275392 
607 83 10 12 0.62681216 
72 87 10 14 0.6211325 
679 142 12 15 0.61737823 
302 431 18 18 0.5899024 
93 296 11 12 0.5781233 
959 120 11 11 0.56698227 
732 364 13 12 0.5602441 
186 115 9 13 0.5588061 
738 107 10 12 0.55184585 
727 359 17 16 0.54667276 
827 297 11 12 0.54509604 
624 118 15 18 0.53568417 
58 81 12 11 0.53552467 
