54_Rescue_rescuepeople_54_159
22
635 117 19 21 0.9653617 
888 27 29 35 0.91496944 
715 84 21 28 0.9125654 
354 114 17 23 0.8706478 
845 4 28 29 0.85806006 
808 36 21 25 0.8394032 
585 89 27 25 0.7887295 
776 104 19 22 0.7283068 
484 426 28 34 0.6865746 
152 81 39 35 0.6611652 
749 132 32 32 0.658622 
794 82 18 21 0.6572684 
684 110 27 35 0.63206637 
299 206 18 24 0.5632648 
676 114 28 32 0.5171751 
795 100 28 34 0.5026188 
812 61 17 22 0.4988842 
778 27 21 26 0.46659195 
301 87 30 32 0.45976785 
572 88 17 20 0.38346395 
827 77 18 19 0.31712353 
755 52 28 28 0.31256086 
