54_Rescue_rescuepeople_54_431
50
570 458 33 46 0.99911696 
520 513 38 47 0.99820626 
674 397 27 34 0.99741995 
370 396 34 47 0.9966108 
819 378 30 30 0.9943581 
780 519 38 41 0.9940824 
534 382 21 27 0.99113715 
663 357 22 29 0.9850439 
869 419 43 45 0.98399895 
601 285 15 21 0.98353 
626 554 37 47 0.9806568 
90 220 40 49 0.9787653 
483 213 20 25 0.97853446 
598 357 19 26 0.97638774 
652 272 17 23 0.9705828 
416 230 24 27 0.9658197 
755 455 33 37 0.95946455 
608 316 18 23 0.9496514 
773 328 23 29 0.94730484 
508 163 19 30 0.92523766 
212 287 16 20 0.9096223 
314 195 17 21 0.894144 
554 193 15 18 0.8939178 
664 453 22 31 0.8887921 
466 325 26 34 0.87226826 
271 324 14 18 0.8501862 
691 313 20 26 0.8423735 
310 352 20 26 0.84233546 
740 398 25 32 0.8279106 
75 308 89 81 0.7665028 
888 513 41 43 0.7647374 
684 295 15 17 0.7586161 
617 298 14 17 0.74531615 
29 475 193 165 0.7259622 
242 196 13 17 0.7193397 
238 317 13 15 0.70586544 
751 329 19 26 0.5973066 
378 256 22 25 0.5911058 
386 193 19 28 0.5234554 
250 185 12 15 0.5113185 
192 326 24 25 0.48049328 
300 281 18 21 0.46557847 
295 214 20 25 0.45365307 
377 198 19 26 0.4328651 
47 496 146 102 0.41909993 
870 131 17 19 0.40686506 
601 180 20 29 0.39555675 
752 299 15 18 0.3928407 
470 182 9 13 0.3253386 
694 311 16 19 0.31997645 
