9_Press_Conference_Press_Conference_9_35
20
687 214 15 18 0.9990293 
188 191 19 22 0.99779356 
269 305 21 38 0.99512804 
304 284 16 25 0.9921146 
401 187 12 15 0.9919109 
623 216 14 18 0.9907065 
601 198 14 14 0.9892833 
215 404 47 28 0.9844006 
199 289 15 18 0.981872 
956 186 30 43 0.9634402 
854 142 12 16 0.9522701 
312 215 13 16 0.93524414 
954 214 28 41 0.93466127 
289 210 11 16 0.9340629 
377 214 11 14 0.91138244 
492 295 22 37 0.90962607 
367 314 19 34 0.8788298 
333 211 11 13 0.86684084 
377 243 12 18 0.8581381 
321 219 10 14 0.5859133 
