47_Matador_Bullfighter_matadorbullfighting_47_731
100
576 138 21 27 0.99661213 
423 172 22 20 0.988364 
522 124 12 15 0.9493838 
40 127 13 13 0.94380033 
51 83 10 12 0.9419745 
166 159 11 11 0.9359173 
29 153 12 12 0.9225824 
779 136 12 14 0.92178583 
73 150 11 12 0.9177622 
996 129 14 15 0.91248405 
141 11 11 13 0.91211134 
103 121 11 12 0.9101391 
403 134 12 12 0.9081793 
13 167 13 13 0.9051636 
967 91 11 14 0.90182245 
973 137 14 16 0.89742064 
363 12 10 11 0.896797 
991 79 11 13 0.88824004 
429 105 11 12 0.88793945 
389 148 11 11 0.8848298 
1013 86 11 12 0.8839206 
963 72 10 12 0.858628 
359 117 11 12 0.8579727 
307 76 11 12 0.85443264 
755 87 11 15 0.85061604 
841 86 10 13 0.850592 
227 88 9 11 0.85046023 
922 89 11 15 0.84870946 
231 6 9 10 0.8473667 
1 149 12 14 0.84421563 
721 135 11 12 0.8357405 
831 53 9 12 0.83549196 
263 135 10 12 0.82870936 
340 7 10 13 0.8210097 
679 89 11 12 0.81478196 
198 162 10 10 0.81280786 
86 100 11 13 0.8092661 
348 109 11 12 0.8061031 
402 0 10 10 0.8056447 
870 93 11 12 0.8002404 
914 110 11 12 0.7945425 
82 123 12 14 0.79416674 
18 136 12 13 0.79186076 
461 148 11 12 0.7773855 
515 70 10 13 0.76892734 
34 96 11 13 0.7628319 
833 111 12 13 0.7561304 
9 115 12 14 0.7418208 
558 64 9 11 0.7412118 
23 1 10 11 0.73987 
1006 4 11 14 0.7373811 
45 5 10 13 0.7366218 
565 121 12 14 0.73152566 
906 135 12 13 0.7310613 
948 14 11 11 0.7228194 
164 6 9 12 0.71127635 
977 8 11 11 0.7085889 
311 17 9 11 0.7071704 
0 80 7 12 0.70592225 
354 74 10 10 0.7031872 
494 63 11 13 0.68955624 
972 48 10 12 0.6855785 
302 135 12 12 0.6842523 
917 40 11 12 0.68291867 
946 38 11 11 0.6751421 
346 98 11 13 0.6735105 
189 140 10 12 0.66790813 
783 79 10 12 0.66674596 
871 112 11 14 0.65937406 
331 74 10 13 0.6553776 
438 128 12 11 0.6537373 
63 115 11 13 0.65362126 
124 145 10 12 0.65313405 
594 102 10 12 0.651925 
524 65 10 12 0.65036845 
949 111 13 15 0.64743197 
678 114 13 14 0.6316736 
340 86 9 11 0.62946534 
326 4 9 11 0.62779623 
478 86 10 11 0.6275532 
106 138 10 15 0.6263474 
29 78 10 11 0.61994123 
59 22 9 11 0.61897343 
182 90 10 12 0.6184928 
179 4 9 10 0.6157124 
130 6 9 11 0.61502486 
154 99 10 13 0.6073145 
745 9 11 13 0.6064021 
306 116 10 12 0.60230464 
850 96 11 12 0.6021655 
857 59 9 11 0.5997637 
890 102 10 13 0.5981359 
884 129 11 13 0.5971315 
101 89 10 11 0.5920529 
415 100 11 13 0.5871243 
491 319 47 42 0.5779098 
908 59 9 10 0.57786614 
916 180 11 14 0.5762125 
378 82 10 11 0.57089037 
396 60 9 12 0.56645083 
