47_Matador_Bullfighter_matadorbullfighting_47_511
35
764 274 9 12 0.94016784 
890 489 27 38 0.8610959 
411 256 9 11 0.82378054 
637 296 8 9 0.79267156 
18 591 13 16 0.76341087 
105 381 7 14 0.7535931 
784 530 16 20 0.74494725 
815 558 17 18 0.6771443 
238 577 12 13 0.63658065 
788 505 17 21 0.5885194 
758 596 15 12 0.57346654 
241 130 7 10 0.53971636 
948 0 14 10 0.53755975 
697 27 12 16 0.52613294 
960 117 11 11 0.5023785 
991 97 8 9 0.492942 
0 111 10 13 0.48773834 
857 186 8 11 0.46940073 
670 10 8 10 0.4607344 
798 26 10 15 0.45554143 
160 100 7 9 0.45181745 
547 559 10 14 0.44903913 
360 437 9 12 0.44646424 
63 16 7 10 0.44565892 
723 32 8 11 0.4170237 
69 566 12 14 0.4133716 
987 495 14 15 0.3907446 
67 78 9 12 0.3792799 
73 561 23 32 0.36963055 
153 600 13 18 0.34984535 
207 665 20 19 0.33025625 
498 61 7 8 0.3157783 
227 134 7 8 0.31338865 
176 567 10 13 0.3102283 
663 59 9 10 0.3096661 
