47_Matador_Bullfighter_matadorbullfighting_47_236
26
388 266 93 114 0.9990471 
110 194 20 23 0.97777116 
829 128 23 24 0.962743 
751 48 12 18 0.9516911 
267 206 19 20 0.89263403 
68 196 16 22 0.8822051 
36 191 17 23 0.862718 
682 44 12 18 0.84819555 
793 116 17 22 0.8454056 
718 108 18 20 0.8408079 
990 95 19 26 0.81531465 
122 177 20 23 0.7942333 
946 48 16 20 0.77201176 
385 136 19 21 0.7703386 
601 190 21 22 0.75555253 
87 107 18 23 0.6897481 
269 68 13 18 0.6061371 
452 179 26 37 0.5824021 
154 132 19 21 0.51467717 
591 128 17 18 0.5079369 
351 197 20 22 0.5077179 
253 179 15 20 0.4950622 
159 174 16 18 0.41690648 
282 122 13 17 0.37475753 
418 123 13 17 0.30213866 
737 89 17 20 0.30201426 
