54_Rescue_rescuepeople_54_581
68
213 330 10 13 0.9575158 
91 337 10 12 0.9502679 
168 351 10 15 0.94155073 
1013 374 11 12 0.9240366 
815 367 9 11 0.9127082 
815 182 9 12 0.9073197 
850 181 9 12 0.90681624 
693 191 8 12 0.9045319 
263 330 10 13 0.89971143 
907 371 10 12 0.89498115 
539 336 11 14 0.8808901 
481 316 10 13 0.8797703 
316 339 10 12 0.8627325 
374 353 10 14 0.86045724 
0 334 8 13 0.8598899 
420 330 11 14 0.83477324 
56 348 8 11 0.8283431 
804 194 8 11 0.82343984 
234 193 9 12 0.81450623 
888 312 8 12 0.8129595 
507 181 9 12 0.80644244 
203 328 9 12 0.79954404 
742 371 10 12 0.79869235 
249 185 8 11 0.79469424 
479 353 9 13 0.7918266 
210 201 8 11 0.7889203 
974 423 11 12 0.78399885 
234 353 10 11 0.7757543 
959 196 8 10 0.7750936 
99 360 9 10 0.77302694 
480 179 8 11 0.76998425 
968 191 9 13 0.7399495 
690 373 10 12 0.7357304 
287 191 10 11 0.73306066 
937 197 8 12 0.722778 
841 369 10 12 0.71169245 
904 208 7 10 0.70665854 
654 199 7 11 0.7065146 
964 307 10 13 0.7056021 
363 360 9 11 0.7023757 
976 201 7 11 0.68887895 
34 184 8 13 0.6871596 
624 187 9 12 0.68588686 
597 354 8 15 0.66764474 
996 368 11 13 0.6672764 
882 196 9 11 0.6645697 
434 183 9 11 0.65121067 
332 355 8 12 0.6504716 
194 183 8 10 0.64340866 
384 188 9 11 0.6272981 
304 191 9 11 0.62049526 
452 192 9 12 0.6098587 
107 193 9 13 0.60373914 
790 364 10 13 0.59605986 
539 369 8 11 0.5921898 
362 342 8 11 0.58563644 
641 365 11 15 0.58128315 
404 180 9 11 0.5801919 
538 318 9 11 0.54411334 
621 363 7 11 0.5108001 
749 198 8 11 0.49616992 
109 221 8 9 0.43431777 
875 376 9 14 0.41233864 
323 197 8 11 0.38418674 
921 317 7 10 0.37185588 
395 176 8 10 0.35633376 
430 325 10 12 0.34213886 
9 191 8 10 0.30324244 
