54_Rescue_rescuepeople_54_159
23
886 26 31 38 0.9873468 
635 113 19 26 0.9714675 
750 133 30 31 0.93282825 
714 85 21 23 0.921466 
422 230 18 19 0.901319 
810 37 17 21 0.8698167 
779 28 21 27 0.8252735 
682 113 28 31 0.7986456 
777 103 19 22 0.7908564 
354 117 19 23 0.750049 
812 61 17 22 0.70513946 
793 80 17 20 0.6606939 
845 3 30 32 0.6497245 
588 93 24 23 0.6011032 
299 207 18 20 0.5643344 
755 52 25 28 0.5518936 
481 426 28 35 0.51543754 
802 99 24 33 0.501965 
647 217 29 42 0.50037205 
519 183 17 22 0.42519137 
154 80 34 34 0.3962719 
631 176 25 37 0.35905907 
539 388 48 48 0.34646097 
