49_Greeting_peoplegreeting_49_48
19
590 194 42 59 0.99952126 
232 267 28 34 0.999321 
723 125 53 71 0.9989548 
291 219 34 44 0.9987589 
382 231 36 50 0.9984737 
162 288 22 26 0.99267995 
194 281 25 32 0.9852159 
23 335 90 97 0.9714792 
0 140 127 218 0.9189284 
538 138 32 101 0.8964436 
333 598 31 25 0.5893052 
0 5 154 166 0.5651078 
148 299 18 21 0.5442345 
5 0 134 425 0.5246864 
805 477 52 44 0.50838107 
846 1 49 31 0.43499556 
152 302 12 15 0.41105378 
326 600 28 25 0.3616204 
980 431 23 19 0.36037064 
