49_Greeting_peoplegreeting_49_53
24
220 327 46 77 0.9995321 
328 645 72 89 0.9994289 
666 211 50 71 0.99941826 
347 330 46 71 0.99893695 
438 335 53 76 0.9987319 
795 389 68 84 0.9971269 
84 382 62 81 0.9959282 
566 167 45 68 0.99222964 
173 278 38 71 0.990131 
773 662 69 94 0.98824406 
689 384 41 68 0.98132974 
706 294 37 58 0.9609175 
829 327 43 61 0.95223796 
110 340 54 80 0.79703593 
230 216 34 54 0.74515975 
842 265 53 88 0.7335685 
332 225 47 64 0.70259464 
817 249 74 128 0.56316614 
229 252 53 73 0.551289 
494 246 47 47 0.47009122 
225 141 25 30 0.4682887 
807 242 69 84 0.36364624 
95 351 65 98 0.35172898 
227 213 49 74 0.30097595 
