17_Ceremony_Ceremony_17_944
21
200 466 9 15 0.9949647 
0 522 14 32 0.9927642 
516 424 10 16 0.9894894 
814 457 10 18 0.9892691 
841 456 11 18 0.9888137 
955 553 23 39 0.98464465 
872 595 30 56 0.94863 
278 474 9 16 0.92286587 
472 426 11 17 0.9175498 
758 451 9 16 0.8581676 
173 470 10 14 0.81576884 
171 519 11 19 0.73001826 
153 466 7 15 0.69040084 
25 550 21 27 0.67732376 
424 35 135 93 0.56711847 
717 458 10 14 0.5532901 
218 164 87 147 0.5265789 
637 449 7 15 0.44575912 
235 461 8 14 0.44535515 
488 430 9 14 0.34975925 
9 545 13 16 0.31390372 
