17_Ceremony_Ceremony_17_171
32
642 313 100 134 0.99995494 
7 130 39 46 0.9998946 
521 322 89 116 0.99980396 
333 139 52 66 0.9997907 
254 236 71 91 0.9997762 
23 219 60 76 0.9996954 
525 19 37 52 0.99956053 
152 48 31 43 0.99953175 
581 0 32 40 0.9993591 
292 32 29 40 0.9993414 
92 124 34 45 0.99929047 
666 74 41 62 0.9992793 
515 83 46 55 0.99913555 
397 298 85 108 0.99896 
265 55 36 48 0.99875903 
479 166 49 66 0.99874747 
454 139 47 61 0.9986749 
246 150 39 51 0.9985108 
635 149 56 69 0.9984322 
198 230 57 83 0.99819946 
959 162 65 104 0.99728334 
722 64 46 72 0.9966409 
937 369 87 156 0.99437296 
150 232 47 68 0.99434376 
301 157 41 56 0.99300873 
761 53 47 71 0.9929455 
855 239 78 85 0.95352393 
692 179 53 84 0.93370277 
144 86 20 24 0.6609304 
617 80 31 48 0.6367322 
358 273 53 82 0.6086645 
836 226 101 133 0.32197747 
