17_Ceremony_Ceremony_17_253
19
51 426 10 14 0.5497171 
883 700 12 16 0.54162407 
765 751 12 16 0.5137781 
123 477 12 16 0.50195336 
74 409 11 17 0.4949966 
930 722 11 15 0.49464446 
91 451 10 15 0.46667725 
99 510 8 14 0.41186216 
638 683 10 12 0.40674487 
174 442 11 15 0.4003726 
111 509 10 17 0.39503756 
922 683 10 13 0.37999827 
904 358 9 13 0.36797038 
974 127 13 22 0.3535286 
869 455 10 14 0.3471939 
428 321 8 13 0.33738074 
288 479 9 12 0.3362764 
772 355 9 14 0.324085 
156 454 11 13 0.30352378 
