11_Meeting_Meeting_11_Meeting_Meeting_11_574
66
713 320 30 37 0.99776375 
262 298 21 30 0.99709666 
958 333 34 42 0.99681705 
851 294 26 35 0.9967002 
123 296 21 25 0.99662775 
350 301 21 27 0.995262 
802 266 20 25 0.99264914 
639 285 25 29 0.99158317 
197 290 24 28 0.9911055 
533 244 15 20 0.9895002 
976 292 27 30 0.9884886 
357 257 15 22 0.9880653 
688 260 19 26 0.98796064 
455 221 13 18 0.98582286 
401 275 18 26 0.9809858 
304 257 16 22 0.9747283 
483 260 16 22 0.9702047 
864 241 18 21 0.95027816 
952 259 20 27 0.9466867 
516 208 12 17 0.9426487 
129 53 15 34 0.9395921 
805 236 13 18 0.93192446 
510 238 12 17 0.9255797 
495 224 11 16 0.92427945 
436 217 13 19 0.91744363 
588 193 10 14 0.91605383 
927 220 14 16 0.9119418 
553 232 13 19 0.91130877 
527 206 11 15 0.9083782 
355 236 13 16 0.8993448 
876 216 13 17 0.8894937 
785 256 18 29 0.87539023 
412 241 16 25 0.874289 
566 199 12 14 0.8462652 
593 231 11 16 0.8422945 
919 195 12 18 0.81523544 
728 240 16 18 0.8047652 
771 207 11 13 0.8029971 
570 212 11 14 0.79696083 
744 291 21 27 0.7738727 
400 252 16 20 0.77067393 
625 219 12 15 0.733402 
753 219 12 16 0.7219318 
612 200 11 14 0.7137035 
659 205 11 15 0.7134706 
783 208 11 15 0.69753563 
819 187 11 13 0.68692374 
556 199 11 15 0.68141854 
603 192 10 14 0.6632566 
930 203 14 17 0.64978486 
543 223 11 16 0.5914805 
824 209 12 16 0.590691 
44 333 43 70 0.57407826 
303 133 13 18 0.5520392 
635 188 9 15 0.5409483 
692 312 18 22 0.53872806 
707 192 9 12 0.5174054 
903 362 15 23 0.44647664 
469 245 13 17 0.44617522 
694 193 11 13 0.44130367 
708 252 15 19 0.4092977 
942 234 14 18 0.39727223 
558 233 12 17 0.39665505 
637 247 13 16 0.39404696 
767 261 14 17 0.36821336 
623 269 17 27 0.3093593 
