11_Meeting_Meeting_11_Meeting_Meeting_11_295
19
609 369 50 64 0.999498 
800 298 22 28 0.99933976 
54 333 36 55 0.99914086 
142 370 29 55 0.99846965 
691 289 20 30 0.9983342 
122 448 65 110 0.9981493 
232 337 26 34 0.9977254 
900 310 20 29 0.9960866 
594 310 19 36 0.99555784 
492 329 27 45 0.9417225 
811 537 73 125 0.9024977 
444 218 13 18 0.8872954 
504 235 11 19 0.8847043 
791 321 21 31 0.830178 
444 418 41 26 0.724997 
79 371 21 30 0.6026793 
826 556 86 109 0.45764193 
399 520 78 117 0.41834944 
509 342 31 34 0.34386134 
