11_Meeting_Meeting_11_Meeting_Meeting_11_774
100
15 602 51 57 0.99683374 
741 395 18 22 0.99598 
449 438 19 23 0.9957059 
565 472 22 28 0.9950477 
498 420 21 26 0.99473333 
234 412 18 20 0.9932904 
348 419 16 19 0.99299145 
597 406 14 19 0.98785084 
800 374 14 16 0.98773414 
766 391 14 17 0.98665524 
194 374 14 16 0.98462164 
708 416 17 19 0.98284537 
404 438 21 27 0.98276097 
600 443 20 27 0.9811668 
301 421 17 24 0.97143394 
741 358 12 14 0.97008294 
272 402 18 23 0.9693589 
540 467 21 25 0.965415 
472 391 17 24 0.9652886 
174 360 12 16 0.96211594 
297 389 14 17 0.9474022 
783 298 9 12 0.9451597 
790 352 12 14 0.93940556 
127 388 16 18 0.9388701 
411 360 10 15 0.9335597 
397 387 11 14 0.92977226 
479 371 12 15 0.9271354 
130 352 12 15 0.92535096 
185 390 12 21 0.91974753 
509 365 11 14 0.9184203 
830 308 10 12 0.9094606 
232 366 11 14 0.90236026 
453 379 11 16 0.9005586 
427 408 15 18 0.8947158 
68 367 13 16 0.8893864 
480 353 10 12 0.8860979 
127 332 9 13 0.88362396 
720 373 12 14 0.883316 
156 395 13 15 0.8797011 
102 356 13 15 0.87757546 
101 395 12 15 0.86821634 
65 380 13 16 0.8585283 
833 393 12 15 0.8570983 
649 451 16 20 0.8334899 
705 52 9 12 0.8296482 
843 364 10 13 0.8295071 
109 377 11 13 0.8272767 
506 390 15 21 0.8240036 
528 419 13 17 0.82247305 
357 342 10 12 0.811097 
819 374 14 16 0.8057327 
423 388 11 13 0.8038113 
252 381 12 17 0.8012474 
12 97 8 9 0.8002329 
643 59 10 13 0.7999756 
108 308 8 10 0.7876767 
146 368 10 14 0.7677787 
229 376 12 15 0.76271206 
394 412 14 18 0.7492946 
40 100 7 9 0.7394491 
546 345 9 12 0.73744494 
759 45 11 12 0.727346 
884 326 10 14 0.72510606 
349 369 11 16 0.7243482 
110 338 8 10 0.71440655 
522 349 8 13 0.6898841 
945 327 11 13 0.6750782 
627 395 14 19 0.6614972 
285 371 9 14 0.6580155 
330 353 9 12 0.65579087 
430 357 12 15 0.6337219 
715 304 8 11 0.61195785 
201 344 12 14 0.5864979 
440 336 9 11 0.5830927 
457 354 10 14 0.58170295 
608 65 10 13 0.5779703 
254 342 10 15 0.566622 
706 354 10 11 0.5653644 
563 341 9 11 0.55722755 
367 328 10 13 0.5479679 
668 309 7 10 0.53369033 
722 411 10 17 0.49896535 
67 106 6 8 0.4882788 
338 448 13 15 0.4848251 
275 349 10 14 0.47609317 
378 369 10 15 0.47304016 
324 333 9 12 0.4644266 
164 118 7 9 0.46418378 
157 345 11 14 0.4631155 
322 374 12 14 0.46300188 
479 330 8 11 0.45768598 
796 46 8 12 0.4437743 
151 410 17 21 0.4374228 
419 337 9 12 0.42879006 
531 335 9 10 0.41994733 
308 361 12 14 0.3971888 
215 305 7 8 0.38862607 
246 361 10 14 0.34611917 
254 336 11 13 0.3372864 
280 335 9 13 0.33502555 
