11_Meeting_Meeting_11_Meeting_Meeting_11_587
93
221 314 17 23 0.9994779 
773 271 11 17 0.9930034 
261 241 12 13 0.9888558 
650 281 16 21 0.9885101 
275 310 18 19 0.98531866 
8 184 12 12 0.98288065 
735 251 14 17 0.9828153 
958 238 13 14 0.9810291 
46 170 9 11 0.97726554 
418 309 18 22 0.97685766 
493 220 10 12 0.97499055 
805 322 15 20 0.97445244 
159 253 13 18 0.971806 
490 187 9 11 0.97003955 
101 181 8 10 0.9665182 
545 222 8 11 0.96032315 
999 394 25 47 0.95465904 
876 227 11 15 0.9538757 
558 297 16 22 0.9451839 
803 353 18 24 0.9451503 
194 188 10 11 0.9425143 
262 189 9 11 0.93873465 
590 302 15 19 0.93856317 
562 320 15 24 0.9352458 
1006 246 14 13 0.93380505 
317 238 11 15 0.93278956 
763 251 11 14 0.9275818 
518 181 8 11 0.9217364 
190 239 12 14 0.92108756 
56 184 9 11 0.913447 
921 234 10 12 0.9105112 
383 177 10 12 0.9031917 
323 199 9 14 0.87883043 
447 180 7 11 0.8702612 
723 297 15 19 0.86499506 
851 286 14 20 0.86402726 
461 164 6 8 0.84945863 
94 172 8 8 0.8404084 
426 158 7 11 0.83967376 
474 191 8 12 0.8386053 
332 255 10 15 0.81493324 
659 202 9 13 0.8136958 
434 323 12 20 0.79496145 
1015 158 7 9 0.7897148 
776 173 7 11 0.775718 
255 279 13 16 0.7669541 
313 260 9 14 0.76114136 
418 177 8 13 0.7573367 
122 168 8 12 0.75160944 
907 275 11 15 0.74600726 
571 234 9 14 0.7459319 
750 215 9 12 0.73159647 
557 188 9 12 0.7059616 
234 191 9 11 0.6979774 
910 163 6 8 0.6961198 
872 261 12 13 0.6786786 
349 297 16 17 0.6646533 
241 130 6 9 0.64677113 
275 171 10 12 0.6228367 
927 268 9 10 0.61758906 
771 159 7 10 0.6095402 
519 201 9 12 0.6091882 
861 159 8 10 0.60857695 
476 170 8 10 0.6064983 
316 191 9 11 0.6038006 
202 275 9 15 0.5951551 
427 355 16 21 0.5897225 
727 205 9 11 0.53909117 
646 141 6 8 0.51054054 
735 155 6 10 0.50854886 
240 171 8 10 0.5071852 
456 178 8 11 0.48895642 
361 170 7 12 0.4682685 
304 170 9 11 0.46789312 
760 169 7 11 0.46509546 
492 177 7 10 0.4511323 
419 161 8 12 0.4502194 
762 149 6 8 0.4242766 
497 129 5 7 0.4130558 
643 215 9 12 0.40755132 
213 154 8 10 0.39832994 
275 297 19 23 0.39731586 
526 243 11 16 0.39518434 
324 155 5 7 0.381911 
306 173 8 10 0.37716758 
531 175 7 10 0.35700464 
367 207 12 12 0.3466548 
544 254 8 11 0.34361866 
612 183 8 11 0.335057 
271 167 10 13 0.32936662 
9 178 11 13 0.32772806 
1000 161 6 9 0.32582933 
437 326 14 17 0.31063226 
