40_Gymnastics_Gymnastics_40_273
24
179 228 38 45 0.9997987 
374 229 37 47 0.9995982 
98 111 36 43 0.999491 
671 249 37 46 0.999366 
486 260 35 45 0.999257 
199 124 34 41 0.9991793 
298 126 35 45 0.99912935 
896 125 32 42 0.99903893 
591 125 32 39 0.99886936 
792 121 34 42 0.99880695 
692 123 34 42 0.99866307 
672 70 30 40 0.9983707 
146 65 31 39 0.99815315 
826 234 37 44 0.9980944 
549 274 36 44 0.99750817 
391 122 31 40 0.9973207 
490 125 33 40 0.9972017 
582 75 29 36 0.99684215 
754 65 29 37 0.9961132 
823 57 30 39 0.99502003 
232 65 28 36 0.99493426 
486 58 30 41 0.9948835 
408 77 29 37 0.9944817 
319 70 28 35 0.9939486 
