40_Gymnastics_Gymnastics_40_887
23
759 374 55 65 0.9998634 
874 104 47 64 0.9997795 
330 398 50 66 0.99975985 
97 146 44 56 0.9997458 
106 276 45 63 0.99974114 
482 136 50 57 0.9996935 
358 147 47 57 0.9996141 
522 271 50 64 0.9995671 
745 98 45 60 0.9995254 
135 396 53 68 0.9995111 
660 271 56 64 0.999506 
215 136 44 55 0.99948764 
523 379 56 69 0.999432 
249 273 46 64 0.99937695 
384 288 48 61 0.99935466 
624 132 45 52 0.999328 
552 63 42 57 0.99920195 
809 267 46 62 0.99916553 
686 40 44 57 0.99914956 
838 60 47 51 0.9990521 
432 81 43 56 0.998923 
188 85 40 49 0.9982046 
315 69 43 61 0.9969657 
