2_Demonstration_Demonstrators_2_314
27
203 267 31 35 0.9842383 
258 268 27 33 0.98313534 
412 258 29 32 0.96523696 
112 262 27 27 0.9603064 
244 388 36 56 0.93275094 
764 298 23 23 0.89008284 
483 301 24 37 0.8556543 
83 494 38 67 0.799997 
530 251 21 26 0.7768418 
876 404 29 47 0.75495833 
335 289 22 25 0.7383593 
381 282 22 31 0.693006 
223 689 36 53 0.6611392 
636 41 14 16 0.6415554 
249 710 40 53 0.6321223 
824 635 142 137 0.6083438 
566 48 11 13 0.57440424 
748 356 23 33 0.54638445 
16 380 33 64 0.5080428 
605 359 39 68 0.50521415 
569 304 38 39 0.41314164 
184 688 91 86 0.40738323 
564 45 12 13 0.3820038 
267 408 28 44 0.36201128 
175 707 63 61 0.35601246 
117 290 47 47 0.31996948 
211 685 55 71 0.30473143 
