2_Demonstration_Political_Rally_2_114
25
649 319 26 34 0.99767727 
948 340 29 47 0.956032 
233 407 65 90 0.914628 
89 266 20 18 0.80131394 
604 261 14 14 0.7607146 
822 273 16 23 0.74385476 
944 481 38 28 0.742786 
807 186 12 18 0.6580558 
473 179 9 10 0.6152396 
594 283 17 24 0.5848139 
444 267 11 15 0.5800244 
14 346 22 33 0.56712633 
0 249 17 30 0.5222639 
950 245 11 12 0.4921414 
499 246 23 38 0.45982933 
678 233 12 13 0.44843134 
274 174 11 12 0.4388826 
734 234 10 15 0.43830714 
898 268 22 23 0.42509833 
672 258 10 13 0.4168087 
509 330 18 25 0.36508742 
973 237 9 12 0.35720262 
620 247 10 10 0.33639476 
464 315 18 32 0.33552185 
858 223 12 14 0.33534634 
