2_Demonstration_Protesters_2_618
25
459 255 60 77 0.9998541 
482 16 41 54 0.9997259 
147 72 43 52 0.99972004 
518 167 51 67 0.9997025 
824 238 46 59 0.999658 
366 164 50 68 0.9996531 
601 12 44 56 0.9995623 
243 48 41 53 0.9995413 
705 43 41 57 0.9995369 
963 49 43 50 0.99938476 
936 163 48 52 0.9993043 
321 87 46 60 0.99928135 
251 233 54 66 0.9991448 
0 17 37 50 0.99893874 
850 251 48 84 0.9986525 
444 191 50 61 0.99795985 
809 0 44 46 0.9976005 
604 144 53 78 0.9970611 
0 162 30 64 0.9969734 
839 3 29 49 0.9525207 
456 0 25 20 0.9387933 
108 480 151 202 0.91290486 
824 1 38 49 0.79941463 
376 0 30 22 0.65039504 
211 304 26 46 0.5941567 
