2_Demonstration_Protesters_2_901
27
581 171 34 45 0.99421024 
526 649 61 76 0.9864601 
758 542 39 46 0.9732031 
276 353 51 68 0.95869094 
407 347 47 64 0.930936 
826 93 50 66 0.9252 
895 674 75 107 0.87197363 
360 343 52 90 0.83656245 
897 515 44 57 0.814815 
593 359 56 81 0.80831856 
142 334 48 72 0.63909817 
32 339 38 60 0.59779114 
784 339 64 78 0.59709704 
626 365 52 87 0.57431227 
446 343 51 68 0.493033 
383 345 72 83 0.4841019 
677 341 45 47 0.4654419 
963 500 53 60 0.45964214 
913 514 30 41 0.42448482 
889 0 48 24 0.42289704 
330 323 27 34 0.41246614 
928 509 28 39 0.404043 
245 117 23 25 0.3819125 
16 737 49 80 0.38027364 
283 654 64 73 0.32846504 
160 147 28 33 0.30487898 
960 689 50 78 0.30130047 
