2_Demonstration_Demonstrators_2_306
23
189 365 10 15 0.7812583 
135 410 13 21 0.7760619 
23 370 8 10 0.70123124 
37 375 8 9 0.69369245 
86 369 9 12 0.6830275 
584 15 117 114 0.6130698 
272 365 7 10 0.60691816 
212 367 10 13 0.5923499 
516 174 106 87 0.58513397 
162 425 13 15 0.5726269 
42 388 10 13 0.5343322 
122 410 15 23 0.5283447 
484 0 232 156 0.49473855 
67 373 9 12 0.44798654 
245 372 8 12 0.4389512 
12 154 11 13 0.43433857 
652 473 27 28 0.43258694 
447 361 32 45 0.42919743 
50 395 10 15 0.40029678 
234 373 10 13 0.3955049 
164 367 7 10 0.38581482 
266 457 8 10 0.35979697 
754 0 228 219 0.35100326 
