2_Demonstration_Political_Rally_2_746
27
778 1333 75 123 0.9995988 
171 2369 85 101 0.9995845 
584 81 69 90 0.99957734 
850 2244 57 89 0.9995654 
585 367 64 73 0.99952686 
59 2332 40 59 0.9981845 
357 2324 87 98 0.9979134 
204 2253 37 54 0.99529487 
516 354 60 83 0.9946584 
967 111 37 69 0.9939381 
755 2322 28 42 0.9901382 
131 2306 31 45 0.9877275 
596 2296 24 40 0.98272324 
721 1370 33 55 0.946097 
648 2285 23 37 0.9397055 
307 2289 42 63 0.81963253 
279 205 18 24 0.738081 
333 191 17 23 0.693937 
281 1333 21 34 0.6390291 
479 1315 18 27 0.5671589 
338 2288 17 24 0.52664757 
483 1331 20 33 0.4859239 
454 1400 31 54 0.43661526 
626 1338 32 70 0.42611486 
553 2299 20 31 0.41817138 
486 2303 24 36 0.36969572 
285 1326 29 38 0.3091235 
