2_Demonstration_Protesters_2_12
23
398 264 36 45 0.9996126 
373 318 50 67 0.9995321 
483 309 56 63 0.9993305 
918 319 55 76 0.9992893 
770 286 39 50 0.99926955 
49 303 55 74 0.9992199 
291 280 55 64 0.9988312 
20 347 55 68 0.9987999 
686 278 40 56 0.9986162 
830 325 43 65 0.9985719 
416 332 45 62 0.9985487 
592 310 47 53 0.99669003 
174 300 53 56 0.9955354 
635 308 56 109 0.9754945 
909 303 41 54 0.9680361 
369 295 31 31 0.9671838 
327 317 38 53 0.9355936 
218 291 23 29 0.932314 
823 287 26 34 0.910484 
664 583 29 59 0.8341617 
715 304 25 43 0.42335552 
135 300 36 52 0.42307892 
367 294 40 61 0.3757023 
