2_Demonstration_Demonstration_Or_Protest_2_385
87
686 465 21 25 0.9998431 
755 472 25 32 0.99975175 
322 428 20 22 0.99973065 
616 496 25 27 0.999532 
286 537 29 41 0.999529 
582 456 22 26 0.9994222 
129 501 23 30 0.99931645 
972 427 20 22 0.99852437 
780 460 21 25 0.9983576 
918 417 14 18 0.99825066 
396 533 29 33 0.9981501 
504 540 31 34 0.9973937 
213 471 24 27 0.99703646 
361 454 24 30 0.9961176 
736 423 19 22 0.9952478 
593 388 13 16 0.99298006 
190 520 30 36 0.99183464 
865 460 16 24 0.99175996 
699 380 12 15 0.9898565 
679 557 35 43 0.989611 
634 416 12 20 0.98871315 
336 471 19 25 0.98657924 
805 430 19 22 0.985989 
864 421 17 19 0.9856985 
569 415 17 20 0.985308 
884 486 23 30 0.9849406 
456 412 12 18 0.98312044 
206 395 13 16 0.9809645 
828 588 35 55 0.9807014 
820 392 14 16 0.98065317 
621 407 13 16 0.9785161 
83 454 23 23 0.9781315 
20 552 27 36 0.9777669 
94 393 17 18 0.9768952 
688 408 13 17 0.9729322 
873 392 15 15 0.97219545 
71 346 12 15 0.9719821 
97 517 25 30 0.9689594 
167 404 12 17 0.9645247 
397 489 15 19 0.9569669 
220 451 20 17 0.95581937 
722 478 21 26 0.9519259 
539 414 15 17 0.9414018 
178 382 12 16 0.9366694 
939 461 18 23 0.92618054 
546 387 12 14 0.9249529 
352 406 15 13 0.91314614 
987 350 10 12 0.88672787 
21 400 15 16 0.8815706 
713 371 12 14 0.8693366 
475 375 9 12 0.8545714 
129 404 12 12 0.8442293 
985 367 12 13 0.8326054 
263 390 9 16 0.8244127 
709 346 10 13 0.8059023 
957 354 8 11 0.8038888 
892 475 20 27 0.8013172 
208 357 9 10 0.79847807 
16 385 12 13 0.79464334 
0 425 10 18 0.79132366 
590 366 12 15 0.78774905 
457 393 10 13 0.7660224 
143 433 12 19 0.7497303 
733 354 12 13 0.74041295 
803 368 12 13 0.714914 
738 366 11 15 0.7088625 
976 354 10 11 0.7009998 
671 381 10 13 0.6906896 
707 357 10 13 0.6791227 
24 475 14 21 0.6733629 
784 385 12 16 0.6690053 
26 379 11 12 0.6542973 
420 361 8 10 0.59597206 
768 398 10 16 0.574645 
464 356 9 11 0.5379115 
737 398 12 15 0.53755546 
514 363 9 10 0.53710264 
80 387 12 15 0.47422913 
809 348 8 9 0.45466936 
297 402 18 19 0.38817486 
876 353 9 10 0.37726727 
384 362 9 12 0.37473473 
25 361 9 12 0.35189497 
155 369 9 12 0.34523618 
430 369 9 11 0.32751763 
349 542 14 18 0.3212912 
1011 371 13 14 0.3018192 
