2_Demonstration_Demonstration_Or_Protest_2_54
41
445 136 36 43 0.9994435 
775 138 35 37 0.9992092 
106 162 26 28 0.99919814 
668 135 27 32 0.9990854 
196 58 18 23 0.9990079 
240 149 30 38 0.9986494 
731 163 31 40 0.9985863 
566 153 23 28 0.9981351 
861 129 40 53 0.9981331 
982 231 34 36 0.99800307 
323 205 43 47 0.99670273 
170 147 25 29 0.99656135 
531 151 20 25 0.9955302 
267 144 23 26 0.9935452 
170 112 21 21 0.9915786 
318 154 20 24 0.9903667 
504 140 23 29 0.9886108 
374 93 14 18 0.98732877 
181 172 23 32 0.9866563 
105 90 22 24 0.9832023 
400 170 21 23 0.9810721 
612 164 22 28 0.9795599 
128 152 23 30 0.966441 
636 154 24 25 0.9517621 
356 176 21 24 0.9437511 
489 58 16 35 0.940832 
271 192 21 30 0.940286 
852 134 25 33 0.94005245 
575 200 31 45 0.79348904 
718 155 21 30 0.7685052 
243 117 14 17 0.7569564 
123 96 17 22 0.7559384 
402 119 10 12 0.67096925 
1008 195 16 24 0.65127313 
365 115 11 13 0.64254624 
25 443 33 35 0.6193569 
395 62 11 16 0.59421915 
991 111 23 23 0.40704587 
695 162 19 22 0.40662754 
310 40 7 11 0.36852995 
236 117 19 20 0.35158718 
