2_Demonstration_Demonstration_Or_Protest_2_360
72
649 620 52 55 0.9994487 
855 597 66 76 0.9992574 
680 561 28 32 0.99914384 
476 575 29 38 0.9990701 
619 593 28 37 0.9990244 
513 601 43 55 0.9986205 
500 553 22 29 0.99784243 
319 564 18 24 0.99764234 
787 626 35 37 0.9964874 
144 603 27 35 0.9951558 
665 543 17 21 0.993803 
777 586 25 30 0.99241453 
582 557 23 28 0.9901366 
615 550 22 26 0.9893037 
554 568 22 29 0.9887798 
782 552 21 25 0.9882671 
559 649 55 40 0.9860475 
797 529 17 21 0.9826591 
57 636 55 61 0.97896796 
368 579 15 20 0.9769901 
645 571 19 24 0.97575265 
372 559 14 19 0.9704654 
959 584 46 56 0.965444 
247 559 20 30 0.9632741 
820 536 16 19 0.95376986 
344 586 24 31 0.9477202 
103 596 24 26 0.92062753 
336 555 14 18 0.9178903 
195 629 43 54 0.9141537 
538 540 19 25 0.9118653 
35 563 22 28 0.91077375 
865 522 13 18 0.8820946 
44 627 28 35 0.85256743 
140 566 20 28 0.8514925 
598 536 12 16 0.8288399 
519 531 11 14 0.82350343 
755 569 17 24 0.81227237 
832 531 13 17 0.8115767 
435 578 15 18 0.8044739 
210 671 45 46 0.8031542 
749 534 12 15 0.79537195 
960 532 15 20 0.7460802 
140 547 15 19 0.74036336 
87 550 12 14 0.7282522 
103 551 14 17 0.7157593 
380 547 13 17 0.6383636 
206 632 36 36 0.6246194 
715 536 14 15 0.62085605 
980 565 28 38 0.60739505 
655 540 11 15 0.6066263 
916 574 28 36 0.5930458 
446 667 27 19 0.5895698 
816 577 34 39 0.5837907 
434 557 10 14 0.58151174 
673 531 9 12 0.5753585 
985 659 39 66 0.5601936 
321 626 33 52 0.5526928 
401 546 13 16 0.5502145 
0 557 10 20 0.54258674 
578 540 12 16 0.5391675 
179 617 20 28 0.52321196 
816 524 8 10 0.51450455 
781 529 10 12 0.4783536 
641 538 12 15 0.4505355 
764 558 14 16 0.42674834 
77 571 21 26 0.39204928 
207 553 36 45 0.3860794 
30 570 13 20 0.36039793 
328 645 29 40 0.35672203 
446 535 10 13 0.34401983 
732 552 20 26 0.3261527 
277 565 14 16 0.32579726 
