2_Demonstration_Demonstration_Or_Protest_2_173
55
273 274 34 49 0.99965453 
108 247 40 54 0.99957436 
50 355 44 54 0.9993273 
867 209 41 58 0.99928635 
506 214 36 63 0.9991303 
364 294 34 56 0.9991235 
775 188 30 47 0.99911934 
848 292 50 68 0.9989458 
670 278 47 65 0.9989341 
169 317 41 55 0.9988707 
460 227 32 48 0.99832565 
256 250 29 45 0.9982066 
652 205 36 54 0.99751484 
830 166 19 28 0.9968778 
584 235 39 55 0.9965173 
354 228 25 38 0.99559325 
175 226 19 25 0.9948036 
360 193 15 19 0.99117553 
672 153 17 26 0.9865073 
0 301 24 50 0.9817393 
741 161 19 27 0.9816497 
207 236 22 31 0.9773755 
320 209 16 23 0.96163404 
452 206 23 34 0.9305139 
640 169 16 23 0.92957187 
5 217 12 16 0.92218906 
850 658 66 94 0.91539514 
223 207 15 19 0.8981377 
548 168 14 18 0.874682 
185 275 28 31 0.86815983 
251 224 18 20 0.8604021 
16 242 15 18 0.8437758 
166 215 14 20 0.8435321 
576 187 16 22 0.8400913 
105 220 13 17 0.8205946 
95 219 14 20 0.7848263 
3 250 17 23 0.7787665 
288 194 14 19 0.7374224 
492 163 13 19 0.73578584 
439 193 12 19 0.7137537 
213 197 12 17 0.59177566 
180 206 12 15 0.58284885 
396 681 57 72 0.57596725 
137 209 12 18 0.4900537 
61 216 14 19 0.472001 
97 215 19 26 0.4628346 
472 192 14 21 0.42715505 
114 198 13 16 0.39074862 
440 175 9 13 0.3884732 
117 216 11 15 0.38507277 
513 193 24 36 0.38067338 
891 180 25 27 0.37534636 
614 126 18 24 0.33197737 
39 217 10 13 0.3107207 
375 176 11 13 0.30231848 
