2_Demonstration_Political_Rally_2_57
35
213 145 33 45 0.9999076 
896 257 31 41 0.9996432 
782 148 29 39 0.9994967 
493 167 32 39 0.9992888 
361 141 33 40 0.9991709 
945 170 28 34 0.9990356 
827 122 32 43 0.9988244 
80 139 31 45 0.99877506 
527 155 28 36 0.99850035 
148 134 30 39 0.9982284 
276 144 29 38 0.99816906 
384 122 29 38 0.9977423 
487 307 48 63 0.9970938 
446 77 18 26 0.9969812 
665 180 27 42 0.9966583 
276 200 33 44 0.99492985 
757 144 28 36 0.9932719 
918 172 24 30 0.9920438 
590 134 32 48 0.98493886 
642 147 22 35 0.97887826 
260 130 20 31 0.9749692 
8 127 20 34 0.9728348 
464 153 23 37 0.96834993 
488 137 20 29 0.9633778 
0 123 18 43 0.9057794 
931 215 21 27 0.89402854 
103 117 30 37 0.8863386 
931 154 23 26 0.86892176 
720 231 16 26 0.867296 
104 153 19 28 0.8023524 
549 173 20 29 0.71628535 
580 129 14 18 0.66485715 
27 143 18 26 0.42029595 
272 139 19 32 0.38669458 
64 69 14 18 0.3003275 
