2_Demonstration_Political_Rally_2_659
21
36 240 106 120 0.9998857 
164 291 26 28 0.99969137 
731 236 49 62 0.9993734 
961 240 63 88 0.9993625 
503 187 128 143 0.9990231 
367 272 20 26 0.9985697 
192 278 36 43 0.9984592 
0 326 29 38 0.9974643 
408 278 14 20 0.9959959 
4 291 19 26 0.98319787 
233 282 31 48 0.9686756 
768 213 36 61 0.8140644 
132 293 27 29 0.74520487 
867 258 22 47 0.6869082 
265 256 23 30 0.63874435 
333 283 12 18 0.59309906 
590 534 168 234 0.3749048 
448 266 11 17 0.36586073 
125 280 34 45 0.36275607 
255 252 27 31 0.3480233 
138 299 17 22 0.30866107 
