2_Demonstration_Political_Rally_2_410
42
504 492 39 51 0.9998617 
728 475 48 59 0.99971217 
246 500 78 86 0.99970573 
2 527 64 74 0.99952734 
634 449 93 111 0.9993747 
932 452 29 31 0.99935097 
467 457 38 40 0.99932086 
183 493 47 58 0.9991992 
856 418 39 47 0.999071 
351 433 43 43 0.99858874 
510 427 18 25 0.9965405 
560 510 43 74 0.9957184 
807 448 21 24 0.9919043 
607 436 17 23 0.9914795 
829 427 19 23 0.99123317 
116 422 20 24 0.9908895 
954 426 22 23 0.97880083 
10 419 33 29 0.9462424 
150 416 13 15 0.93446976 
1009 414 10 10 0.7863998 
407 420 11 15 0.7686907 
176 411 10 12 0.75420696 
98 399 12 14 0.7420138 
120 401 14 15 0.6842385 
287 416 10 10 0.6819253 
68 412 13 17 0.6694277 
328 420 9 10 0.64358103 
251 419 16 15 0.61378455 
532 419 9 12 0.6068991 
563 420 11 18 0.5704526 
89 432 15 18 0.56808823 
204 415 16 18 0.55318296 
257 418 15 16 0.5371131 
1008 426 13 16 0.49681258 
1017 450 7 13 0.47727016 
543 419 9 11 0.44784242 
147 394 10 11 0.4303493 
218 412 13 14 0.3443641 
469 422 12 15 0.34188408 
460 420 9 11 0.33447805 
211 417 14 15 0.30463484 
130 500 20 27 0.30408838 
