2_Demonstration_Political_Rally_2_5
82
867 450 28 33 0.9973883 
748 412 28 31 0.99729484 
321 235 22 34 0.99512595 
690 394 32 38 0.988633 
649 310 22 23 0.98625237 
631 351 21 23 0.98366946 
436 116 34 55 0.98353416 
478 274 16 21 0.97790104 
126 457 35 53 0.9742473 
102 296 17 19 0.9486962 
56 298 20 20 0.94525063 
671 335 20 22 0.9436512 
844 427 19 21 0.9015875 
885 328 19 20 0.8865359 
34 259 18 18 0.88349086 
822 378 29 40 0.87695557 
773 467 37 38 0.87072474 
500 396 13 15 0.82103175 
180 228 35 42 0.81593025 
677 289 18 23 0.81371844 
129 217 17 22 0.79573727 
717 330 20 22 0.78077745 
877 365 20 21 0.7676908 
557 357 20 22 0.7581808 
797 460 36 42 0.75353545 
593 402 21 22 0.7531858 
618 328 20 21 0.7361409 
748 384 23 24 0.73280114 
948 172 11 12 0.7325813 
743 249 12 13 0.72562474 
349 299 15 18 0.7110013 
185 244 28 25 0.7052241 
929 174 10 11 0.705215 
711 425 21 23 0.68535656 
38 274 17 23 0.68025017 
999 117 11 13 0.6743484 
799 176 9 10 0.6616354 
717 265 16 18 0.65772486 
50 355 41 37 0.64460737 
0 300 9 19 0.6080703 
866 425 26 29 0.59725374 
1003 177 10 10 0.5858191 
830 377 19 21 0.56512517 
702 132 9 11 0.5549451 
796 161 9 11 0.5421112 
851 225 11 12 0.52932775 
900 114 10 12 0.52925694 
949 382 18 21 0.50879747 
862 186 9 10 0.5009768 
477 370 16 27 0.4963544 
363 346 24 22 0.49229434 
624 292 18 24 0.48767853 
751 303 32 32 0.47964352 
246 260 28 33 0.47909158 
0 276 13 18 0.47853675 
786 305 15 18 0.47024032 
513 242 11 13 0.4530499 
980 174 9 10 0.44465572 
39 313 18 18 0.43934566 
932 439 18 21 0.43286696 
945 304 13 12 0.43237457 
809 243 13 14 0.41328016 
749 264 19 21 0.4130836 
734 226 10 12 0.40686172 
595 236 10 11 0.40450057 
55 293 12 13 0.40246686 
674 268 19 19 0.38846472 
584 279 19 27 0.38648462 
667 362 18 21 0.37915137 
742 159 10 11 0.37347212 
699 243 12 12 0.37110418 
994 436 30 38 0.36327693 
757 163 9 11 0.3567094 
515 364 18 20 0.35154346 
653 333 19 19 0.34934172 
595 387 21 23 0.34613606 
990 166 11 11 0.34099385 
910 297 11 13 0.32755247 
905 410 20 21 0.32386875 
837 241 10 13 0.30467853 
563 241 11 11 0.3036708 
866 266 10 11 0.30243766 
