2_Demonstration_Demonstration_Or_Protest_2_600
68
42 238 73 91 0.99978715 
151 306 33 39 0.99876595 
223 392 32 39 0.99876213 
951 408 27 42 0.9981084 
888 277 47 73 0.99354774 
480 301 25 32 0.98733926 
637 148 18 24 0.98565334 
865 224 26 31 0.9809138 
506 147 17 17 0.9794287 
191 146 16 17 0.9769106 
959 264 26 25 0.9715073 
822 558 68 56 0.9685088 
380 148 15 17 0.9641885 
240 163 14 16 0.9577137 
817 303 42 53 0.9502688 
672 353 40 45 0.94989645 
313 104 12 13 0.9420469 
701 130 11 16 0.93249196 
949 508 42 44 0.8958262 
944 147 14 14 0.8763165 
403 106 12 11 0.874409 
563 126 13 16 0.86838007 
195 282 31 28 0.83327484 
799 150 14 17 0.8286219 
83 45 11 10 0.806948 
80 104 10 11 0.7991845 
734 147 13 17 0.7682435 
0 153 10 15 0.76618207 
706 156 12 14 0.76307344 
433 165 14 15 0.76035917 
960 123 10 12 0.7536813 
285 149 13 15 0.74882597 
732 110 12 13 0.723403 
112 36 10 12 0.7137112 
499 110 10 13 0.7074413 
153 629 65 33 0.6945092 
341 310 27 30 0.682198 
899 124 11 13 0.6818317 
228 104 11 12 0.6653093 
26 104 13 14 0.66316515 
254 109 12 14 0.65513086 
686 102 11 14 0.65342486 
796 145 15 19 0.6522276 
597 109 9 12 0.65066546 
171 103 11 13 0.6302267 
58 153 15 17 0.62357897 
542 111 8 12 0.6158829 
893 143 13 15 0.61363053 
3 30 12 14 0.61043835 
101 157 17 21 0.60596913 
834 121 11 14 0.59319776 
852 136 12 18 0.5889028 
771 121 11 11 0.57127005 
126 113 11 11 0.5607416 
658 116 11 12 0.5436212 
820 111 9 12 0.542834 
37 160 13 16 0.52913636 
4 161 14 18 0.51172566 
151 56 9 10 0.50338024 
761 118 10 11 0.4963369 
619 96 10 13 0.49292445 
436 107 10 11 0.48146155 
482 108 9 11 0.46327257 
1002 86 10 13 0.39145163 
273 57 10 11 0.36668104 
220 51 11 12 0.31937325 
795 115 10 12 0.31777173 
797 140 14 15 0.3083717 
