2_Demonstration_Demonstration_Or_Protest_2_200
47
73 266 36 48 0.9996469 
16 365 38 50 0.9991468 
277 218 36 45 0.9986206 
853 325 36 50 0.9982338 
388 223 21 32 0.99796224 
86 133 29 38 0.9978491 
789 387 43 50 0.9975274 
808 493 54 56 0.9959268 
285 168 26 34 0.99322987 
179 224 29 36 0.99311584 
844 135 20 22 0.99038917 
949 168 37 46 0.98864704 
885 163 25 33 0.9871256 
222 187 31 43 0.9843801 
318 364 37 54 0.98378986 
356 151 21 30 0.9750787 
904 0 14 15 0.974985 
538 165 21 36 0.9683976 
939 300 43 56 0.9680642 
462 11 12 16 0.9517074 
24 71 14 18 0.94333696 
399 48 14 19 0.88969153 
90 31 12 18 0.8743815 
312 98 12 15 0.8714651 
356 25 13 15 0.81893927 
16 127 18 25 0.78120315 
353 121 13 19 0.73822856 
388 150 24 38 0.7307356 
276 67 13 19 0.6853052 
0 88 19 28 0.65692115 
487 42 12 15 0.644455 
893 295 33 50 0.62064385 
905 118 17 22 0.6146781 
399 483 63 54 0.5623942 
502 6 11 16 0.56216305 
911 120 15 20 0.5088024 
925 70 16 22 0.50861514 
1003 79 21 32 0.4718373 
367 112 13 17 0.4625961 
811 0 13 10 0.42909312 
61 75 13 14 0.41841403 
675 44 11 14 0.38154018 
425 486 55 52 0.36449704 
699 41 10 18 0.35657135 
933 80 13 18 0.32460907 
683 37 14 21 0.31509393 
883 187 19 22 0.30751818 
