2_Demonstration_Demonstration_Or_Protest_2_578
37
254 333 24 29 0.9996493 
668 296 29 32 0.9996427 
940 321 30 36 0.999549 
148 324 22 26 0.9994068 
502 304 25 31 0.9993893 
70 309 21 26 0.9992976 
569 308 26 32 0.9990201 
853 332 31 40 0.99876547 
324 321 23 31 0.9982022 
749 253 16 19 0.9959649 
578 277 19 24 0.993361 
424 307 22 27 0.98981094 
214 356 19 23 0.9893364 
960 225 15 17 0.9852598 
780 350 25 28 0.9842175 
882 248 17 20 0.98098123 
0 310 21 24 0.9799565 
810 232 14 18 0.94427216 
698 245 13 16 0.9387312 
983 231 14 19 0.93056864 
385 252 13 19 0.93018824 
231 274 13 17 0.91160053 
705 212 11 14 0.907315 
302 247 13 15 0.88610566 
495 256 16 23 0.83641386 
549 221 10 12 0.776664 
585 251 14 18 0.7693571 
803 203 8 10 0.6276626 
615 223 10 13 0.6143639 
906 225 11 12 0.605401 
295 224 8 9 0.59527683 
94 268 12 16 0.5815524 
574 217 10 12 0.5761561 
282 224 7 9 0.53007233 
811 210 11 13 0.48060557 
317 222 7 8 0.3750218 
655 209 10 11 0.36022067 
