2_Demonstration_Demonstration_Or_Protest_2_98
100
286 566 33 42 0.9995999 
377 418 23 35 0.9993892 
558 483 31 40 0.99938726 
363 489 31 43 0.9992545 
606 579 35 45 0.9984061 
194 503 31 37 0.9981205 
863 602 32 48 0.9964896 
443 456 22 33 0.9937821 
410 508 25 30 0.99340504 
21 456 22 31 0.99146444 
140 516 20 28 0.9905653 
837 280 10 14 0.98797345 
660 600 32 45 0.98408103 
0 429 19 24 0.9825446 
960 214 9 13 0.981666 
510 482 23 29 0.97908676 
522 448 22 28 0.9747415 
132 296 10 14 0.97237045 
889 327 11 14 0.9682769 
961 296 11 13 0.96630937 
55 302 8 11 0.9642218 
337 287 9 13 0.9640365 
68 298 9 12 0.9638409 
6 475 23 27 0.9567822 
705 315 12 16 0.9520244 
620 179 8 11 0.95100397 
514 529 31 39 0.94980687 
277 529 26 29 0.94492805 
418 291 9 13 0.9408397 
103 295 10 13 0.9294198 
870 176 9 12 0.92799366 
991 234 8 11 0.91847366 
751 181 8 12 0.9180968 
850 330 10 14 0.89356315 
975 250 10 14 0.885083 
294 367 15 18 0.8833743 
334 566 35 49 0.8815292 
159 294 11 13 0.88151115 
26 239 8 13 0.8732209 
56 280 10 12 0.8628968 
592 462 17 23 0.8614071 
650 550 20 32 0.86070585 
77 275 9 13 0.85290784 
190 285 9 14 0.85246444 
325 473 21 31 0.84872663 
361 40 6 8 0.8342124 
349 302 11 12 0.8324756 
229 605 26 34 0.8282626 
526 234 9 11 0.8238072 
222 306 9 15 0.81934977 
119 292 10 15 0.8047532 
531 250 9 12 0.79662716 
295 279 10 14 0.79479 
506 637 32 19 0.7928874 
289 112 8 12 0.78802633 
671 248 9 13 0.78770393 
1001 332 12 16 0.776875 
558 254 8 12 0.77544165 
409 257 9 12 0.77525616 
160 577 25 32 0.77356774 
922 85 7 9 0.76869506 
937 324 10 13 0.7675809 
59 315 10 13 0.7597239 
864 92 8 10 0.7572627 
549 141 7 10 0.751158 
311 410 9 13 0.7487809 
784 224 8 11 0.74661624 
271 424 10 12 0.7382764 
389 79 7 11 0.7350497 
893 228 8 11 0.73294747 
615 110 7 9 0.73257643 
674 126 7 10 0.7316373 
896 30 7 11 0.7234379 
19 176 7 11 0.7166771 
579 256 8 11 0.71584153 
791 55 8 11 0.71311295 
591 512 23 33 0.71304566 
152 169 7 10 0.7105728 
943 135 7 11 0.700496 
74 184 7 9 0.69449615 
1014 103 9 10 0.69419503 
31 262 9 12 0.69388217 
695 136 7 10 0.6853305 
956 42 7 8 0.68483734 
519 296 8 12 0.6799263 
818 78 8 11 0.67185265 
977 221 8 10 0.67003894 
756 144 8 12 0.66738445 
873 139 9 12 0.66005826 
37 298 8 12 0.65924007 
104 266 9 11 0.65844905 
591 192 8 11 0.65362316 
253 304 10 14 0.64757204 
225 222 8 10 0.6445064 
422 176 8 10 0.643528 
932 207 9 12 0.6430069 
496 71 7 10 0.6428733 
76 237 8 11 0.6383281 
32 115 8 10 0.63600636 
151 270 8 11 0.6352611 
