2_Demonstration_Protesters_2_24
21
661 1048 79 105 0.9993418 
156 806 78 98 0.9993166 
548 255 90 155 0.99923205 
372 259 99 159 0.9986803 
884 1116 105 121 0.9986613 
815 649 62 90 0.9982961 
504 662 61 79 0.99788886 
585 866 42 56 0.997775 
679 471 49 79 0.9977223 
452 1120 68 97 0.9971607 
480 749 76 113 0.99691975 
372 585 58 72 0.9945456 
606 635 63 72 0.99395704 
12 391 103 153 0.99376774 
396 809 57 65 0.92528784 
677 856 35 52 0.9121185 
36 840 38 52 0.8811019 
637 687 63 68 0.8647261 
871 1046 28 30 0.8399546 
745 0 35 24 0.8285982 
541 1039 36 47 0.5529087 
