2_Demonstration_Protesters_2_178
20
64 532 70 100 0.9991775 
265 493 67 88 0.9986797 
680 24 39 49 0.99841285 
550 538 64 82 0.9972088 
632 519 58 73 0.9966349 
602 104 42 57 0.9936701 
741 508 63 65 0.9857232 
916 570 68 74 0.9797275 
765 108 45 61 0.9700931 
362 61 40 48 0.9576841 
0 79 34 49 0.939801 
135 60 33 33 0.89611435 
157 170 12 17 0.67990637 
473 68 41 52 0.6263933 
293 16 20 28 0.59480214 
276 398 41 47 0.46486858 
928 555 57 57 0.42375734 
10 157 21 25 0.41550234 
310 381 40 55 0.41416198 
146 59 29 29 0.37085047 
