2_Demonstration_Protesters_2_46
43
824 56 77 105 0.99979275 
735 436 101 138 0.99964035 
262 149 65 104 0.9993849 
340 71 63 91 0.9992743 
78 47 56 78 0.9991873 
487 144 79 111 0.9976584 
480 554 89 151 0.9975739 
275 17 50 54 0.99521744 
930 44 51 70 0.99381894 
128 102 72 106 0.9928109 
649 271 72 120 0.99159676 
961 120 62 78 0.98771966 
930 213 79 103 0.9837744 
756 41 56 79 0.98342 
758 128 61 66 0.9771029 
724 198 67 68 0.9760636 
627 96 47 86 0.9672387 
430 494 94 154 0.95834607 
545 22 77 117 0.9577246 
364 347 66 69 0.9572002 
811 601 66 117 0.95424515 
52 241 71 107 0.95199114 
382 338 97 90 0.9414398 
570 543 135 179 0.9268777 
45 20 56 66 0.8979135 
907 623 65 105 0.8650171 
399 116 42 65 0.8146008 
613 613 96 115 0.8034206 
1 426 43 140 0.7965853 
255 456 81 96 0.78216636 
202 34 38 38 0.7729824 
570 561 76 148 0.72544736 
588 559 85 116 0.6118891 
242 24 38 42 0.5996229 
128 0 37 46 0.5883493 
583 61 51 75 0.49208793 
445 499 127 202 0.41695872 
830 20 39 34 0.39905995 
875 417 49 81 0.3804549 
240 78 46 90 0.3482893 
957 534 53 88 0.33491063 
917 610 96 118 0.32727557 
485 547 175 161 0.32610226 
