2_Demonstration_Demonstration_Or_Protest_2_102
20
424 604 26 34 0.9924661 
265 583 24 25 0.9921077 
671 544 24 26 0.9877007 
950 487 20 23 0.986302 
79 605 27 26 0.984036 
978 512 20 23 0.9818652 
757 576 20 22 0.97757167 
237 584 20 26 0.89444995 
402 607 20 30 0.76347834 
311 577 17 18 0.64402336 
697 538 18 23 0.5984865 
845 527 11 13 0.5790287 
677 669 20 14 0.54969805 
620 648 19 33 0.49653262 
800 529 13 16 0.47880745 
636 584 22 25 0.45137525 
774 541 13 17 0.37559122 
888 505 12 17 0.35084385 
456 585 20 22 0.34001037 
390 608 29 35 0.33286265 
