2_Demonstration_Political_Rally_2_609
100
157 146 27 36 0.99912125 
808 545 23 25 0.99606484 
635 393 16 17 0.9950289 
994 349 18 19 0.994936 
967 347 16 18 0.99234384 
743 539 20 23 0.98792714 
979 486 20 25 0.9783709 
770 567 21 25 0.9782637 
907 431 17 22 0.9757047 
746 615 23 31 0.9678321 
691 413 14 17 0.96111006 
727 516 21 24 0.95292336 
940 374 16 18 0.9525747 
850 554 22 31 0.9500834 
963 450 16 19 0.946767 
739 402 12 17 0.9419047 
885 553 22 23 0.9342708 
460 365 14 15 0.9316329 
749 371 14 17 0.9266716 
781 464 18 22 0.92328984 
848 518 19 23 0.91261894 
640 349 14 15 0.9067516 
554 363 13 15 0.9047792 
992 467 14 20 0.8977966 
382 399 15 18 0.8920983 
861 621 12 15 0.8740693 
914 334 15 16 0.8655445 
771 297 12 15 0.8621413 
770 411 14 15 0.85814494 
756 449 16 21 0.8521413 
389 364 13 13 0.8482489 
851 396 13 15 0.8419462 
489 388 17 18 0.83651954 
820 405 13 16 0.8339043 
887 457 17 21 0.83287436 
769 492 21 22 0.82671136 
509 339 14 15 0.8253056 
322 373 12 15 0.8218773 
677 403 12 17 0.8007147 
921 490 17 19 0.78756255 
908 506 24 25 0.7864907 
391 333 12 14 0.78115654 
497 304 12 15 0.7722649 
674 459 17 24 0.7687307 
903 474 15 18 0.7661246 
721 426 13 16 0.7630183 
665 321 12 13 0.757787 
305 362 11 14 0.75560087 
127 240 74 146 0.75264496 
409 419 12 13 0.74690413 
609 326 12 14 0.7467448 
966 409 16 20 0.7201443 
418 393 13 15 0.71377283 
447 344 11 13 0.6933659 
440 406 15 15 0.6887417 
616 431 14 17 0.6761509 
758 325 13 15 0.6714216 
281 383 13 14 0.6551131 
806 360 13 15 0.64733136 
713 407 10 14 0.6423659 
805 279 11 14 0.63744307 
1015 476 9 18 0.6336909 
745 475 13 17 0.63013935 
936 564 22 27 0.6101799 
962 618 21 26 0.6095898 
532 400 16 17 0.59711605 
717 298 13 15 0.5942804 
327 336 10 12 0.5939261 
614 390 12 14 0.59053326 
769 526 13 17 0.5754212 
878 360 13 14 0.5745678 
344 360 12 14 0.5728919 
848 635 16 15 0.5725221 
813 330 13 15 0.5697426 
871 529 15 17 0.56594485 
647 327 11 12 0.5591294 
941 465 12 14 0.5523305 
414 358 12 13 0.5517472 
800 298 12 14 0.54781365 
993 377 16 18 0.54435605 
759 320 13 15 0.531928 
479 323 10 12 0.50388116 
792 438 12 16 0.5020553 
769 597 23 29 0.50102764 
708 387 13 15 0.4970656 
588 384 13 14 0.49150848 
357 383 11 14 0.48947924 
647 445 21 26 0.4874699 
642 430 14 16 0.47860056 
557 447 26 24 0.46865132 
352 431 13 13 0.45181444 
852 485 18 22 0.429376 
520 608 81 45 0.42317447 
438 434 13 14 0.4205291 
811 448 12 15 0.4182851 
554 347 11 13 0.4096535 
411 440 13 14 0.4030826 
580 437 21 25 0.37707666 
577 392 13 15 0.35992503 
937 466 17 19 0.35914668 
