2_Demonstration_Political_Rally_2_264
63
442 500 15 25 0.9739842 
929 593 24 31 0.9590641 
389 551 15 19 0.9537206 
624 563 15 23 0.94658405 
990 524 12 16 0.9444343 
679 590 16 23 0.938557 
787 457 11 15 0.92212456 
652 468 13 17 0.8758389 
211 327 11 15 0.85312486 
335 400 11 14 0.8441129 
707 503 14 21 0.8216666 
512 417 10 13 0.81962544 
93 357 11 14 0.8049564 
602 513 15 20 0.79762214 
614 472 11 16 0.77924985 
731 436 11 16 0.76940864 
155 356 19 23 0.7582165 
648 582 10 16 0.73436296 
583 461 12 20 0.722763 
599 365 9 14 0.7115222 
54 346 12 13 0.7062466 
213 362 13 15 0.6804077 
154 335 12 14 0.676208 
531 512 12 17 0.67225844 
336 459 13 16 0.6594205 
738 601 16 22 0.6501002 
959 388 10 11 0.64053196 
239 353 10 14 0.62258154 
279 346 11 12 0.6154874 
851 506 21 29 0.611998 
494 330 12 15 0.6106654 
361 526 12 16 0.6019307 
126 324 9 10 0.594569 
396 427 13 15 0.5937369 
193 362 13 15 0.5807942 
42 364 11 12 0.568872 
601 368 9 12 0.54029053 
919 385 10 13 0.50401604 
500 509 12 20 0.4999535 
255 367 11 15 0.48769704 
963 451 18 22 0.4859633 
597 489 11 15 0.47631183 
593 488 11 16 0.46686438 
692 372 9 12 0.45877993 
355 430 11 12 0.42823237 
882 418 10 13 0.42103517 
321 389 11 13 0.40453595 
455 303 8 11 0.4005046 
595 339 10 14 0.39343023 
863 412 9 16 0.3863749 
792 366 10 12 0.38586456 
363 405 10 12 0.38510314 
523 330 11 14 0.38475206 
49 377 12 14 0.36580107 
516 451 9 14 0.36535832 
984 524 11 15 0.36040625 
97 377 13 16 0.35760596 
750 360 10 13 0.3541292 
957 498 12 12 0.34979135 
142 486 13 14 0.3456527 
462 347 12 14 0.33974683 
535 507 13 20 0.30502126 
239 574 16 25 0.30135244 
