2_Demonstration_Demonstration_Or_Protest_2_441
26
286 186 34 42 0.9998111 
401 166 37 44 0.99980456 
108 187 47 49 0.99976724 
611 174 40 47 0.99961436 
855 171 35 45 0.99955994 
570 174 34 47 0.9994733 
233 154 40 48 0.99934405 
932 153 36 46 0.99906427 
328 207 39 45 0.9990245 
0 188 31 38 0.9990087 
501 161 37 58 0.9986941 
791 160 40 51 0.9962095 
855 357 24 30 0.993504 
904 601 45 37 0.98564166 
722 164 27 41 0.9825981 
499 581 47 42 0.9550554 
656 574 27 24 0.9550075 
796 573 20 18 0.8684289 
310 172 28 33 0.8593495 
570 99 16 25 0.85931313 
850 562 17 14 0.81085813 
455 171 25 32 0.5930632 
592 574 25 27 0.5223021 
142 129 24 28 0.42473224 
821 173 21 36 0.3714644 
809 561 19 14 0.31800398 
