33_Running_Running_33_316
34
402 182 46 58 0.999728 
628 182 42 60 0.9996315 
760 149 50 69 0.9995801 
154 187 41 50 0.9995497 
219 165 44 60 0.999532 
857 202 47 59 0.99936026 
528 223 38 52 0.9989003 
354 170 35 54 0.99873835 
694 152 19 25 0.9972134 
265 169 34 53 0.99668187 
326 173 23 34 0.9946949 
185 131 14 18 0.9800536 
425 158 34 49 0.975269 
476 230 33 30 0.9710731 
666 133 12 17 0.9673716 
894 122 13 16 0.94987386 
574 130 13 17 0.9449475 
718 139 15 16 0.9431888 
786 123 14 17 0.91798353 
428 125 14 18 0.90666455 
293 105 12 16 0.8843831 
49 108 11 18 0.87836355 
854 114 13 18 0.8657192 
370 136 14 15 0.85571927 
103 157 13 16 0.7869777 
545 125 10 17 0.73322237 
914 133 12 15 0.73221725 
273 128 11 17 0.6073702 
412 108 9 14 0.58520865 
473 131 9 13 0.5466207 
823 114 14 13 0.5267549 
625 155 16 16 0.3925555 
221 104 9 15 0.34830713 
818 112 11 14 0.3460357 
