33_Running_Running_33_266
36
611 121 43 53 0.9997538 
184 174 40 45 0.999681 
240 221 42 55 0.99965715 
794 90 41 57 0.9995751 
874 196 44 55 0.99955875 
748 216 40 44 0.99949324 
0 162 38 53 0.9993949 
94 264 46 55 0.99937123 
486 251 46 55 0.99936086 
771 271 45 56 0.9993038 
363 258 47 65 0.9988907 
513 176 46 47 0.99863476 
392 131 44 47 0.99830616 
806 199 48 55 0.993745 
379 220 40 37 0.9924057 
666 199 43 34 0.99150664 
283 209 39 39 0.99088204 
47 144 42 45 0.9856507 
250 157 43 50 0.9846036 
918 99 35 55 0.9650918 
883 124 42 56 0.9526486 
993 205 31 46 0.9466888 
481 145 30 41 0.90207916 
126 200 39 43 0.898277 
38 166 30 38 0.88122666 
432 146 25 35 0.733084 
227 153 27 34 0.65428984 
647 320 54 33 0.585454 
424 131 35 42 0.4819455 
69 225 44 45 0.47900254 
119 149 24 30 0.45592472 
354 153 38 46 0.4545893 
904 100 34 54 0.43677676 
269 127 25 33 0.42982468 
887 109 41 51 0.4116981 
324 162 29 41 0.32663968 
