7_Cheering_Cheering_7_29
100
810 369 15 15 0.8907024 
243 44 13 13 0.8865394 
205 92 14 17 0.83452106 
465 359 14 20 0.80138737 
357 247 13 13 0.7965527 
909 126 15 17 0.79132205 
890 217 13 16 0.7870867 
899 352 13 17 0.78686225 
222 140 15 14 0.7791034 
976 337 15 18 0.7724494 
725 360 12 11 0.76631105 
937 117 12 15 0.743998 
310 110 11 13 0.7385513 
480 308 13 13 0.7359569 
1003 335 11 15 0.7224879 
480 335 12 14 0.7187896 
548 354 13 17 0.7160123 
992 223 16 16 0.71254456 
41 360 14 15 0.7097929 
1000 189 12 12 0.70888025 
172 110 14 16 0.7087353 
805 279 14 17 0.69511604 
92 296 11 11 0.69424206 
324 274 15 16 0.6905487 
98 312 11 11 0.68577427 
607 238 16 18 0.67453253 
436 128 11 14 0.67317784 
444 171 14 15 0.6728553 
110 129 12 14 0.67182666 
405 327 12 12 0.671678 
338 170 12 14 0.6636435 
370 297 12 13 0.6627925 
619 177 14 18 0.6556385 
166 146 12 14 0.6477834 
307 85 11 13 0.64767146 
612 360 13 16 0.64302653 
970 94 13 13 0.6407355 
403 293 13 15 0.6355543 
591 123 15 18 0.63112396 
681 176 13 16 0.62751746 
571 217 14 20 0.6239116 
726 166 14 15 0.6220181 
878 248 16 16 0.6058205 
100 372 12 13 0.6034399 
2 114 12 13 0.59104466 
132 86 12 13 0.590792 
354 90 11 12 0.5905061 
364 364 12 14 0.57771033 
961 300 13 15 0.5738116 
349 400 13 15 0.5613797 
763 126 11 12 0.55543476 
193 243 11 12 0.55186665 
614 420 13 14 0.55079246 
766 269 13 12 0.54952836 
940 296 12 15 0.54853827 
270 107 13 15 0.54379296 
839 341 15 17 0.5414681 
713 293 16 17 0.5265118 
977 195 11 12 0.5243903 
951 253 14 15 0.52175844 
226 402 12 12 0.50580525 
432 444 14 14 0.5045548 
515 280 12 12 0.5030815 
942 470 15 14 0.488792 
410 201 12 14 0.4866717 
886 91 13 14 0.46107054 
591 96 13 16 0.46099865 
921 95 11 11 0.4602509 
248 105 8 11 0.4577356 
533 137 14 16 0.4576529 
69 280 12 15 0.44822055 
250 291 11 13 0.4335974 
196 272 12 13 0.4311453 
626 117 13 18 0.42475885 
10 99 12 13 0.42334083 
155 112 11 15 0.41984156 
158 270 10 11 0.41077638 
411 350 15 20 0.40865278 
980 119 14 16 0.40147275 
194 404 11 13 0.40057993 
490 186 11 13 0.40055642 
680 118 11 11 0.390454 
826 231 12 15 0.38851446 
128 267 13 13 0.38706735 
386 370 12 11 0.38516474 
805 100 12 14 0.37793416 
905 91 14 17 0.3757581 
166 376 12 13 0.36409405 
739 108 9 11 0.35492516 
38 171 12 13 0.35351324 
73 87 11 13 0.35346344 
926 219 19 17 0.35241938 
842 97 11 13 0.3512223 
351 340 13 13 0.349091 
700 317 17 18 0.34033722 
710 97 9 10 0.33839807 
216 122 10 11 0.3372833 
778 101 11 13 0.33643603 
258 426 13 15 0.33263192 
193 119 10 11 0.32734263 
