7_Cheering_Cheering_7_345
26
353 403 24 27 0.9987465 
253 369 24 29 0.99756515 
264 393 23 29 0.9969933 
231 376 20 29 0.9965928 
604 189 26 37 0.9961903 
794 394 25 31 0.9960601 
581 390 27 31 0.9957553 
554 353 23 29 0.995404 
1 309 22 33 0.99293983 
858 356 22 29 0.9584817 
465 390 20 30 0.9369989 
452 148 25 46 0.93568593 
760 374 21 28 0.9064921 
898 356 28 29 0.87722063 
879 376 20 27 0.7948758 
88 375 22 28 0.7900833 
162 408 19 27 0.71196896 
861 400 19 30 0.68258965 
333 419 14 34 0.65331584 
944 309 21 28 0.572379 
244 425 18 26 0.5471637 
684 431 18 24 0.4821829 
885 379 24 28 0.40928915 
18 379 28 32 0.4043151 
188 393 27 30 0.3966431 
144 414 32 25 0.38899964 
