7_Cheering_Cheering_7_536
23
998 241 26 38 0.9809998 
929 297 46 32 0.97786385 
509 262 48 40 0.95833117 
519 339 35 54 0.9444882 
895 244 33 26 0.93811464 
0 231 25 29 0.90038365 
214 266 32 29 0.8672187 
638 261 46 42 0.8507603 
328 308 28 28 0.8234378 
99 241 28 25 0.8200174 
244 237 27 26 0.7388744 
851 282 29 35 0.6415934 
206 229 24 20 0.5960336 
202 247 25 23 0.55955285 
256 315 24 28 0.51701933 
460 276 27 25 0.5167371 
315 228 27 24 0.5110844 
0 344 17 32 0.50876874 
26 244 32 26 0.4802645 
879 264 28 29 0.4364132 
714 260 78 89 0.4226677 
501 272 35 28 0.37229452 
174 7 192 171 0.30312788 
