58_Hockey_icehockey_puck_58_262
44
49 329 14 17 0.9935347 
467 256 15 16 0.9910155 
384 239 12 16 0.9898225 
269 322 13 15 0.98792005 
429 205 11 13 0.98184425 
551 228 12 14 0.9811467 
322 411 12 18 0.9805957 
349 250 12 14 0.97787523 
323 331 14 16 0.9717591 
324 237 10 15 0.9549018 
537 249 14 17 0.94772923 
325 352 12 17 0.93243885 
469 187 11 14 0.92797065 
206 237 11 13 0.9199604 
800 82 9 12 0.8938061 
633 72 7 10 0.89054054 
203 331 23 20 0.8888376 
721 45 10 11 0.83763385 
567 214 10 13 0.8370983 
24 50 8 10 0.7679081 
755 24 9 10 0.7570664 
695 52 9 11 0.75001293 
558 47 8 10 0.7162618 
184 53 8 9 0.70614517 
834 75 10 11 0.6786026 
778 488 13 20 0.6733807 
347 274 12 15 0.6715695 
946 0 10 7 0.58052367 
14 641 21 29 0.55406517 
776 88 9 9 0.5168341 
230 24 9 11 0.5104811 
980 1 11 12 0.48132905 
866 93 9 11 0.43209594 
529 31 8 10 0.41961905 
182 16 8 9 0.40982813 
858 30 8 10 0.3903617 
259 12 8 9 0.38281697 
789 49 10 12 0.37414145 
728 0 9 9 0.3676981 
967 94 9 10 0.3553164 
421 46 16 19 0.35269046 
881 72 8 12 0.3322666 
446 74 9 11 0.3212783 
340 0 9 12 0.31712562 
