58_Hockey_icehockey_puck_58_825
23
596 115 28 35 0.999943 
212 116 27 37 0.9999362 
573 231 31 40 0.99993587 
769 104 27 31 0.9999088 
714 120 28 39 0.9998808 
210 230 34 44 0.99986696 
545 103 27 31 0.99980944 
640 105 25 32 0.9998085 
252 112 25 32 0.9997608 
792 217 33 40 0.99975675 
297 119 26 34 0.99970907 
478 215 28 42 0.9996921 
684 220 31 41 0.99959105 
821 118 27 37 0.99942774 
108 112 27 35 0.9994142 
498 126 27 33 0.9993648 
96 385 43 46 0.9992446 
390 116 27 32 0.99922514 
347 105 25 32 0.9991037 
342 211 33 45 0.9990575 
453 88 24 30 0.9987866 
841 399 40 45 0.9981431 
452 111 25 26 0.549125 
