58_Hockey_icehockey_puck_58_245
24
198 227 34 40 0.9998833 
352 206 30 38 0.9998254 
613 196 30 37 0.999788 
381 103 28 38 0.99975187 
102 95 32 40 0.9997204 
812 53 27 37 0.99968076 
733 63 28 38 0.99966896 
280 77 30 40 0.9996252 
678 54 29 38 0.99961436 
410 82 30 40 0.9996094 
473 117 31 36 0.9995844 
612 72 27 34 0.9995177 
254 204 29 41 0.99949837 
529 99 29 42 0.99944705 
99 190 33 36 0.9992539 
153 76 30 35 0.999225 
199 121 30 36 0.9991405 
840 201 29 36 0.99899274 
884 45 28 38 0.9989184 
679 290 29 39 0.99884677 
901 168 31 42 0.9987495 
437 193 32 43 0.9987435 
611 365 30 39 0.9986675 
580 364 63 45 0.45907834 
