58_Hockey_icehockey_puck_58_221
27
654 461 51 58 0.99848986 
7 455 49 62 0.9984768 
0 693 56 69 0.9970847 
576 34 42 54 0.9964444 
458 524 63 86 0.99582016 
1 192 30 60 0.99373734 
741 158 32 56 0.99302685 
252 335 46 57 0.9910561 
209 469 46 70 0.9825758 
93 356 64 79 0.9706397 
106 455 55 67 0.90083325 
81 569 56 84 0.8917931 
548 486 32 46 0.82134897 
895 475 31 56 0.7617426 
490 820 67 85 0.7340778 
44 60 46 64 0.68777305 
121 93 34 49 0.6723475 
43 192 46 58 0.60687375 
862 321 47 58 0.6047063 
823 107 57 106 0.56255233 
0 74 33 50 0.49868917 
15 5 21 34 0.4348978 
21 183 66 80 0.43374568 
468 926 74 75 0.3967001 
821 83 80 160 0.38644716 
589 393 50 45 0.33648032 
821 492 56 66 0.30295107 
