58_Hockey_icehockey_puck_58_221
24
6 453 49 67 0.99968565 
1 696 53 67 0.99936 
111 452 50 71 0.9991503 
651 459 57 65 0.9988605 
579 34 39 56 0.99807954 
738 156 35 57 0.9978403 
98 359 55 68 0.9972343 
253 325 44 66 0.9968298 
459 524 65 87 0.9959085 
0 75 32 49 0.9911389 
210 469 46 73 0.9902783 
81 586 50 61 0.97398823 
198 199 43 60 0.972132 
55 72 38 48 0.9705512 
0 193 29 64 0.96965665 
477 455 44 59 0.93564576 
820 151 38 46 0.884189 
121 89 32 52 0.87914693 
545 487 33 44 0.80239755 
356 286 43 51 0.6347546 
895 472 27 59 0.6226169 
130 334 41 53 0.50794804 
591 397 47 43 0.50324696 
128 425 34 43 0.46747512 
