11_Meeting_Meeting_11_Meeting_Meeting_11_587
90
222 314 15 23 0.9988431 
589 301 16 20 0.996443 
804 321 17 21 0.99579453 
804 351 16 25 0.99550545 
275 311 16 17 0.99494606 
562 322 14 21 0.9886049 
560 299 14 18 0.98632985 
650 281 16 21 0.9862802 
261 241 12 14 0.9822813 
735 250 14 19 0.9812166 
1007 244 12 14 0.9758153 
722 297 15 20 0.9718174 
960 238 11 15 0.96687526 
492 220 11 12 0.9648301 
774 272 10 17 0.9615151 
763 251 11 13 0.9529052 
420 307 16 23 0.93946314 
313 257 8 17 0.9283655 
46 171 9 11 0.9275902 
434 325 10 17 0.9250797 
316 239 11 14 0.9200654 
160 253 12 18 0.9132063 
490 188 9 11 0.91052294 
1000 394 24 46 0.9030625 
101 181 8 10 0.89584905 
921 233 11 13 0.8903338 
7 183 12 13 0.87615687 
910 162 6 9 0.86772513 
517 182 8 10 0.8626005 
545 221 9 12 0.86195767 
776 173 7 11 0.8571663 
347 291 14 21 0.8492576 
191 240 11 13 0.8462508 
820 259 10 13 0.83503556 
383 177 9 12 0.8335163 
876 227 10 14 0.82430446 
323 199 9 14 0.81462497 
262 189 9 11 0.8138518 
193 187 11 13 0.8073401 
1015 159 6 8 0.8040382 
871 259 13 14 0.8035234 
659 202 9 12 0.77002275 
474 192 8 11 0.7679361 
446 180 8 10 0.7658531 
728 205 8 11 0.75838906 
56 184 9 11 0.7413715 
427 356 11 18 0.73600304 
122 168 7 11 0.7349652 
333 255 10 14 0.6834668 
201 276 10 15 0.68258846 
558 188 9 12 0.66510826 
234 191 9 12 0.6439917 
418 178 8 11 0.64290667 
750 216 9 11 0.64013803 
612 183 7 11 0.63493896 
1001 162 6 7 0.62975514 
851 289 13 17 0.62797827 
94 172 8 9 0.6264327 
908 276 11 15 0.5978479 
643 215 9 13 0.5969202 
476 170 7 10 0.59636915 
571 234 9 14 0.59608334 
239 171 9 10 0.59325266 
461 163 7 9 0.58497053 
421 234 9 16 0.57857656 
315 191 9 11 0.5715275 
256 279 10 16 0.57108665 
646 207 10 12 0.55532444 
613 368 10 22 0.5540345 
760 170 6 10 0.5454926 
368 206 10 12 0.5276968 
241 129 6 9 0.51530176 
927 267 9 11 0.501806 
861 159 7 10 0.49924532 
276 171 9 12 0.46735942 
945 260 10 11 0.43580693 
558 251 7 13 0.41911107 
532 174 6 10 0.41783428 
427 159 6 10 0.4174922 
420 162 6 11 0.39349598 
214 154 8 10 0.3890548 
361 171 7 12 0.38311824 
873 264 12 14 0.3821794 
518 202 10 11 0.37134922 
497 128 6 9 0.3665243 
350 296 14 17 0.35679063 
10 177 10 14 0.35551384 
306 173 8 10 0.30976442 
362 170 9 12 0.3067333 
115 157 8 10 0.30470306 
