11_Meeting_Meeting_11_Meeting_Meeting_11_702
61
118 213 30 25 0.999907 
891 164 36 33 0.9997677 
668 149 22 26 0.9997352 
960 184 46 36 0.9995479 
821 152 29 30 0.99945635 
479 129 14 19 0.9994405 
886 248 53 46 0.99943 
375 186 25 29 0.99934477 
624 192 30 38 0.9993119 
579 179 23 28 0.9992925 
440 296 53 62 0.9992823 
374 127 17 21 0.9992786 
402 142 17 23 0.9992561 
0 301 44 34 0.9992487 
418 237 37 47 0.999164 
943 114 20 17 0.9991309 
617 140 21 24 0.9991122 
329 131 18 18 0.99909675 
983 129 26 23 0.9990791 
793 187 37 38 0.9989427 
770 136 21 24 0.9987947 
544 160 20 25 0.99867237 
912 121 21 20 0.9986376 
943 145 25 24 0.9983718 
749 321 60 68 0.9981645 
680 257 40 48 0.9979054 
860 128 20 22 0.99790275 
714 131 19 22 0.99780566 
507 133 16 19 0.9975926 
18 194 33 28 0.9973437 
409 201 29 35 0.9972657 
525 141 21 24 0.9971559 
878 109 16 16 0.99693775 
718 165 26 30 0.99674195 
685 125 17 20 0.9963462 
42 170 31 27 0.995808 
359 168 21 24 0.99514765 
980 101 14 12 0.99215746 
897 102 13 12 0.99196315 
804 122 17 21 0.9858145 
781 111 13 14 0.98561203 
813 96 12 11 0.9814146 
999 106 14 12 0.9786145 
658 122 15 19 0.97636503 
572 126 14 18 0.9720996 
0 212 20 33 0.9619968 
835 119 15 15 0.9587363 
534 123 12 15 0.956324 
921 103 14 11 0.94480604 
752 69 8 9 0.93229896 
698 108 13 14 0.91517067 
1013 113 11 13 0.910257 
175 411 22 22 0.86877537 
346 155 16 25 0.86064446 
915 70 10 9 0.8594015 
630 119 12 15 0.8532328 
791 74 9 8 0.8256971 
801 73 8 8 0.80168444 
801 76 9 12 0.7657083 
751 113 15 17 0.68950945 
967 70 9 8 0.64687514 
