11_Meeting_Meeting_11_Meeting_Meeting_11_189
29
64 366 19 24 0.99858415 
194 388 29 35 0.99840707 
808 142 33 58 0.9980775 
96 385 21 26 0.99410844 
324 379 14 17 0.989311 
426 368 13 15 0.9856419 
397 394 12 17 0.975801 
161 371 15 16 0.9710062 
253 364 11 13 0.9686404 
18 362 11 12 0.9622256 
499 363 8 11 0.85492337 
336 365 8 12 0.82731074 
394 364 9 13 0.8020221 
275 373 12 15 0.75192463 
2 367 13 16 0.74976087 
74 356 7 10 0.7375948 
33 356 10 12 0.72874224 
46 358 9 10 0.7254054 
260 445 16 17 0.71413124 
419 358 7 10 0.68054295 
79 362 9 12 0.5815054 
375 357 6 7 0.542024 
394 362 8 10 0.50950056 
275 377 11 15 0.4987589 
108 365 9 9 0.4165542 
139 364 7 8 0.3951529 
107 367 10 12 0.34863424 
165 369 13 14 0.3305648 
2 357 12 12 0.3230778 
