40_Gymnastics_Gymnastics_40_273
24
694 124 33 42 0.9998926 
487 61 29 38 0.9997123 
489 126 34 39 0.9996972 
100 113 34 42 0.9996362 
793 124 31 40 0.99960047 
392 125 30 39 0.99959487 
233 66 27 35 0.9995459 
754 63 31 41 0.9995105 
375 230 35 48 0.99948895 
823 57 31 39 0.99944645 
593 126 30 40 0.99943775 
318 69 28 37 0.99943715 
672 71 31 40 0.99939847 
408 77 28 39 0.99932206 
299 125 34 47 0.99929094 
201 127 32 39 0.99923503 
581 75 28 36 0.9992041 
486 260 35 46 0.9989373 
181 229 37 46 0.99890554 
896 127 31 41 0.99876714 
147 67 30 38 0.99858934 
671 249 37 47 0.99855846 
827 232 37 46 0.99800605 
550 274 35 45 0.9976712 
