40_Gymnastics_Gymnastics_40_593
32
72 287 37 50 0.99982834 
939 299 37 50 0.99961686 
303 184 42 59 0.99956936 
541 181 42 55 0.9995509 
419 205 37 53 0.99954754 
629 202 39 55 0.999474 
841 253 39 51 0.99939954 
173 261 40 53 0.9992982 
751 194 37 52 0.9989372 
36 245 46 50 0.9981375 
100 38 19 27 0.97252166 
24 48 22 32 0.9590872 
113 117 15 21 0.95818764 
168 138 18 24 0.9294781 
16 108 20 28 0.92272687 
82 181 28 41 0.903598 
17 218 17 20 0.8481175 
112 448 18 22 0.8258571 
71 235 21 27 0.8058309 
558 132 22 26 0.75808275 
657 64 20 22 0.5497191 
843 37 14 18 0.5274155 
306 0 17 12 0.46724758 
793 58 20 35 0.45565757 
703 101 29 39 0.39716437 
79 62 13 19 0.37924087 
330 626 20 13 0.36079612 
1 273 16 16 0.33546183 
912 28 13 19 0.3267729 
628 166 14 21 0.30955976 
516 26 19 26 0.30586913 
162 29 19 25 0.30248886 
