40_Gymnastics_Gymnastics_40_891
27
677 487 32 40 0.99956423 
922 360 32 38 0.9995617 
457 477 28 36 0.99952173 
581 321 25 34 0.99947053 
381 288 27 36 0.9994048 
477 386 29 33 0.9990447 
677 394 30 37 0.99903655 
524 302 27 36 0.9990319 
71 307 29 39 0.9990293 
606 390 30 40 0.9989201 
521 480 30 37 0.9988262 
547 379 29 37 0.9988186 
184 310 29 36 0.99875236 
761 331 27 37 0.99874425 
123 298 30 38 0.99861705 
261 278 27 39 0.99860185 
874 351 29 38 0.9985936 
606 485 30 37 0.998555 
696 336 29 36 0.99843806 
386 481 30 35 0.99839216 
671 283 27 35 0.99835455 
322 294 28 37 0.9978981 
737 499 31 40 0.99782264 
842 346 27 33 0.99706835 
450 302 27 35 0.9962644 
762 413 31 34 0.99616843 
825 336 22 34 0.986466 
