40_Gymnastics_Gymnastics_40_492
31
473 149 35 50 0.9995895 
655 122 38 53 0.99938095 
557 130 39 50 0.9993267 
358 146 42 56 0.9991026 
307 8 25 31 0.9989434 
485 65 23 28 0.9980959 
38 0 18 30 0.9980008 
509 55 22 30 0.9977024 
362 75 20 29 0.9970675 
549 46 24 31 0.9961688 
447 0 24 20 0.9959429 
468 78 19 26 0.9956655 
413 0 20 18 0.99207884 
378 0 23 25 0.9888376 
336 0 25 22 0.98420805 
206 17 24 32 0.9749586 
268 18 19 28 0.9630978 
446 108 19 28 0.96065503 
310 72 19 34 0.94995975 
351 0 22 22 0.89301425 
589 79 25 27 0.8835288 
306 47 20 30 0.8635836 
169 17 18 26 0.77572435 
388 68 13 15 0.71097094 
553 330 73 175 0.58429337 
426 81 14 16 0.5444895 
679 331 54 119 0.50598186 
403 23 21 26 0.37589648 
0 0 20 29 0.34581676 
491 3 18 24 0.33756495 
399 65 19 26 0.3062644 
