6_Funeral_Funeral_6_485
24
906 139 76 104 0.99987304 
460 175 95 148 0.9996867 
510 517 46 35 0.9576992 
813 304 27 48 0.7688097 
530 70 11 12 0.7076688 
169 89 13 14 0.6144593 
616 145 23 31 0.5857971 
452 72 13 12 0.51411796 
290 102 12 13 0.5119039 
487 81 9 13 0.4935302 
374 16 14 16 0.43720874 
316 74 21 28 0.4111502 
707 0 16 10 0.4082771 
850 30 11 13 0.40338567 
415 8 13 13 0.37407815 
796 500 41 54 0.35703135 
545 54 12 15 0.35424063 
442 18 11 12 0.35318002 
416 18 11 12 0.3431742 
497 0 12 9 0.33571044 
377 82 16 21 0.3333779 
145 64 9 13 0.33000967 
824 31 10 13 0.31324908 
483 23 11 13 0.30665115 
