6_Funeral_Funeral_6_572
24
654 337 31 40 0.99955195 
553 293 31 38 0.999521 
498 338 32 36 0.9994622 
354 369 29 33 0.9994516 
339 321 29 37 0.99940765 
795 289 32 40 0.9993358 
546 350 30 40 0.9993267 
611 297 33 44 0.9992987 
738 314 32 45 0.9992938 
285 343 28 35 0.99909186 
416 343 31 33 0.99879444 
161 362 29 36 0.9985715 
229 355 29 34 0.9984621 
844 627 13 12 0.67066985 
759 634 12 13 0.5380266 
1003 570 14 13 0.53439605 
671 621 12 13 0.5313198 
326 607 9 12 0.49680302 
439 602 8 9 0.4766302 
880 659 12 15 0.4478804 
980 570 12 15 0.43517184 
630 589 12 11 0.41274527 
581 615 11 11 0.39604032 
924 627 10 12 0.33324835 
