6_Funeral_Funeral_6_759
64
71 166 34 48 0.9997013 
267 163 36 45 0.9995435 
314 0 30 32 0.9994873 
107 268 41 57 0.99942493 
950 146 33 43 0.99941003 
898 284 38 53 0.9994056 
441 157 37 49 0.99930906 
362 55 30 39 0.9991602 
652 182 37 48 0.9991555 
777 214 32 40 0.99909294 
801 28 27 38 0.9990792 
692 50 28 39 0.9990396 
129 93 30 38 0.99896824 
498 257 37 50 0.9989152 
16 90 32 44 0.9988451 
496 30 30 38 0.9987684 
851 273 27 37 0.9986779 
744 345 34 48 0.9985348 
957 215 32 43 0.9982748 
337 179 30 38 0.9982167 
633 25 28 35 0.99814606 
122 4 34 50 0.9980513 
566 11 30 39 0.99775046 
728 64 31 38 0.99774534 
381 118 32 37 0.9977181 
169 67 31 43 0.99760985 
716 140 32 34 0.99737537 
910 44 31 38 0.99679023 
195 1 30 37 0.99657094 
452 2 26 31 0.9961467 
683 10 31 40 0.9959973 
328 93 29 34 0.99598736 
96 78 28 34 0.99578816 
263 115 32 34 0.9955695 
797 98 29 35 0.99551815 
319 271 37 54 0.9948301 
654 133 34 40 0.994591 
435 71 25 39 0.9940924 
602 80 30 36 0.99380726 
385 15 27 34 0.9926109 
963 97 24 37 0.9910252 
783 10 26 39 0.99018645 
460 94 32 37 0.9855699 
204 92 25 31 0.96432996 
366 10 23 34 0.9637407 
865 111 34 50 0.94475615 
59 308 27 34 0.9077891 
894 0 24 23 0.90668404 
181 162 46 37 0.8929499 
974 332 35 38 0.88265365 
957 61 21 34 0.8704092 
46 143 31 43 0.8569051 
233 59 33 51 0.85261846 
253 89 26 28 0.81820536 
661 98 27 34 0.7797517 
225 6 24 36 0.75872445 
50 130 28 29 0.692206 
549 175 34 35 0.6803976 
873 93 33 48 0.67885315 
274 286 32 41 0.63853157 
275 45 29 35 0.60060126 
47 132 45 51 0.46066055 
740 199 24 29 0.4396906 
276 66 24 27 0.4230454 
