6_Funeral_Funeral_6_531
31
134 324 18 22 0.998825 
79 333 22 23 0.9978678 
43 339 20 22 0.99317753 
164 319 17 19 0.9849643 
262 293 11 14 0.9792051 
383 268 11 12 0.96099347 
270 284 11 13 0.9452912 
339 280 10 12 0.9129457 
352 279 10 12 0.90904754 
445 249 10 11 0.89538836 
411 264 11 14 0.8760929 
230 328 11 15 0.8520189 
248 309 11 13 0.79617953 
434 253 10 11 0.78369683 
198 318 10 13 0.672419 
202 359 14 18 0.6369391 
419 259 10 14 0.60165954 
478 242 11 11 0.5918592 
323 280 10 14 0.5732833 
174 322 14 14 0.51225865 
403 262 10 12 0.49960238 
344 5 14 15 0.39119044 
961 219 19 24 0.38337502 
573 99 16 18 0.3779863 
474 67 10 10 0.36835292 
977 139 24 22 0.3657855 
919 0 34 28 0.35244626 
539 39 9 11 0.34645274 
436 10 9 11 0.34283537 
473 87 11 12 0.33585274 
997 244 15 15 0.31525406 
