6_Funeral_Funeral_6_177
89
783 154 36 45 0.9993149 
550 212 35 59 0.9993044 
625 188 32 35 0.99715924 
490 260 28 35 0.994716 
415 255 35 50 0.99154997 
876 157 30 35 0.99115235 
448 260 26 39 0.9906108 
899 192 34 39 0.97835827 
535 259 27 38 0.9549732 
222 238 27 35 0.9477348 
410 174 13 16 0.94662744 
912 149 32 43 0.9433753 
261 173 34 63 0.93716323 
691 173 26 40 0.9300743 
967 158 23 26 0.8980072 
196 577 10 11 0.8608266 
9 202 11 14 0.8516707 
163 460 9 10 0.85137403 
281 617 10 10 0.837044 
130 484 11 10 0.8229387 
270 601 9 10 0.8170799 
516 192 13 17 0.8000395 
284 484 10 10 0.78144485 
298 485 10 11 0.7624015 
131 659 9 9 0.754025 
99 538 10 11 0.743612 
159 657 10 10 0.7409634 
499 186 15 21 0.7380102 
172 669 10 11 0.7239695 
56 423 12 10 0.7067764 
126 530 12 11 0.6971444 
70 498 12 11 0.6880499 
112 473 12 10 0.68653774 
99 412 11 10 0.6514481 
283 497 9 10 0.647092 
358 189 10 14 0.6434303 
100 491 12 10 0.63577765 
328 616 10 11 0.614739 
69 610 10 9 0.599549 
288 663 8 10 0.59831953 
252 460 8 10 0.57000977 
147 401 10 10 0.56843495 
136 404 9 9 0.56492245 
42 553 10 11 0.55946404 
156 475 10 11 0.5549521 
42 426 10 10 0.55216 
57 436 13 11 0.5484234 
169 581 10 9 0.54151475 
117 423 10 11 0.54085934 
263 661 8 10 0.53732115 
83 605 11 10 0.5272247 
141 418 10 11 0.5206435 
921 149 40 38 0.5169801 
291 557 9 11 0.51687145 
326 487 9 11 0.5157977 
450 186 11 13 0.5137563 
51 488 11 10 0.5093092 
186 593 10 10 0.49620423 
145 672 11 8 0.4932585 
15 614 9 10 0.48562205 
57 564 12 10 0.48148784 
272 481 9 10 0.47933102 
438 234 18 24 0.47508135 
138 466 10 10 0.4699151 
371 190 20 24 0.46955204 
171 533 11 11 0.46945578 
88 430 12 11 0.4662387 
286 438 11 11 0.46368152 
111 409 11 10 0.4557335 
115 547 10 10 0.44204044 
255 199 11 14 0.43534705 
32 615 9 9 0.42070332 
69 546 11 11 0.41867313 
139 584 11 11 0.4158183 
130 603 11 10 0.4121291 
276 541 9 10 0.40982845 
51 613 11 10 0.40951186 
315 441 10 10 0.4031745 
87 556 13 11 0.40313277 
27 492 10 11 0.40223712 
318 557 10 11 0.3960396 
112 595 11 10 0.38610995 
82 480 11 10 0.3829266 
267 553 8 10 0.374124 
42 506 10 10 0.3717878 
394 191 19 21 0.35357744 
301 426 11 11 0.32341206 
359 558 19 21 0.31530917 
31 443 11 10 0.30591023 
