6_Funeral_Funeral_6_109
42
354 224 25 32 0.99932086 
121 215 32 40 0.99919635 
423 239 23 27 0.998615 
658 297 23 24 0.997617 
195 215 30 37 0.9973425 
304 226 23 31 0.99720097 
698 247 17 22 0.99709487 
248 220 27 34 0.9969381 
646 218 20 23 0.9968381 
388 310 27 35 0.9965647 
802 253 21 22 0.9965323 
301 198 22 25 0.9962012 
717 294 22 26 0.9957287 
520 233 20 23 0.99566746 
617 220 18 22 0.99518615 
369 206 20 26 0.9946742 
880 235 18 20 0.99462116 
592 302 25 29 0.9943792 
487 217 18 19 0.9932847 
778 229 18 21 0.9925372 
740 251 19 21 0.9923999 
914 220 22 24 0.9909615 
458 226 22 28 0.99056023 
548 221 20 21 0.98869306 
452 299 24 30 0.9863625 
568 213 17 19 0.9840553 
571 326 21 25 0.978909 
411 205 19 24 0.9776364 
499 231 18 24 0.9745891 
271 223 19 31 0.9719055 
588 228 20 22 0.97120327 
716 253 15 18 0.9667828 
488 246 18 23 0.93720424 
708 379 17 15 0.89769155 
835 242 19 19 0.7989254 
560 238 16 22 0.73423815 
861 253 13 15 0.628194 
116 514 24 20 0.45644295 
895 263 19 20 0.4553496 
334 220 16 18 0.43213385 
973 272 12 14 0.3176556 
426 354 23 32 0.310762 
