6_Funeral_Funeral_6_252
22
809 211 57 86 0.9995466 
660 136 123 168 0.9990007 
981 278 43 75 0.9982919 
20 275 64 72 0.99790215 
173 146 47 58 0.99729 
355 175 108 155 0.9956793 
922 249 52 66 0.99519795 
0 126 41 62 0.9945741 
163 248 55 61 0.9937441 
40 133 39 53 0.99181 
879 203 50 72 0.98997796 
50 202 52 67 0.9897029 
99 158 42 54 0.98635256 
980 204 44 70 0.98146 
722 285 74 84 0.9311587 
204 183 50 61 0.8795487 
234 233 46 63 0.59982765 
538 175 35 56 0.56702024 
891 178 41 46 0.50159675 
740 216 59 75 0.35663074 
479 1043 40 51 0.3157379 
722 719 95 90 0.30628368 
