9_Press_Conference_Press_Conference_9_31
39
442 207 14 19 0.98991686 
47 285 14 17 0.9313141 
588 211 14 18 0.92476946 
122 372 14 22 0.89586675 
194 376 17 27 0.8461012 
968 497 15 26 0.8422263 
19 309 15 17 0.83567536 
928 361 14 20 0.8144224 
267 377 20 26 0.7882476 
957 433 18 31 0.7831791 
341 385 18 24 0.7793393 
84 477 17 39 0.77285403 
919 229 14 18 0.7581724 
879 390 20 24 0.75342745 
797 443 13 28 0.70926076 
77 433 18 28 0.6916256 
76 377 20 26 0.681645 
597 383 17 20 0.65288645 
5 418 23 30 0.60000074 
615 428 30 45 0.59344596 
815 380 15 19 0.5746841 
959 219 13 16 0.48337767 
663 387 21 25 0.43328628 
946 217 20 20 0.42731503 
876 516 19 35 0.41459945 
305 598 28 47 0.40561748 
860 432 18 26 0.3964771 
614 430 22 34 0.39513078 
311 431 20 22 0.3812955 
811 375 15 26 0.37981206 
166 429 16 31 0.37169957 
746 387 15 20 0.3519035 
296 453 23 25 0.35003754 
84 337 14 16 0.3452554 
76 485 23 36 0.33623743 
0 555 31 97 0.3175058 
19 359 16 17 0.30834964 
412 381 16 22 0.30349293 
174 371 23 29 0.30346802 
