9_Press_Conference_Press_Conference_9_655
29
200 190 23 31 0.9998677 
956 212 31 45 0.99976164 
63 206 24 30 0.9997056 
161 203 27 33 0.9996234 
886 209 28 41 0.9995315 
661 216 40 59 0.99949837 
758 205 29 41 0.99946994 
796 242 49 58 0.9992561 
500 221 36 45 0.9992318 
306 201 25 33 0.99919444 
365 226 30 41 0.9986896 
651 203 23 29 0.9985933 
578 210 32 38 0.99838483 
466 192 20 22 0.99750704 
942 183 28 38 0.99745506 
726 191 24 25 0.99700457 
420 191 24 32 0.99699104 
133 222 23 33 0.9963804 
846 189 25 32 0.994235 
394 196 22 27 0.9942233 
137 199 24 26 0.99062586 
545 186 24 27 0.9869424 
114 215 23 24 0.97711414 
232 212 27 34 0.97633296 
709 188 19 27 0.9742328 
344 210 22 31 0.962461 
486 201 23 30 0.74079835 
1010 205 14 39 0.5261524 
110 197 19 24 0.4372927 
