24_Soldier_Firing_Soldier_Firing_24_691
24
270 306 32 36 0.99933606 
238 215 25 30 0.99924797 
548 270 22 27 0.99922967 
622 305 23 28 0.9991365 
579 268 20 21 0.998808 
778 324 26 31 0.9986841 
667 316 24 30 0.9986577 
294 275 26 35 0.9986523 
98 115 37 54 0.9984541 
417 340 26 29 0.99826753 
742 296 24 29 0.99818146 
958 302 20 22 0.9979697 
880 451 32 45 0.9977736 
562 326 23 26 0.9977087 
504 311 24 28 0.9976203 
822 301 21 26 0.99761426 
366 305 22 25 0.99668926 
440 311 22 25 0.99630094 
824 386 32 39 0.99595934 
412 249 21 23 0.9954135 
266 268 24 30 0.9934541 
878 329 29 32 0.9933563 
805 364 28 36 0.94126266 
726 308 16 21 0.8672409 
