3_Riot_Riot_3_199
61
83 158 18 22 0.9957274 
331 181 20 24 0.9932642 
978 332 31 38 0.98747706 
479 270 27 41 0.9866542 
396 195 22 26 0.98535085 
195 234 23 27 0.9840545 
57 286 47 63 0.97703826 
430 320 29 35 0.9757435 
856 252 17 32 0.96992713 
896 190 17 19 0.9676041 
632 551 24 26 0.9437136 
661 172 13 15 0.9248782 
923 193 13 18 0.9177061 
419 268 28 28 0.914721 
818 189 15 19 0.89892924 
93 92 11 14 0.8897347 
846 175 13 16 0.88861555 
114 117 14 19 0.8882996 
772 184 13 16 0.88627976 
957 183 14 17 0.88407254 
871 192 11 15 0.8621854 
1010 188 14 22 0.8576681 
978 190 16 20 0.80578744 
530 187 12 17 0.7698369 
475 144 16 21 0.75030583 
897 222 13 17 0.74164104 
757 174 12 15 0.720959 
678 162 11 17 0.71160966 
861 205 14 16 0.70403785 
716 183 14 17 0.7000364 
117 275 27 40 0.69345534 
995 160 11 14 0.69205356 
604 170 15 19 0.67657673 
389 111 12 12 0.6648663 
856 203 16 20 0.65871245 
783 228 17 20 0.6215061 
933 179 12 15 0.59603345 
198 171 17 27 0.5881316 
162 175 13 16 0.5802789 
305 173 16 22 0.56969905 
793 174 13 15 0.5594382 
635 161 10 14 0.51354367 
213 172 22 24 0.5105602 
754 170 14 15 0.4814889 
438 174 19 24 0.43189842 
375 110 10 13 0.42793167 
537 140 11 15 0.40953302 
822 167 13 17 0.39302844 
906 267 22 24 0.39127198 
979 157 11 14 0.38596758 
59 111 14 18 0.38173813 
179 113 11 13 0.36066556 
149 110 9 12 0.34898743 
594 384 38 57 0.3489697 
198 139 12 16 0.34321806 
715 168 10 12 0.3321419 
968 201 16 19 0.33142388 
67 112 10 14 0.32717717 
957 176 13 16 0.31613073 
143 109 12 15 0.31147435 
791 167 17 20 0.30260372 
