3_Riot_Riot_3_137
49
920 349 62 66 0.99988735 
333 391 51 60 0.9992279 
972 323 26 31 0.99908364 
271 365 43 45 0.99895155 
785 294 21 21 0.9988412 
923 315 29 30 0.9985922 
62 386 37 41 0.9985537 
107 409 38 45 0.998432 
490 324 38 53 0.9970772 
672 298 16 20 0.99666744 
346 326 21 23 0.9946391 
786 318 21 26 0.99296933 
655 362 52 53 0.99234253 
531 359 27 28 0.9900449 
229 319 16 15 0.9817005 
899 329 21 20 0.9656593 
456 305 20 26 0.96186054 
776 315 18 24 0.9614911 
548 302 9 11 0.9560855 
904 302 24 28 0.93672675 
760 289 10 12 0.93608755 
373 315 12 12 0.92811143 
137 405 34 44 0.923135 
809 296 12 14 0.9000023 
965 310 17 20 0.8949921 
405 334 29 38 0.8834391 
528 309 10 12 0.86220473 
748 291 12 14 0.85837144 
18 309 10 12 0.84407467 
150 339 19 22 0.7904382 
994 276 9 9 0.74180305 
151 332 12 13 0.73897254 
621 306 22 22 0.7190518 
977 283 10 11 0.69776756 
255 337 15 15 0.6542784 
22 326 11 14 0.60690206 
425 313 10 11 0.5373409 
101 337 12 12 0.5326834 
335 324 12 12 0.52788836 
1010 289 9 9 0.51720065 
94 340 12 13 0.5153724 
589 321 16 22 0.47684148 
11 428 19 24 0.45493683 
47 328 12 13 0.3976035 
661 327 12 14 0.38417962 
286 330 13 14 0.355801 
145 347 13 15 0.34853014 
38 339 19 19 0.30616045 
715 311 15 18 0.3049925 
