58_Hockey_icehockey_puck_58_825
22
573 229 32 42 0.99984074 
596 115 27 34 0.99982893 
714 122 28 36 0.99976 
212 116 27 37 0.9997062 
770 102 26 34 0.9997042 
297 117 27 35 0.9996728 
640 104 25 33 0.99965096 
545 100 27 34 0.99963915 
478 216 27 40 0.999635 
792 218 32 39 0.99961686 
685 221 29 39 0.99959856 
342 212 33 45 0.999537 
820 118 30 38 0.99953675 
210 226 33 47 0.9995153 
108 111 27 37 0.9994049 
391 116 26 32 0.9992285 
251 110 26 34 0.99916685 
498 125 27 33 0.99904853 
453 88 25 29 0.9989409 
95 385 44 46 0.99888915 
842 397 39 46 0.9988152 
347 105 25 32 0.99856937 
