58_Hockey_icehockey_puck_58_469
46
551 210 34 46 0.99647325 
215 58 20 23 0.99470323 
23 84 23 27 0.9935789 
370 234 35 47 0.99121094 
397 86 20 24 0.98995614 
98 81 21 29 0.98867303 
618 111 23 26 0.981779 
573 104 19 23 0.98150396 
305 58 15 17 0.9742065 
66 91 19 30 0.9700282 
648 114 17 20 0.9695719 
414 26 18 21 0.9681898 
332 73 20 25 0.9659985 
785 158 13 18 0.9651109 
89 2 16 20 0.959507 
498 22 13 17 0.9464722 
160 82 21 23 0.938883 
477 87 20 23 0.92297137 
338 113 16 18 0.90810144 
888 68 14 17 0.90787196 
831 120 12 13 0.9036169 
621 0 13 9 0.9002825 
549 142 18 24 0.89524657 
464 13 16 21 0.8716063 
361 62 16 20 0.76918 
952 76 12 17 0.72054094 
684 24 15 16 0.7195297 
816 16 29 32 0.702 
521 164 20 25 0.6666034 
260 48 13 16 0.6122355 
738 135 16 23 0.5109648 
905 169 11 16 0.5102898 
925 151 18 21 0.49879575 
289 123 11 12 0.4906351 
461 430 58 58 0.48899123 
132 13 16 21 0.47827008 
741 339 89 84 0.45112062 
710 304 29 21 0.4379401 
838 162 12 19 0.38273305 
787 7 11 13 0.38061124 
218 25 12 16 0.35763127 
1 44 24 40 0.34550482 
622 174 25 24 0.34220168 
520 171 24 25 0.31380433 
608 169 38 43 0.30176994 
726 428 73 102 0.3003914 
