58_Hockey_icehockey_puck_58_262
45
349 249 12 16 0.99564606 
50 329 13 18 0.9938246 
322 411 12 16 0.9915489 
204 332 16 19 0.98794365 
270 322 12 15 0.9862403 
429 205 12 13 0.9789833 
385 239 10 15 0.97856575 
325 352 12 17 0.9758897 
469 256 12 14 0.9726792 
322 331 14 15 0.97256064 
551 227 11 14 0.9700716 
324 237 10 14 0.9616646 
469 187 11 14 0.95573616 
207 238 10 13 0.91748244 
421 46 15 19 0.9164094 
568 214 9 13 0.8922648 
348 273 11 16 0.89105564 
800 82 9 11 0.84429586 
538 248 12 17 0.8383994 
694 50 10 13 0.8276895 
779 488 11 18 0.82254696 
865 92 10 12 0.81380457 
23 49 9 12 0.7835023 
967 93 9 11 0.75241506 
721 45 9 11 0.7487711 
763 46 10 13 0.68769985 
632 72 8 9 0.6509545 
625 36 10 12 0.62307686 
754 20 11 13 0.55405635 
185 52 8 10 0.55295575 
445 74 10 11 0.53702885 
834 74 10 12 0.5243495 
558 46 9 10 0.5112004 
882 73 9 12 0.5072929 
352 665 18 19 0.47305438 
63 635 26 38 0.3927746 
945 0 10 7 0.38923228 
529 31 8 10 0.3850819 
807 0 10 6 0.37021536 
858 29 9 11 0.36688265 
366 36 11 15 0.35530502 
230 308 8 11 0.32630894 
306 15 9 11 0.32610142 
789 49 9 11 0.31929016 
230 23 10 12 0.3140895 
