43_Row_Boat_Canoe_43_458
20
885 429 11 14 0.9735603 
848 427 10 14 0.96481895 
791 429 10 13 0.9618806 
662 409 7 11 0.94481385 
710 422 8 11 0.9232033 
730 422 8 12 0.9207205 
746 423 9 12 0.9168539 
624 418 7 10 0.9099186 
819 428 10 13 0.84719765 
612 402 8 10 0.8378472 
639 411 7 10 0.82412237 
686 417 8 12 0.76885164 
508 401 7 10 0.49259174 
542 407 8 10 0.46514612 
541 394 6 9 0.4541571 
599 402 7 10 0.4382183 
511 372 7 11 0.42203388 
579 399 7 10 0.41874176 
554 398 9 13 0.32658526 
524 387 7 11 0.30307043 
