55_Sports_Coach_Trainer_sportcoaching_55_516
18
379 212 30 36 0.99988234 
771 207 30 35 0.99985516 
664 197 31 38 0.9997626 
777 362 49 59 0.99973506 
373 320 44 55 0.99973243 
688 369 48 59 0.9997148 
587 338 44 56 0.99970335 
319 209 30 36 0.9996878 
472 321 47 59 0.99965334 
114 299 45 55 0.99964404 
573 133 35 46 0.99963033 
251 318 48 57 0.9995697 
827 190 32 39 0.9995571 
502 187 31 38 0.9995474 
445 191 32 40 0.99946016 
254 210 30 36 0.9989976 
741 207 25 35 0.99838734 
464 503 50 43 0.31419945 
