55_Sports_Coach_Trainer_sportcoaching_55_122
38
965 220 38 40 0.9997961 
26 218 27 32 0.9988833 
872 394 35 48 0.99862885 
59 369 33 47 0.99857116 
18 250 31 39 0.99853814 
737 274 26 36 0.99826884 
35 167 30 40 0.99813724 
346 287 28 37 0.998128 
811 271 32 40 0.99782395 
726 374 36 45 0.9976204 
565 302 26 33 0.997535 
261 273 24 31 0.99715024 
460 309 24 32 0.99646914 
182 279 27 36 0.9963971 
102 279 29 37 0.9952951 
528 292 24 30 0.994938 
633 267 23 33 0.99009585 
695 281 22 34 0.9887033 
866 304 27 35 0.9883712 
360 245 22 32 0.9881281 
667 299 25 33 0.9877451 
523 261 24 32 0.98251545 
123 272 22 30 0.9768711 
607 259 19 28 0.96211195 
774 272 28 33 0.9528358 
742 241 21 27 0.9272239 
387 267 19 30 0.9196566 
171 270 21 26 0.81169873 
875 236 25 30 0.72218263 
465 233 20 28 0.64769083 
246 258 21 25 0.6462286 
435 273 21 33 0.6262889 
501 223 18 30 0.6098291 
834 216 22 29 0.4662939 
402 269 19 29 0.43533581 
311 211 17 25 0.42537495 
547 172 19 25 0.40252185 
624 220 26 32 0.3350695 
