55_Sports_Coach_Trainer_sportcoaching_55_774
29
796 271 59 88 0.9997651 
444 171 24 33 0.9996151 
847 55 55 84 0.9995633 
753 123 58 89 0.99900323 
474 196 28 38 0.9989568 
660 101 23 33 0.99874485 
601 145 28 37 0.9986929 
418 105 20 22 0.99791735 
126 260 37 59 0.9977729 
484 172 24 25 0.99362755 
345 98 18 23 0.99091184 
332 82 17 21 0.99062526 
520 292 38 50 0.9882559 
673 10 12 14 0.97969055 
380 73 16 20 0.97199214 
420 42 14 14 0.9634697 
538 159 21 30 0.9326528 
409 15 12 12 0.9251549 
362 169 27 42 0.8959584 
372 22 13 16 0.8504973 
356 16 13 13 0.8196902 
344 4 12 14 0.7728017 
383 6 12 18 0.7534767 
323 18 10 15 0.6848689 
332 0 8 7 0.45752248 
354 29 12 13 0.42312676 
443 11 13 14 0.39205042 
374 42 12 16 0.34790725 
404 75 11 13 0.31711295 
