20_Family_Group_Family_Group_20_540
31
129 233 37 44 0.99969983 
254 235 32 45 0.99943227 
395 236 29 39 0.99942917 
500 221 32 43 0.9993637 
756 254 29 36 0.9992188 
48 278 36 43 0.99920064 
277 525 42 53 0.9991099 
894 223 36 53 0.99908125 
706 206 31 41 0.99906105 
0 539 34 48 0.9990596 
141 551 37 44 0.998971 
813 225 31 43 0.99871814 
461 511 33 36 0.9981962 
573 237 29 38 0.99817955 
574 345 28 36 0.9976587 
383 329 28 36 0.99759465 
656 214 29 40 0.99726856 
577 488 31 43 0.99674904 
319 268 27 40 0.9965251 
459 247 27 40 0.9952076 
189 252 31 39 0.99501723 
780 214 30 40 0.9941513 
331 242 27 37 0.97543657 
27 229 35 42 0.9738522 
974 225 35 58 0.9591388 
749 546 30 37 0.91626203 
340 548 31 39 0.89368224 
644 568 26 32 0.88193214 
550 314 29 34 0.69270515 
487 398 19 29 0.45944634 
447 242 27 34 0.45327562 
