20_Family_Group_Family_Group_20_64
25
465 321 58 84 0.9998809 
310 320 64 84 0.99985886 
617 388 71 95 0.9997725 
172 305 53 62 0.9997639 
277 27 39 49 0.99961853 
718 327 59 72 0.9996088 
652 123 52 64 0.99951124 
487 163 52 68 0.99950993 
318 161 45 54 0.9992907 
176 432 54 67 0.9992791 
888 309 50 60 0.9992487 
760 484 71 86 0.9989687 
754 280 50 63 0.9985024 
153 231 44 48 0.99833053 
49 135 54 63 0.99832493 
6 376 62 65 0.9980313 
611 317 46 60 0.9973786 
798 52 42 54 0.99673295 
252 183 36 40 0.9952958 
340 279 50 60 0.9934109 
981 203 25 47 0.9721891 
544 169 36 49 0.9720194 
857 484 46 49 0.9409109 
233 434 58 72 0.6022628 
663 256 22 30 0.4177681 
