20_Family_Group_Family_Group_20_672
66
108 486 37 48 0.9994037 
687 273 46 53 0.9988925 
868 309 43 53 0.9988771 
561 269 39 48 0.99866426 
741 889 25 36 0.99860483 
214 302 40 51 0.9985274 
358 276 39 47 0.9984907 
680 183 26 33 0.9984079 
308 252 36 43 0.99823415 
425 270 37 44 0.99819946 
641 237 36 45 0.99808854 
714 184 30 39 0.99781823 
809 901 25 34 0.9978168 
825 842 28 34 0.99758434 
852 843 30 38 0.9974854 
435 152 34 45 0.9974667 
802 284 37 49 0.9974394 
306 143 34 42 0.99734217 
472 264 41 50 0.99733764 
363 221 30 40 0.9972396 
679 866 26 33 0.99682754 
756 341 40 55 0.99676114 
748 229 35 42 0.9966145 
100 266 44 49 0.99611205 
107 945 27 34 0.9958549 
509 204 34 42 0.9957066 
167 489 38 45 0.99563944 
664 142 32 38 0.9954158 
190 222 38 46 0.9951426 
451 1025 28 40 0.9945285 
572 487 42 47 0.9941472 
401 230 28 39 0.9941245 
276 291 38 45 0.9936267 
282 217 33 38 0.99349666 
143 273 34 44 0.9934673 
308 865 29 38 0.9931253 
608 213 33 42 0.9925895 
90 862 27 33 0.9917413 
235 490 42 49 0.98976445 
263 873 27 36 0.98857224 
608 845 25 31 0.986751 
355 847 28 36 0.9863703 
254 1022 25 32 0.9862591 
428 837 27 32 0.98581123 
395 876 25 29 0.98488796 
568 875 29 37 0.9837948 
540 210 27 39 0.9831372 
305 825 27 30 0.98239684 
456 831 25 31 0.9812118 
495 838 27 34 0.9752872 
206 861 29 36 0.97256315 
647 1033 28 35 0.9722821 
740 1046 25 31 0.971329 
348 1024 32 34 0.96653575 
552 826 27 30 0.96199435 
131 871 25 29 0.95985 
587 340 36 44 0.94994587 
371 350 38 39 0.8720195 
224 863 29 36 0.8179157 
821 1041 25 34 0.7285407 
503 1013 31 37 0.68296945 
778 872 29 36 0.6790823 
649 851 27 37 0.6285533 
204 857 51 44 0.56821537 
686 240 30 36 0.5550799 
161 1030 26 30 0.5281192 
