46_Jockey_Jockey_46_909
21
509 287 26 36 0.99956137 
495 560 57 58 0.9984762 
454 417 43 45 0.99799937 
694 180 13 21 0.98968935 
642 190 12 17 0.9798599 
274 181 16 19 0.9757297 
784 184 16 21 0.9739827 
909 278 24 30 0.9635568 
772 211 15 18 0.9567775 
215 571 44 67 0.95208675 
650 247 17 23 0.9328099 
487 154 8 14 0.84551984 
736 178 12 17 0.8088617 
739 267 18 22 0.7620688 
483 188 9 17 0.6936081 
668 302 14 17 0.66628814 
677 250 12 16 0.46263686 
355 195 11 15 0.4594783 
437 109 14 18 0.4500536 
534 161 9 12 0.3354964 
741 178 12 17 0.31745872 
