46_Jockey_Jockey_46_569
20
701 19 37 45 0.9988977 
276 155 42 52 0.9985563 
867 127 43 52 0.9972326 
443 127 40 53 0.98201746 
150 91 33 71 0.86716706 
319 210 20 22 0.8670778 
365 135 11 12 0.8315472 
923 360 27 33 0.8310237 
189 131 13 15 0.78949463 
384 133 12 12 0.7345599 
226 138 12 14 0.69435656 
405 378 21 27 0.650798 
410 136 12 13 0.64734083 
846 181 12 14 0.5004839 
318 130 11 14 0.48428613 
244 212 20 20 0.47657776 
658 22 10 11 0.380876 
781 37 7 7 0.37587854 
525 9 7 9 0.32935658 
401 178 13 14 0.30958965 
