46_Jockey_Jockey_46_352
21
694 68 34 45 0.99977416 
338 43 34 49 0.9997466 
793 57 35 46 0.99974054 
301 249 44 57 0.99961877 
421 75 35 43 0.99960166 
813 223 44 59 0.99956065 
170 240 45 55 0.999527 
521 71 33 45 0.9994289 
496 183 35 43 0.99941885 
559 242 41 53 0.9993874 
88 148 46 55 0.99938023 
781 134 38 53 0.99935406 
436 249 41 57 0.99935263 
335 123 40 51 0.99901605 
677 233 43 58 0.9989839 
208 138 41 52 0.9989447 
902 130 43 56 0.99886155 
611 64 35 45 0.9987159 
632 144 38 52 0.998181 
220 43 38 54 0.9977806 
301 457 44 28 0.3337835 
