48_Parachutist_Paratrooper_Parachutist_Paratrooper_48_1015
30
858 318 55 54 0.99968266 
94 130 42 56 0.9989623 
980 304 42 45 0.9989058 
552 355 39 41 0.99814403 
628 347 38 41 0.99807006 
675 344 45 50 0.9975526 
219 403 32 37 0.9971413 
327 384 35 40 0.9965552 
959 313 28 34 0.9963486 
462 359 38 40 0.99424285 
179 382 27 34 0.9818595 
0 281 20 28 0.95492494 
453 222 24 26 0.91886026 
222 243 21 26 0.91735923 
343 210 24 28 0.89296484 
631 207 21 26 0.79782605 
917 306 35 48 0.76626647 
278 262 21 24 0.7638887 
966 194 21 21 0.74373055 
238 272 20 23 0.7428843 
545 238 21 25 0.7095401 
848 209 22 22 0.6879889 
794 335 38 36 0.6793633 
964 457 28 29 0.6099028 
702 309 26 28 0.60079145 
707 223 20 21 0.5342937 
453 349 26 31 0.51776725 
761 211 22 22 0.4367509 
569 223 18 23 0.32718787 
426 363 25 30 0.3043045 
