36_Football_Football_36_157
53
740 217 27 31 0.9908544 
607 239 27 31 0.958609 
391 194 33 37 0.9562464 
984 245 21 26 0.9312443 
484 353 27 31 0.90830874 
906 216 23 29 0.9043582 
432 344 24 37 0.90059775 
660 252 22 24 0.8841276 
309 253 23 29 0.7896488 
500 246 23 30 0.7410164 
95 235 22 29 0.7398642 
751 186 22 25 0.7022727 
905 166 21 25 0.69270486 
298 213 22 24 0.6565233 
162 200 22 28 0.65285397 
582 185 21 25 0.6373257 
293 90 20 25 0.6046341 
237 251 25 29 0.58100724 
185 183 20 26 0.5623857 
787 236 26 34 0.55044466 
428 215 22 27 0.5419585 
40 254 23 28 0.54099995 
426 263 20 23 0.52953833 
409 138 20 24 0.48947456 
319 79 21 24 0.4801509 
344 132 22 28 0.4799118 
787 172 22 26 0.4781794 
632 193 20 24 0.47765326 
74 195 20 24 0.46960777 
246 190 21 26 0.45675853 
608 141 22 28 0.45390794 
458 31 23 27 0.4503503 
897 83 23 26 0.4358996 
508 175 21 24 0.42088392 
877 170 21 27 0.4206198 
478 121 21 26 0.3959513 
869 84 21 28 0.39508504 
152 147 20 26 0.37723604 
334 177 20 24 0.36121997 
233 76 23 29 0.35793912 
771 206 20 32 0.34950343 
114 199 19 24 0.3450762 
565 102 21 26 0.3442153 
523 110 20 24 0.34227672 
0 181 19 26 0.33914104 
143 268 18 25 0.33577073 
614 72 21 24 0.3304142 
782 111 20 23 0.32886362 
534 74 21 28 0.32078966 
171 380 46 48 0.32034793 
43 187 21 24 0.31905746 
353 171 21 26 0.31864986 
303 158 20 25 0.3161413 
