28_Sports_Fan_Sports_Fan_28_267
19
503 343 20 25 0.9951095 
595 400 18 24 0.9933015 
421 240 20 26 0.9918345 
633 343 19 27 0.9887482 
626 280 20 25 0.9861783 
347 326 18 27 0.9814416 
354 225 18 22 0.97672755 
360 255 18 22 0.97431946 
438 385 20 23 0.97149336 
404 202 19 24 0.9688173 
310 215 21 26 0.95562327 
444 223 20 28 0.9431099 
634 194 20 21 0.9279247 
503 323 18 18 0.862322 
325 272 17 21 0.8604604 
667 253 18 23 0.8538916 
563 370 16 17 0.74027485 
285 260 19 25 0.687789 
680 239 16 20 0.43688852 
