28_Sports_Fan_Sports_Fan_28_487
82
548 502 40 47 0.99819666 
459 506 42 56 0.99714607 
916 529 39 51 0.9970989 
823 492 36 48 0.9960679 
407 582 39 42 0.9950605 
46 443 41 55 0.9941215 
820 562 43 54 0.9935684 
664 491 41 56 0.9932847 
963 480 39 53 0.99325824 
109 265 36 47 0.9931439 
261 550 42 55 0.9926214 
745 559 38 43 0.9924204 
511 434 37 43 0.99207836 
328 63 34 42 0.9901687 
455 286 40 44 0.98814166 
955 351 40 44 0.9881402 
197 309 34 39 0.9876902 
339 554 34 37 0.98641855 
489 375 43 50 0.9846827 
909 448 37 47 0.98236626 
130 444 35 43 0.9791565 
161 144 39 42 0.9787445 
553 567 40 48 0.9751942 
882 306 39 44 0.9748566 
464 204 39 44 0.973583 
817 275 40 46 0.96978855 
602 180 38 46 0.9634863 
424 467 45 55 0.96256137 
418 258 31 43 0.9613193 
709 321 39 47 0.9580033 
58 380 38 51 0.95724523 
159 274 34 40 0.9505672 
725 589 33 36 0.94202167 
858 422 40 49 0.9406237 
569 342 34 40 0.93601966 
593 383 37 42 0.93283206 
989 334 32 46 0.9321701 
730 283 37 45 0.931765 
992 107 31 39 0.9310442 
799 399 31 45 0.9294785 
0 457 30 47 0.9285246 
344 0 31 33 0.9269467 
428 66 29 37 0.92577106 
798 0 32 36 0.92226857 
954 210 40 42 0.91395044 
469 34 31 42 0.9004144 
423 195 30 36 0.8949932 
785 78 33 45 0.8905076 
673 276 36 44 0.880396 
213 108 33 41 0.8799206 
161 2 27 35 0.87720656 
783 216 42 44 0.87389314 
938 143 38 42 0.87129635 
873 164 39 43 0.84766287 
618 316 32 39 0.8437314 
969 281 37 46 0.8383607 
620 534 35 41 0.8305817 
667 78 32 42 0.82286507 
858 240 36 40 0.81624144 
621 93 32 40 0.8128387 
713 107 34 37 0.7782163 
734 239 40 45 0.7749293 
666 156 35 38 0.7598389 
403 27 37 40 0.7583544 
753 0 29 26 0.7570194 
557 242 31 39 0.7525583 
146 233 25 30 0.7003058 
674 10 29 32 0.6944657 
546 12 25 31 0.68804306 
0 338 21 38 0.6790237 
206 14 25 33 0.65142304 
596 438 34 38 0.599267 
169 506 39 51 0.56466097 
37 80 33 45 0.5468634 
221 193 31 37 0.5412842 
16 218 32 39 0.4615684 
49 113 29 43 0.45022762 
840 349 33 43 0.44556051 
601 2 29 29 0.44466746 
184 387 37 43 0.37811786 
414 25 27 31 0.36908922 
486 254 29 32 0.32474315 
