18_Concerts_Concerts_18_127
26
359 223 57 92 0.9982217 
170 160 51 73 0.9952573 
805 188 41 59 0.9858511 
664 177 55 69 0.98166627 
151 257 69 115 0.978448 
276 235 48 91 0.96029294 
243 128 37 63 0.9601343 
942 193 47 56 0.95044 
737 184 55 77 0.9463504 
528 217 59 75 0.8610491 
520 250 60 41 0.84084713 
441 233 47 81 0.7914208 
407 351 76 93 0.78661686 
300 178 46 50 0.78617203 
422 248 57 63 0.7656191 
840 190 34 56 0.7158364 
19 298 91 82 0.68624276 
35 323 61 58 0.6737566 
50 193 25 32 0.58554655 
14 188 40 66 0.5697202 
512 374 60 49 0.47507536 
491 247 73 44 0.43400568 
362 262 48 69 0.41084927 
650 350 30 35 0.38959786 
913 204 64 61 0.32528824 
21 214 33 32 0.31187257 
