18_Concerts_Concerts_18_38
37
806 274 21 29 0.99664474 
530 267 25 33 0.9963671 
760 393 29 44 0.9963386 
66 415 35 47 0.99210066 
594 300 23 29 0.9873739 
363 184 15 19 0.9684452 
300 532 38 78 0.9683195 
643 186 19 28 0.9650078 
414 440 45 48 0.9601586 
97 394 26 33 0.9498381 
313 445 39 58 0.9421598 
507 213 13 17 0.8783509 
150 326 21 28 0.84753513 
513 406 26 45 0.8322632 
127 328 24 37 0.8199482 
894 329 63 88 0.79560405 
894 273 19 29 0.7900602 
744 241 11 14 0.7481134 
277 526 64 100 0.70130575 
733 287 14 19 0.6978539 
558 343 24 33 0.69004685 
0 595 55 93 0.6826809 
277 190 19 21 0.6606255 
988 272 15 20 0.6409467 
728 319 14 22 0.5993864 
569 197 10 14 0.56060845 
241 561 59 94 0.53116715 
456 238 11 15 0.5078985 
499 631 93 103 0.4992954 
878 235 13 17 0.45167434 
365 300 14 19 0.40716898 
559 339 34 44 0.39305377 
399 498 50 83 0.37294158 
373 507 55 66 0.36434552 
58 612 62 61 0.34836566 
134 334 28 28 0.31483147 
552 375 24 33 0.3101861 
