18_Concerts_Concerts_18_602
58
479 398 28 34 0.9996587 
556 386 32 42 0.9996209 
307 387 27 34 0.9990741 
167 403 24 32 0.9990134 
452 346 15 20 0.9989974 
297 526 41 59 0.99843484 
369 393 28 39 0.9984219 
773 334 16 20 0.9983991 
897 480 43 63 0.9978538 
937 376 38 48 0.99784136 
407 390 19 27 0.9977222 
248 302 19 26 0.9963288 
263 261 12 16 0.99500245 
837 341 16 20 0.9948521 
79 420 19 27 0.994558 
328 504 36 57 0.99400616 
23 339 14 18 0.99018466 
301 255 14 15 0.9881493 
107 257 14 16 0.98563576 
39 346 17 22 0.984806 
458 487 29 39 0.9833597 
344 379 20 25 0.9830868 
51 381 20 29 0.9826958 
189 261 11 19 0.98180425 
232 299 14 20 0.9807128 
869 372 22 24 0.9745539 
260 537 25 43 0.974311 
141 404 22 30 0.973341 
739 376 17 19 0.9726591 
471 361 21 25 0.9688607 
396 326 11 15 0.96764976 
141 256 16 20 0.9577018 
210 274 13 15 0.92427796 
522 339 14 18 0.91644764 
519 323 14 17 0.9163911 
614 267 10 13 0.91071 
133 395 14 21 0.9082025 
191 364 17 20 0.90230864 
837 614 22 28 0.89253235 
50 264 11 16 0.88865006 
709 339 19 21 0.87213737 
681 354 12 19 0.8694218 
514 393 17 28 0.8315158 
407 287 12 17 0.7817069 
709 330 20 24 0.77668715 
348 331 16 20 0.77320987 
480 263 11 13 0.7631372 
438 328 13 18 0.7309696 
569 334 12 15 0.71696264 
783 654 35 46 0.7124312 
666 341 19 25 0.6572644 
338 331 15 17 0.5708239 
600 355 21 24 0.5362237 
119 408 11 16 0.39205676 
768 659 59 52 0.38485822 
924 341 14 16 0.36902952 
87 722 24 27 0.35843742 
290 505 84 80 0.35694215 
