4_Dancing_Dancing_4_319
33
964 78 40 46 0.99979025 
617 138 49 55 0.9997688 
213 158 37 40 0.9988374 
592 0 36 36 0.99841213 
552 33 34 41 0.99770063 
732 48 33 47 0.9966043 
446 53 31 32 0.99506915 
485 59 32 39 0.9928894 
193 54 28 34 0.9917355 
86 69 50 52 0.99161714 
409 72 29 38 0.98966 
443 140 28 34 0.9860632 
149 61 31 39 0.985083 
955 26 28 36 0.98092353 
739 511 87 55 0.9765751 
343 43 32 39 0.97085035 
1 14 25 35 0.9705422 
198 88 26 31 0.96698964 
688 58 27 38 0.9644724 
328 245 32 40 0.95207965 
657 48 24 38 0.9337956 
426 46 25 36 0.8843806 
302 41 32 35 0.88237 
320 7 25 32 0.8103681 
213 25 22 26 0.76682913 
471 91 26 33 0.76293355 
712 34 27 43 0.71820885 
249 86 34 36 0.61906326 
272 41 23 30 0.60636014 
260 81 24 35 0.54853445 
736 486 105 93 0.5484601 
26 72 30 34 0.51478946 
234 124 33 41 0.3244597 
