4_Dancing_Dancing_4_489
35
128 116 41 52 0.99989116 
173 238 51 64 0.9997987 
779 238 47 57 0.99977916 
530 60 39 52 0.99974173 
602 211 47 61 0.9996948 
296 66 39 50 0.99961615 
669 99 42 56 0.9995969 
484 105 39 51 0.99958926 
347 84 33 43 0.9995585 
750 108 41 48 0.9995276 
395 240 44 53 0.9994881 
400 124 42 54 0.9994825 
253 134 41 52 0.99945086 
887 102 37 44 0.9994497 
806 25 35 38 0.99944323 
187 76 41 58 0.999411 
616 77 38 50 0.9993149 
421 59 40 51 0.99916744 
707 283 40 51 0.9990397 
277 241 43 58 0.99901044 
540 233 42 51 0.99867046 
908 45 37 43 0.9985368 
688 28 41 50 0.99853003 
914 136 40 49 0.9984931 
830 109 41 48 0.9967609 
758 40 35 40 0.9929103 
938 11 18 21 0.86617243 
872 24 19 19 0.79185903 
61 34 16 19 0.7833691 
982 20 17 18 0.75834954 
107 23 17 20 0.74621296 
900 0 17 21 0.61220264 
23 16 17 21 0.49466193 
163 22 16 17 0.38765132 
82 24 16 16 0.36155963 
