2_Demonstration_Protesters_2_92
23
245 302 28 36 0.99692875 
264 435 49 71 0.996394 
688 338 32 45 0.9872428 
826 330 31 52 0.9867567 
649 296 25 35 0.98258096 
742 346 54 80 0.9732212 
346 331 20 28 0.97021335 
462 295 27 34 0.9595002 
83 507 76 153 0.93769634 
380 315 22 29 0.9206957 
200 326 22 34 0.9188538 
429 302 13 19 0.85384834 
115 308 23 26 0.79013497 
590 322 21 27 0.74971503 
91 295 12 16 0.6597232 
759 570 62 93 0.6336633 
318 310 26 44 0.6122747 
939 316 24 37 0.45702392 
495 318 21 34 0.45669943 
161 316 18 22 0.45050597 
947 315 26 36 0.4395893 
188 296 14 17 0.37392277 
39 343 52 51 0.33973318 
