2_Demonstration_Political_Rally_2_695
82
437 347 31 34 0.99943584 
325 469 42 51 0.99925584 
765 556 55 74 0.99915755 
585 365 31 44 0.9989359 
805 224 26 33 0.9981281 
44 240 28 28 0.9980732 
497 376 34 38 0.99803895 
17 270 28 27 0.9953133 
423 470 37 46 0.98970896 
405 375 35 39 0.9894711 
503 479 24 23 0.9885953 
9 431 39 46 0.98769486 
319 534 36 43 0.9862948 
402 296 30 36 0.9851959 
22 125 16 15 0.9831571 
103 234 25 25 0.9624023 
162 259 24 22 0.9619382 
130 395 42 41 0.96049756 
393 528 40 35 0.9556814 
1 385 35 35 0.95480114 
141 129 15 17 0.9497584 
57 132 18 21 0.94757825 
528 454 34 34 0.9404636 
12 228 24 23 0.935516 
190 227 23 25 0.9269135 
808 172 19 25 0.91832626 
705 197 21 25 0.9173556 
639 170 14 18 0.90469617 
106 359 34 41 0.90141696 
685 183 20 23 0.88925356 
168 210 22 28 0.8786102 
59 59 15 16 0.8703893 
586 185 18 24 0.86939836 
611 575 36 41 0.86738914 
187 453 35 32 0.85994345 
2 18 16 18 0.8594467 
604 198 21 28 0.8541419 
765 241 20 27 0.8357414 
295 422 42 42 0.82861245 
216 319 24 25 0.8113558 
964 648 60 36 0.80666065 
214 470 26 33 0.8042039 
965 93 12 15 0.7921437 
622 500 36 47 0.78861326 
473 94 11 14 0.78361195 
659 203 19 26 0.7815136 
883 476 30 39 0.7741787 
250 183 25 22 0.76451117 
790 191 20 25 0.7441393 
231 346 29 43 0.7334809 
813 486 21 31 0.7314965 
173 434 37 49 0.665019 
364 420 30 37 0.6495379 
811 372 25 37 0.6359362 
813 267 27 32 0.62818545 
265 158 21 24 0.60364836 
219 132 14 14 0.5621458 
708 474 33 45 0.5507168 
131 112 13 14 0.5506076 
543 314 20 25 0.52835757 
272 278 23 30 0.4854106 
190 138 17 21 0.48395017 
876 358 25 39 0.4811468 
328 257 22 31 0.4412881 
719 478 27 35 0.41671696 
324 326 25 30 0.4119814 
69 459 39 43 0.4071364 
0 334 28 24 0.40184677 
1010 105 11 15 0.38877642 
0 499 25 50 0.383767 
1 222 34 34 0.37452784 
269 156 14 12 0.36060163 
346 318 24 30 0.35749772 
724 282 18 25 0.35538816 
855 349 21 27 0.3545643 
353 410 21 31 0.35293257 
295 434 40 51 0.34354657 
876 374 17 26 0.32564428 
471 612 40 44 0.31469694 
684 279 16 25 0.31409016 
133 258 22 22 0.31034192 
643 115 12 15 0.3041825 
