2_Demonstration_Demonstration_Or_Protest_2_895
63
673 333 32 39 0.9997843 
276 306 22 29 0.9987649 
488 353 51 61 0.99772066 
804 304 22 28 0.9963147 
23 285 20 24 0.993206 
632 338 29 37 0.98503983 
374 318 24 30 0.983466 
139 272 15 18 0.96251744 
299 312 16 20 0.96150213 
67 283 17 20 0.95875293 
614 330 23 31 0.9584208 
0 282 10 17 0.91799086 
112 285 17 21 0.91662747 
206 373 24 40 0.90411973 
336 313 15 19 0.8941023 
966 306 16 18 0.87744945 
423 311 19 29 0.86334693 
744 295 19 22 0.8377749 
198 273 13 15 0.833103 
208 303 15 17 0.83196974 
609 282 13 13 0.8231219 
589 355 27 34 0.81462044 
832 341 28 24 0.80901754 
825 291 23 23 0.7662534 
47 296 19 25 0.7651418 
136 314 23 24 0.7399663 
415 312 22 30 0.72344124 
992 322 23 26 0.69346976 
296 293 18 21 0.68780285 
676 276 13 14 0.6553758 
806 338 21 27 0.642734 
416 279 13 16 0.6144813 
54 266 17 21 0.5948584 
385 275 12 13 0.5899735 
924 307 15 16 0.58314586 
521 291 13 18 0.5782129 
453 287 13 15 0.57342 
466 302 13 16 0.57294255 
869 322 14 18 0.55639815 
883 267 14 14 0.55121094 
340 278 15 19 0.550609 
368 267 9 11 0.54418904 
576 350 22 33 0.51537025 
531 277 11 11 0.51393914 
464 303 20 23 0.49678004 
206 308 20 22 0.469716 
213 282 14 14 0.46236083 
564 279 14 13 0.45839894 
707 312 19 23 0.44820294 
408 281 14 16 0.43007764 
450 302 16 23 0.4176272 
302 273 12 13 0.41071725 
329 289 14 13 0.4084384 
869 326 20 24 0.38157374 
255 266 11 12 0.3780756 
672 277 17 20 0.3778884 
976 572 48 104 0.3766657 
240 52 23 22 0.35848057 
729 278 11 12 0.35321212 
797 342 23 26 0.32823426 
127 270 13 16 0.3253817 
1014 298 9 12 0.32077035 
409 278 18 21 0.3163358 
