2_Demonstration_Political_Rally_2_301
21
676 319 16 21 0.97746927 
338 283 12 12 0.7277615 
168 277 8 10 0.71801233 
698 416 177 183 0.71231973 
679 289 11 14 0.57410824 
492 290 9 11 0.571044 
48 237 9 12 0.56391484 
503 270 9 11 0.54443324 
477 266 9 10 0.5313764 
643 268 13 16 0.45846102 
179 238 9 11 0.43916026 
314 254 10 12 0.4012626 
629 284 13 14 0.3928393 
686 289 9 13 0.3506254 
459 261 10 17 0.34842095 
517 288 11 14 0.34676754 
645 272 14 14 0.34454417 
190 242 9 11 0.33224332 
345 256 10 14 0.3322125 
522 260 11 13 0.32779813 
565 283 9 10 0.31789246 
