2_Demonstration_Demonstration_Or_Protest_2_604
18
657 122 60 104 0.9991948 
93 165 47 60 0.9990871 
406 139 56 69 0.9985078 
285 12 80 140 0.98718446 
538 138 23 24 0.9808528 
823 465 119 110 0.96009576 
166 165 33 41 0.8384163 
14 135 11 11 0.7169357 
132 479 125 120 0.7169224 
43 131 12 14 0.70829654 
9 178 26 28 0.6822795 
466 150 18 22 0.6176412 
820 390 142 188 0.55075055 
102 132 13 17 0.5036041 
15 171 24 30 0.4782885 
33 209 22 25 0.4661264 
252 554 91 114 0.37429 
73 134 14 16 0.35564277 
