2_Demonstration_Demonstration_Or_Protest_2_120
73
716 429 22 26 0.99982387 
0 487 87 78 0.9995521 
484 293 21 26 0.9992569 
661 444 28 29 0.9989772 
901 508 40 44 0.998928 
988 341 15 14 0.99810326 
821 511 29 39 0.9976185 
981 419 28 23 0.9975183 
966 584 53 46 0.9973533 
996 481 28 35 0.99707675 
935 428 25 22 0.99706995 
336 360 16 20 0.99703777 
470 254 19 25 0.9968562 
359 283 15 17 0.99666995 
274 289 13 14 0.99650383 
502 265 21 24 0.99628794 
890 394 21 21 0.9957377 
816 394 19 18 0.99558026 
881 356 15 14 0.9940084 
957 398 18 16 0.99387723 
29 286 16 15 0.9938053 
932 473 30 31 0.99191177 
289 299 14 16 0.9912937 
397 260 11 18 0.98972136 
837 386 16 16 0.9896645 
0 301 13 13 0.98938006 
723 397 16 16 0.98931724 
767 405 18 20 0.98844737 
861 419 24 23 0.9859132 
748 378 15 16 0.98468924 
120 295 14 15 0.98430115 
979 369 19 16 0.98193085 
773 362 15 15 0.97849417 
917 394 17 16 0.97685575 
909 374 18 16 0.9751247 
960 349 16 14 0.96882814 
748 362 14 15 0.9634159 
867 391 16 16 0.9604834 
560 328 10 13 0.94941473 
798 378 16 19 0.94792205 
855 349 14 14 0.9462196 
727 564 31 31 0.94305223 
919 342 14 14 0.93467844 
693 361 11 16 0.9263745 
763 356 10 13 0.90476173 
622 532 22 29 0.90334517 
834 466 25 33 0.8767388 
1001 370 13 15 0.8634937 
207 419 20 25 0.8124763 
724 337 12 12 0.8124758 
981 335 13 12 0.78973234 
522 271 11 15 0.7707212 
813 364 13 13 0.7660314 
898 342 12 11 0.763886 
104 293 11 13 0.7635019 
716 355 10 12 0.7600523 
582 306 9 12 0.7479496 
872 350 11 14 0.7071888 
325 287 9 12 0.7056073 
203 292 9 12 0.7053824 
696 333 8 10 0.66653943 
40 280 13 15 0.65530574 
758 326 11 13 0.6509472 
778 337 12 14 0.62610936 
347 291 10 16 0.6195316 
15 290 8 10 0.59294724 
220 270 12 14 0.5904648 
806 323 11 12 0.5763493 
588 359 20 26 0.5526101 
257 408 27 32 0.45662877 
929 329 12 12 0.45402607 
242 407 32 27 0.43711787 
583 338 10 12 0.33634597 
