2_Demonstration_Protesters_2_563
19
724 236 67 97 0.9998461 
101 240 82 103 0.9997793 
633 185 25 34 0.9997718 
819 186 32 39 0.9997366 
566 218 28 38 0.9996444 
670 166 29 38 0.9996364 
394 186 66 95 0.999627 
227 253 39 49 0.999577 
302 234 25 30 0.99938667 
872 210 64 70 0.9991062 
813 311 112 115 0.99907756 
237 212 26 33 0.99896264 
669 250 47 67 0.9974274 
772 198 31 31 0.9972096 
981 209 35 32 0.987576 
502 181 31 38 0.902579 
623 40 14 14 0.8670715 
614 39 24 17 0.5362576 
3 169 55 175 0.43163043 
