2_Demonstration_Demonstration_Or_Protest_2_799
29
276 302 15 19 0.9914534 
363 304 16 21 0.98739225 
28 211 13 15 0.96574414 
119 270 13 16 0.95272106 
468 269 14 15 0.9422406 
665 322 14 15 0.9415928 
877 310 14 14 0.93555844 
57 261 10 15 0.9247455 
196 224 13 14 0.9093348 
167 278 14 16 0.89373267 
212 312 14 18 0.8520301 
872 233 11 14 0.8271778 
400 122 10 14 0.81743807 
163 226 13 15 0.817013 
621 238 10 13 0.73552835 
464 242 9 13 0.63530666 
723 290 14 13 0.62333167 
701 125 12 16 0.57489127 
265 282 10 15 0.57237184 
556 198 8 11 0.556791 
801 234 11 14 0.5430823 
432 226 10 12 0.4953354 
910 240 10 11 0.4741028 
483 196 11 11 0.44452137 
311 288 11 13 0.4420313 
595 204 9 11 0.43954173 
703 291 14 15 0.41469505 
154 261 11 13 0.38047272 
62 252 10 12 0.30528083 
