2_Demonstration_Demonstration_Or_Protest_2_512
37
146 292 46 50 0.9997466 
403 238 26 31 0.99949706 
966 373 57 83 0.99720335 
223 288 34 41 0.9898582 
930 280 27 32 0.98263425 
953 310 38 39 0.96783644 
992 206 12 14 0.8429071 
916 197 12 14 0.84280217 
0 582 54 99 0.8217956 
109 342 54 75 0.8033282 
94 296 28 31 0.8020011 
628 258 24 26 0.76448876 
140 250 30 36 0.7570731 
990 274 14 16 0.74942327 
549 226 11 15 0.6095015 
593 237 13 16 0.59359676 
805 322 52 43 0.5914805 
712 303 31 50 0.5745766 
413 302 75 90 0.5470246 
873 344 46 57 0.53632784 
469 231 12 13 0.4936429 
950 202 11 13 0.48553175 
83 335 94 76 0.45337147 
534 240 18 24 0.4286925 
920 255 15 15 0.42403486 
672 281 24 46 0.4222218 
265 239 35 44 0.41839224 
125 342 54 66 0.4101283 
770 251 12 12 0.40692532 
653 249 22 24 0.39683524 
736 258 14 16 0.36371043 
656 244 14 17 0.35238713 
634 301 24 50 0.3456249 
3 227 24 28 0.34129238 
969 274 14 16 0.33329406 
10 213 14 18 0.31384036 
146 345 44 55 0.30313984 
