2_Demonstration_Demonstrators_2_689
19
124 310 38 54 0.99951625 
355 323 75 80 0.99898 
186 261 31 49 0.99881244 
1 245 19 27 0.99555653 
214 210 18 21 0.98234195 
296 247 28 37 0.9571302 
348 195 17 21 0.9104308 
255 224 21 28 0.90110767 
172 231 17 20 0.8111938 
86 236 15 20 0.7087119 
147 235 18 23 0.7045167 
37 237 16 20 0.6218182 
315 203 20 27 0.56209344 
320 242 38 43 0.5413872 
49 254 17 24 0.414448 
829 724 154 239 0.34256408 
253 219 19 22 0.34030625 
296 242 45 51 0.32157168 
42 291 20 31 0.31497762 
