2_Demonstration_Political_Rally_2_641
21
116 128 51 66 0.99987805 
430 177 48 70 0.9994734 
572 157 52 74 0.9991986 
11 149 41 53 0.9991841 
649 154 34 64 0.9989241 
200 134 45 52 0.99849 
724 158 38 77 0.994522 
516 157 40 64 0.9938356 
604 138 37 58 0.98160064 
293 134 42 74 0.9802136 
820 157 39 47 0.9724959 
908 148 28 50 0.9343303 
991 207 33 66 0.819023 
945 177 30 48 0.7380858 
180 142 26 39 0.5230818 
849 136 25 59 0.47968063 
589 147 48 69 0.43238395 
536 95 30 48 0.39116096 
164 139 35 43 0.35100776 
836 148 25 46 0.33375776 
207 420 19 27 0.33057237 
