2_Demonstration_Protesters_2_221
46
3 198 48 84 0.9992562 
513 199 63 86 0.99891615 
386 54 39 47 0.99887973 
830 126 31 47 0.9985959 
463 87 36 47 0.9953034 
689 95 35 51 0.9947667 
572 144 48 66 0.994284 
288 333 37 75 0.993345 
711 369 45 82 0.99176496 
912 109 33 49 0.98716056 
11 16 29 41 0.9870768 
921 181 33 59 0.9782777 
308 12 32 43 0.9774529 
740 175 43 74 0.9772484 
402 129 42 58 0.97504264 
987 152 37 62 0.97091514 
108 97 47 58 0.9690694 
854 174 42 48 0.96866435 
116 13 29 41 0.9684332 
194 120 46 61 0.96586543 
716 2 30 34 0.96431345 
674 57 29 34 0.9582164 
396 199 66 89 0.95262563 
895 30 36 52 0.95101494 
224 122 47 62 0.9119638 
543 65 33 49 0.8923186 
227 514 86 62 0.8915581 
722 55 30 36 0.8684226 
178 12 21 29 0.8535606 
413 289 38 85 0.85276246 
0 105 28 68 0.8390584 
737 56 30 38 0.8090653 
138 58 38 40 0.7585822 
893 44 27 38 0.70844847 
595 0 18 19 0.7000911 
959 74 27 31 0.6491822 
896 299 76 106 0.6116609 
342 114 37 55 0.59985596 
294 129 38 54 0.5623059 
507 81 27 31 0.5020116 
744 146 37 54 0.47392106 
399 242 30 40 0.469042 
75 170 37 68 0.46892843 
243 79 26 31 0.4141203 
34 0 38 44 0.40353265 
529 0 25 29 0.32197553 
