2_Demonstration_Demonstration_Or_Protest_2_140
100
952 639 28 30 0.99994636 
841 630 26 31 0.9986437 
332 606 19 23 0.99792457 
203 539 15 21 0.99735 
452 643 17 21 0.99699306 
430 621 18 20 0.99681073 
332 520 15 17 0.9967554 
413 562 17 20 0.9962037 
955 590 18 20 0.99543613 
181 616 18 21 0.9953727 
232 464 14 20 0.99531496 
138 584 18 24 0.9952721 
375 632 19 21 0.99502605 
768 542 16 19 0.9934388 
300 519 14 18 0.9927008 
249 563 13 17 0.9924718 
521 575 19 23 0.9914641 
416 479 13 14 0.9910692 
833 542 16 18 0.9882414 
914 604 17 15 0.98774195 
721 628 18 20 0.986935 
785 562 17 18 0.9867399 
624 626 18 20 0.9847534 
281 525 13 17 0.9842115 
686 505 15 16 0.98411465 
803 643 18 22 0.98381317 
616 527 16 20 0.9835654 
742 547 15 20 0.98349124 
304 559 15 18 0.9811859 
376 510 13 17 0.97963244 
547 524 15 19 0.97934914 
762 596 17 18 0.9785217 
158 544 14 18 0.9778454 
765 624 15 20 0.97533506 
494 475 13 17 0.9745609 
601 380 11 14 0.97161543 
858 596 18 18 0.9702728 
532 491 14 18 0.9689153 
301 606 16 20 0.9683639 
725 474 13 15 0.96800506 
456 396 12 15 0.96787304 
806 568 17 21 0.9664942 
491 631 16 19 0.9654538 
548 395 11 15 0.9654346 
377 572 15 17 0.9637223 
702 462 13 15 0.96368223 
412 654 21 18 0.95447254 
365 601 15 16 0.9523356 
638 385 12 15 0.95128113 
383 475 12 14 0.94230336 
525 527 13 16 0.9406687 
757 578 15 17 0.93985933 
780 523 13 15 0.9381541 
157 593 18 20 0.9374525 
593 458 12 15 0.9349198 
246 607 14 19 0.9342634 
513 387 10 13 0.93309075 
233 485 13 17 0.9288053 
696 587 15 20 0.92752576 
569 430 10 14 0.9241196 
572 537 14 16 0.9222962 
530 621 16 25 0.9221248 
638 486 14 19 0.9199125 
905 647 27 24 0.9194725 
556 384 11 13 0.9188776 
206 588 14 20 0.91874164 
661 639 19 23 0.9068684 
577 328 10 14 0.90491974 
184 649 21 23 0.90484947 
482 636 14 18 0.90425277 
687 415 12 15 0.9007268 
565 466 12 15 0.8998254 
452 485 12 16 0.8966165 
550 476 11 15 0.88957936 
390 617 13 18 0.8894376 
560 501 13 20 0.8846384 
447 609 16 19 0.8782628 
584 313 9 12 0.86205333 
683 476 12 15 0.85603625 
928 643 19 23 0.8503584 
658 563 15 18 0.84875304 
911 577 13 14 0.81110424 
649 528 15 16 0.80492014 
933 280 10 12 0.80403274 
713 571 12 17 0.80224353 
219 621 18 23 0.77751476 
674 368 11 14 0.7771656 
740 396 11 14 0.770954 
804 305 8 11 0.7680473 
861 325 10 11 0.76317704 
929 325 10 11 0.76069397 
604 314 9 10 0.759395 
533 298 8 12 0.7585677 
713 390 11 13 0.75280064 
644 462 12 15 0.7425576 
906 325 9 10 0.73533094 
560 355 10 13 0.73417234 
785 262 8 11 0.72838736 
490 532 13 17 0.7219522 
624 377 9 12 0.7090949 
