2_Demonstration_Demonstrators_2_188
26
223 345 49 56 0.9985807 
484 384 36 46 0.9981816 
2 421 38 49 0.99814296 
288 340 36 48 0.9980362 
227 242 32 42 0.99789846 
378 460 88 121 0.99701035 
190 289 33 41 0.9965184 
155 410 39 53 0.9927705 
781 1100 86 92 0.99103206 
877 364 29 40 0.987632 
506 1221 134 207 0.9359058 
0 401 16 35 0.7299436 
54 918 21 29 0.71154356 
181 1293 229 297 0.6987376 
308 276 20 35 0.6635825 
1007 364 17 25 0.6423033 
391 346 31 42 0.6010563 
358 357 29 39 0.5875737 
852 224 21 26 0.58746666 
978 373 17 24 0.5800169 
945 410 18 25 0.4002358 
288 324 25 27 0.33908573 
20 399 27 40 0.32896665 
359 368 22 35 0.32362866 
548 409 25 34 0.3149524 
566 409 33 36 0.3028715 
