2_Demonstration_Protesters_2_54
29
313 140 21 23 0.998345 
599 138 21 24 0.9981263 
20 210 23 29 0.9978982 
524 135 20 22 0.997543 
149 207 23 28 0.9971505 
417 100 19 23 0.9969501 
16 160 20 24 0.99604815 
871 137 18 19 0.9952113 
226 162 20 22 0.9943973 
678 126 19 22 0.9939553 
520 68 16 20 0.9935929 
392 76 14 18 0.988588 
169 161 19 24 0.9884276 
437 135 19 22 0.9853498 
409 265 27 31 0.98426646 
333 66 15 17 0.9754522 
295 85 14 19 0.94959915 
685 161 21 27 0.9185711 
547 58 15 19 0.9083113 
363 77 15 18 0.86613023 
811 107 18 20 0.7613888 
0 399 14 14 0.7057325 
90 58 9 10 0.6975601 
850 99 19 18 0.4603687 
647 139 20 21 0.43529215 
174 50 8 9 0.43258587 
278 51 12 13 0.414929 
950 57 9 10 0.38452703 
71 97 12 15 0.3657587 
