2_Demonstration_Protesters_2_460
22
884 204 27 36 0.99982375 
840 68 30 36 0.9997576 
789 69 30 37 0.9997328 
482 97 37 44 0.99966025 
34 67 29 29 0.9995433 
639 58 44 48 0.99944896 
484 236 35 43 0.99942577 
805 177 38 49 0.99940705 
72 87 31 37 0.9994036 
274 232 43 50 0.99937063 
437 75 20 22 0.9993199 
706 65 22 29 0.9979512 
162 81 19 23 0.9953876 
956 94 21 32 0.9948314 
995 92 14 15 0.99405044 
132 75 18 20 0.991232 
280 77 14 15 0.86488056 
749 93 13 13 0.727111 
416 423 91 77 0.70672536 
955 81 16 22 0.6239782 
0 70 13 20 0.5051687 
974 74 11 12 0.33929732 
