2_Demonstration_Demonstration_Or_Protest_2_586
47
638 167 21 33 0.99963367 
691 144 28 37 0.9986305 
471 146 24 34 0.99853766 
384 184 25 39 0.998445 
833 201 31 39 0.99797124 
759 118 17 22 0.9970962 
994 146 20 25 0.9938373 
140 145 21 32 0.9926081 
411 105 11 16 0.9907259 
174 126 16 18 0.9876357 
523 120 14 18 0.98696834 
789 113 12 15 0.9837166 
25 132 18 16 0.97811025 
961 103 16 22 0.9770797 
389 134 11 21 0.96520776 
131 119 14 17 0.9626712 
540 92 8 13 0.8781935 
109 130 13 16 0.8527774 
27 104 11 15 0.84980696 
599 114 11 19 0.84056973 
127 102 10 11 0.8395661 
279 120 14 24 0.8378915 
431 98 10 12 0.8239524 
805 219 17 33 0.8026085 
383 104 7 10 0.79276794 
1 113 12 13 0.7920885 
313 169 16 25 0.7715441 
120 147 15 24 0.7648677 
1 96 9 11 0.74976474 
438 121 16 23 0.74223906 
245 121 16 23 0.70080906 
446 115 11 21 0.6867839 
346 94 10 12 0.6439312 
286 158 14 25 0.6133015 
580 154 17 27 0.6121308 
287 102 9 12 0.580676 
169 100 10 13 0.55902916 
357 88 10 11 0.5428034 
130 98 10 12 0.5384471 
478 228 14 21 0.46964255 
3 130 18 21 0.40505832 
847 202 19 33 0.3680369 
770 118 12 19 0.36499888 
367 115 9 14 0.36217552 
798 433 27 40 0.3533904 
263 232 11 14 0.326434 
14 89 9 10 0.3060206 
