2_Demonstration_Demonstrators_2_290
19
509 559 88 111 0.9997634 
412 154 76 95 0.9996437 
698 165 65 92 0.9993351 
169 366 84 90 0.9992668 
729 503 54 72 0.9987306 
457 503 26 33 0.99850225 
860 464 52 66 0.996738 
638 477 42 45 0.99670726 
18 495 22 28 0.99158114 
53 526 25 31 0.9893215 
380 505 18 24 0.98332053 
936 444 21 26 0.9778832 
411 504 12 21 0.8558807 
362 507 11 18 0.79610115 
481 492 17 21 0.7823555 
567 511 15 20 0.6244893 
702 488 10 13 0.5944755 
368 508 18 26 0.38020498 
413 508 16 24 0.31832796 
