2_Demonstration_Demonstrators_2_781
23
254 170 53 67 0.9998591 
464 202 39 51 0.99979407 
546 141 53 81 0.99964106 
393 195 23 32 0.9986671 
930 229 27 28 0.99860066 
535 213 31 41 0.9976133 
697 220 45 53 0.99716896 
926 273 37 38 0.99575305 
533 191 20 27 0.99104226 
237 127 30 52 0.9847017 
756 257 25 27 0.9732112 
814 229 22 22 0.94721466 
760 228 23 24 0.9420293 
860 247 14 16 0.9065104 
106 229 20 15 0.8913606 
438 225 9 11 0.59598094 
123 223 20 22 0.5878131 
889 243 16 18 0.56626487 
997 244 17 17 0.48698434 
443 221 9 10 0.4822756 
359 207 11 18 0.47337753 
952 439 72 131 0.45355648 
703 27 52 49 0.32309607 
