2_Demonstration_Protesters_2_826
28
891 237 67 78 0.99981517 
627 74 32 43 0.99931455 
704 203 48 64 0.9990644 
545 167 42 55 0.9988926 
605 141 35 42 0.9985298 
581 75 26 33 0.9979243 
500 154 27 36 0.99635077 
58 91 28 31 0.9921451 
564 56 17 25 0.9869443 
210 81 20 23 0.9725218 
519 69 15 19 0.9690522 
426 87 13 22 0.9681871 
513 123 26 29 0.9536083 
550 66 12 16 0.93380463 
546 105 14 24 0.91530424 
227 103 17 22 0.8610078 
616 66 13 16 0.7841994 
536 74 12 17 0.75476414 
360 92 19 22 0.72753066 
406 88 10 15 0.68574107 
256 67 11 14 0.6257348 
90 82 14 16 0.58136296 
468 428 22 27 0.52959275 
201 107 13 18 0.506336 
181 114 15 19 0.4727588 
522 491 26 27 0.44245526 
254 62 12 15 0.35389322 
854 93 22 36 0.3138291 
