2_Demonstration_Demonstrators_2_425
67
16 476 44 46 0.99931765 
432 564 65 104 0.9991941 
354 434 49 60 0.99916613 
635 393 34 45 0.99895763 
791 426 64 76 0.99878114 
785 302 41 49 0.9985935 
224 425 39 50 0.9984263 
699 374 29 33 0.99776113 
578 387 27 32 0.9977424 
564 462 43 64 0.9968966 
700 313 18 23 0.995981 
866 304 28 34 0.99499846 
794 271 20 22 0.9932996 
618 331 17 22 0.9919872 
203 403 21 28 0.9900131 
728 335 23 24 0.9898616 
526 330 18 22 0.98937374 
656 303 18 23 0.9845755 
401 371 18 22 0.98261744 
486 370 18 23 0.9795735 
109 379 16 20 0.97032654 
92 379 14 16 0.9670708 
940 260 17 22 0.9656465 
772 312 19 24 0.95850176 
138 375 12 16 0.95189434 
863 271 27 30 0.9509781 
613 304 13 17 0.94980806 
46 432 22 22 0.9370284 
643 305 12 16 0.9272092 
253 370 14 17 0.9261734 
446 350 19 23 0.9024454 
471 409 21 28 0.8972256 
621 390 18 22 0.86899406 
957 354 44 54 0.8686056 
56 389 15 15 0.85920215 
576 331 14 18 0.8584863 
463 345 14 18 0.8542019 
538 313 13 16 0.8215302 
344 357 14 15 0.7702841 
740 304 15 17 0.7649513 
454 320 9 14 0.7528951 
361 341 9 13 0.7486519 
289 350 11 14 0.74657667 
993 345 31 71 0.7252049 
156 423 15 18 0.72241974 
44 400 17 22 0.71155685 
515 315 11 14 0.71005714 
400 347 11 17 0.7032625 
170 396 14 17 0.68224376 
392 338 11 13 0.67455995 
708 277 13 16 0.65665007 
593 308 11 14 0.62533486 
16 372 11 11 0.61989963 
730 282 12 14 0.57876635 
130 426 24 27 0.5665796 
344 396 25 30 0.5636392 
270 347 9 12 0.47654766 
101 439 24 24 0.45013532 
144 367 10 12 0.44679338 
310 353 13 15 0.42599472 
487 338 12 15 0.424872 
201 386 12 15 0.38699156 
709 302 12 16 0.3786504 
82 358 11 12 0.33257544 
484 314 9 13 0.31077293 
978 584 46 41 0.30924273 
445 313 9 11 0.30906296 
