2_Demonstration_Demonstration_Or_Protest_2_453
21
648 278 22 31 0.99956197 
61 309 31 41 0.9990288 
11 293 40 55 0.9987004 
477 227 82 112 0.99837625 
753 328 23 27 0.99830794 
573 324 30 36 0.99777156 
718 337 18 23 0.9973781 
609 294 22 34 0.99665016 
661 305 21 29 0.9945259 
740 312 14 19 0.993982 
693 311 18 25 0.99330854 
399 264 42 54 0.99141943 
806 310 18 24 0.9900385 
272 336 16 18 0.98954356 
724 318 14 18 0.9875894 
210 283 39 57 0.8663903 
176 278 76 69 0.7134841 
754 306 9 14 0.6624193 
919 317 18 30 0.6346068 
169 281 44 50 0.5796051 
832 293 18 29 0.5580185 
