2_Demonstration_Political_Rally_2_867
32
66 521 48 46 0.9996418 
650 498 29 37 0.9996283 
798 428 33 38 0.99867225 
926 513 44 51 0.99755657 
914 371 31 34 0.99671364 
177 553 52 54 0.99636555 
949 373 22 23 0.9948484 
615 503 22 28 0.98026365 
129 489 16 16 0.92132086 
72 456 16 18 0.89413583 
826 400 21 26 0.893779 
172 504 33 49 0.84842384 
0 524 17 20 0.82876915 
124 521 28 24 0.82375276 
335 537 32 52 0.76813114 
411 500 21 28 0.7655691 
886 570 79 99 0.73501635 
854 381 13 17 0.71679217 
872 395 16 23 0.6633534 
864 360 13 15 0.6376057 
818 360 12 15 0.5898232 
301 507 16 18 0.5817896 
993 360 19 22 0.575487 
879 358 12 13 0.5707191 
120 405 9 10 0.51428676 
45 417 20 19 0.48781258 
742 377 10 12 0.476423 
167 386 11 14 0.47379398 
385 506 14 19 0.45415348 
796 370 11 14 0.3827088 
784 370 8 10 0.32786432 
44 425 14 14 0.3237743 
