2_Demonstration_Demonstrators_2_414
25
400 34 20 23 0.9954116 
134 41 23 26 0.99503124 
201 41 20 22 0.98564065 
484 28 23 27 0.98554647 
818 48 22 28 0.9838674 
936 40 27 31 0.9815159 
596 36 25 30 0.9810095 
250 52 19 21 0.965199 
764 45 18 23 0.96355206 
686 55 22 27 0.94556123 
92 61 21 22 0.9320109 
862 58 20 27 0.90717643 
310 38 23 27 0.84377444 
913 52 13 18 0.8405208 
44 54 15 19 0.81995857 
905 51 18 21 0.6349206 
323 330 192 136 0.6204303 
14 37 21 29 0.6071232 
910 55 21 26 0.5454344 
225 200 36 50 0.47738186 
718 47 12 15 0.45868972 
19 32 24 30 0.43569958 
116 65 19 24 0.40090618 
194 242 35 47 0.3645459 
228 219 28 31 0.35822904 
