3_Riot_Riot_3_199
72
83 158 19 23 0.9946079 
331 180 20 24 0.9918636 
897 190 17 19 0.988545 
93 92 12 14 0.97718656 
978 332 31 38 0.9764416 
846 176 13 15 0.9609107 
605 171 15 20 0.9607419 
772 184 14 16 0.9593277 
924 194 13 18 0.95247656 
957 181 14 20 0.9492041 
478 273 29 40 0.928826 
196 232 22 30 0.9271437 
396 194 22 26 0.9197178 
978 190 17 21 0.9178064 
474 146 17 20 0.9112728 
817 189 16 20 0.9041554 
1011 188 13 22 0.89688593 
114 119 13 19 0.88990724 
68 292 34 56 0.879865 
857 252 21 35 0.8750246 
632 548 23 29 0.85668594 
119 275 26 38 0.8505467 
903 264 27 25 0.8331732 
427 313 32 46 0.8238915 
162 174 13 17 0.82274723 
678 163 10 14 0.81988555 
179 113 11 13 0.8130996 
996 160 10 13 0.81049854 
529 187 17 18 0.7991095 
980 157 10 11 0.7864866 
417 266 24 32 0.785184 
136 66 8 9 0.7833742 
854 204 16 20 0.7828631 
715 168 9 13 0.7534114 
755 171 15 19 0.720299 
661 171 13 17 0.7035644 
77 120 17 23 0.70291317 
374 111 10 12 0.69233245 
821 168 13 16 0.6873007 
636 161 10 15 0.66313136 
538 142 10 13 0.66106427 
933 179 12 15 0.65668535 
793 173 16 17 0.6142767 
717 184 13 16 0.6001491 
784 227 17 19 0.5935056 
149 110 9 12 0.56275284 
882 165 11 15 0.5272615 
463 181 26 31 0.5245912 
25 57 6 7 0.52345794 
203 131 9 11 0.5017053 
874 192 11 14 0.5011568 
904 179 18 20 0.4907571 
61 113 13 16 0.4782933 
721 134 10 12 0.47265288 
391 111 10 12 0.46651438 
467 150 11 15 0.46570495 
301 172 21 25 0.45821664 
410 155 16 23 0.4561811 
216 170 21 26 0.43861517 
963 429 19 20 0.40949014 
199 142 10 15 0.39959872 
610 137 11 13 0.39940292 
911 181 12 15 0.3948385 
491 114 11 15 0.39016414 
497 114 11 15 0.37215495 
901 220 13 18 0.36740088 
616 153 10 12 0.3450638 
425 156 21 23 0.34293368 
737 186 11 12 0.32876056 
162 115 10 13 0.30437556 
377 157 11 15 0.30234274 
389 150 18 18 0.30045083 
