3_Riot_Riot_3_137
56
923 345 61 70 0.99975544 
107 411 36 44 0.9992937 
271 365 43 45 0.99923384 
335 391 50 59 0.99871325 
63 385 36 44 0.99828124 
670 298 16 20 0.9980825 
491 325 37 53 0.99801135 
785 295 21 21 0.99360305 
971 322 30 34 0.9923321 
788 319 20 25 0.9900788 
348 325 20 24 0.98818004 
923 316 29 31 0.98482186 
229 318 16 16 0.9772603 
547 302 10 12 0.9702516 
899 329 19 21 0.96643764 
760 288 9 13 0.96220696 
660 360 49 56 0.9563603 
374 314 11 13 0.9500219 
151 333 10 11 0.93061715 
527 309 10 13 0.9096559 
776 317 16 21 0.9033993 
460 307 17 24 0.90014374 
17 310 11 11 0.8831485 
994 276 10 9 0.88265544 
438 308 11 12 0.8242466 
425 312 10 12 0.8070956 
810 296 10 13 0.79602283 
153 345 16 16 0.75766534 
977 284 10 10 0.75441927 
1010 288 8 9 0.7437169 
21 326 12 13 0.6935265 
908 302 25 25 0.6732128 
404 334 32 47 0.67228574 
964 310 15 17 0.66142297 
136 404 32 46 0.6476732 
747 307 10 13 0.6075907 
451 288 17 19 0.56674576 
402 342 24 30 0.53863025 
805 205 21 22 0.5263216 
11 429 19 24 0.5166198 
64 334 14 13 0.47982278 
587 322 16 21 0.47604755 
398 302 10 11 0.44778177 
621 305 18 21 0.44641614 
748 291 12 15 0.44229618 
664 321 13 16 0.41487253 
734 312 11 12 0.4133209 
38 340 25 20 0.40589005 
389 343 15 18 0.40169892 
259 336 17 23 0.37981254 
263 313 11 12 0.36910257 
732 279 9 10 0.3631226 
132 339 8 11 0.36005464 
934 291 11 13 0.3520101 
96 337 17 19 0.3257751 
946 277 9 9 0.32340536 
