56_Voter_peoplevoting_56_558
26
645 283 56 76 0.99953556 
835 277 19 28 0.9959597 
405 250 36 86 0.98813057 
893 426 12 14 0.9271276 
596 422 10 14 0.9250989 
927 414 8 10 0.8263269 
935 418 9 12 0.80043834 
585 413 10 13 0.71953386 
650 406 9 13 0.6809488 
661 417 8 11 0.67414427 
650 428 9 14 0.65337217 
615 411 8 12 0.650772 
46 410 8 11 0.6178758 
887 413 9 12 0.6091217 
626 413 8 12 0.602152 
16 410 8 10 0.5704594 
1014 288 10 17 0.5419113 
490 421 8 11 0.5146817 
147 408 8 11 0.48931962 
521 412 7 10 0.43044454 
80 407 7 11 0.42062297 
955 399 8 10 0.4133516 
636 405 7 10 0.40382928 
927 387 8 10 0.37987968 
601 386 7 9 0.3454005 
604 402 8 10 0.30380538 
