56_Voter_peoplevoting_56_268
42
243 276 34 39 0.99916303 
391 252 29 39 0.99901104 
740 230 27 33 0.9980094 
806 218 23 30 0.9963462 
632 192 17 20 0.99589974 
863 231 23 31 0.9941717 
470 219 29 30 0.99010086 
659 221 30 30 0.9869221 
678 193 17 19 0.9810414 
263 225 21 23 0.9770031 
221 203 17 19 0.96849537 
300 211 15 16 0.96650076 
415 226 23 24 0.95954806 
139 217 19 20 0.9503095 
516 217 14 16 0.9257634 
412 194 12 16 0.9095529 
357 201 13 17 0.9067851 
596 208 12 14 0.8950051 
126 190 14 16 0.8948717 
334 230 21 27 0.83075416 
370 178 11 14 0.788291 
74 184 12 14 0.76616436 
110 184 12 14 0.7467397 
278 179 17 22 0.70739424 
391 182 15 20 0.70349467 
279 287 20 26 0.7017012 
24 182 15 15 0.66463906 
611 245 19 21 0.6564794 
199 183 12 14 0.62865174 
556 220 21 25 0.59657615 
444 215 19 25 0.57273054 
342 200 11 14 0.54434544 
241 183 14 16 0.5169581 
230 250 28 29 0.50733006 
437 206 11 14 0.478292 
29 187 14 14 0.44755843 
169 222 15 15 0.43965784 
407 223 19 27 0.43060306 
832 221 20 22 0.40602565 
353 224 17 25 0.3990996 
226 173 11 12 0.31293792 
138 183 11 13 0.3112545 
