8_Election_Campain_Election_Campaign_8_148
68
586 187 43 52 0.9997981 
961 299 63 70 0.99965763 
427 289 87 109 0.9996288 
0 204 73 97 0.999539 
242 368 101 131 0.99937856 
812 289 67 73 0.99921715 
573 315 71 88 0.9991959 
679 254 54 66 0.998755 
308 269 80 96 0.99874735 
744 266 51 60 0.99862933 
625 352 90 109 0.99806315 
507 212 51 66 0.997752 
129 85 25 31 0.99713635 
889 424 70 67 0.99618715 
195 112 22 30 0.99606603 
429 231 53 57 0.99573344 
479 149 29 34 0.9950771 
1 362 63 151 0.99466586 
721 446 86 134 0.9944331 
756 220 27 31 0.99372464 
373 122 16 24 0.9882052 
868 491 75 110 0.9860352 
481 112 16 19 0.977436 
510 152 18 25 0.97510344 
900 563 99 147 0.9687149 
499 278 65 103 0.9512777 
567 150 19 24 0.93002284 
324 101 18 26 0.92892987 
104 205 51 54 0.9270315 
635 179 24 29 0.9022441 
374 237 52 83 0.8944874 
615 134 15 19 0.88445514 
851 121 11 18 0.8752807 
730 132 14 16 0.8466969 
764 117 13 16 0.82048696 
808 97 12 16 0.8112733 
246 84 10 16 0.80396765 
172 102 17 21 0.76910585 
995 141 17 24 0.76672095 
553 119 13 22 0.7524428 
800 125 13 15 0.7434517 
275 66 10 14 0.72268045 
753 100 11 15 0.70844036 
661 109 10 13 0.693274 
483 86 11 13 0.66562086 
689 121 12 16 0.6417214 
225 103 13 18 0.637885 
604 157 19 23 0.6332084 
267 79 11 15 0.62602055 
782 100 11 13 0.5966084 
8 8 12 16 0.5930574 
231 52 10 14 0.5909889 
900 256 29 41 0.5713478 
838 128 14 17 0.5699328 
706 115 12 15 0.52149075 
38 13 9 13 0.517024 
795 159 11 18 0.5078993 
685 93 10 13 0.49447253 
212 55 10 13 0.46588838 
888 122 18 24 0.45561054 
661 149 13 17 0.43472844 
933 139 13 21 0.40784994 
940 139 11 19 0.4006099 
543 638 113 120 0.39951733 
605 88 10 12 0.35351133 
237 296 48 54 0.3501368 
94 10 11 14 0.34496686 
941 190 12 23 0.331074 
