8_Election_Campain_Election_Campaign_8_157
20
218 456 23 27 0.99986887 
162 419 36 46 0.99970645 
268 441 20 25 0.9991025 
0 470 20 35 0.99839455 
329 465 19 30 0.99073035 
1003 338 19 28 0.98652875 
605 458 20 21 0.97459066 
724 413 18 25 0.95839214 
808 462 12 18 0.94415003 
1005 446 11 13 0.92661905 
443 461 19 24 0.92520595 
822 452 11 16 0.885815 
335 434 12 14 0.7929442 
948 454 10 12 0.71536493 
906 449 10 13 0.5021564 
966 450 10 12 0.47256044 
746 447 10 18 0.43524736 
0 185 6 17 0.3839506 
652 442 9 16 0.32634014 
650 311 16 25 0.3003912 
