18_Concerts_Concerts_18_38
46
67 415 32 48 0.9998029 
530 267 25 31 0.9993724 
758 392 30 45 0.9990005 
808 275 18 27 0.99769384 
98 394 24 33 0.9947464 
594 300 20 27 0.9944883 
515 411 25 36 0.98440164 
562 343 24 36 0.97152025 
298 532 40 74 0.968347 
642 185 20 29 0.96030897 
283 219 26 37 0.95761436 
413 442 45 53 0.93215454 
539 487 65 78 0.9234545 
365 186 13 16 0.9121591 
988 273 15 19 0.91203946 
892 275 19 26 0.88556516 
730 318 14 20 0.8429038 
940 337 48 68 0.8125829 
892 336 45 74 0.8069402 
278 190 16 20 0.7995425 
360 506 51 60 0.7765816 
734 287 12 18 0.7587397 
746 241 9 14 0.74768215 
1 383 15 35 0.74313456 
880 238 12 15 0.7161124 
429 193 12 15 0.6869414 
640 278 14 21 0.67478603 
980 314 25 39 0.66884303 
149 324 21 32 0.62429315 
364 298 15 18 0.6227089 
457 238 12 15 0.604131 
0 585 51 110 0.55733436 
397 495 48 75 0.54765755 
529 215 13 17 0.5414016 
799 234 11 13 0.5209388 
1 344 13 25 0.5118167 
568 196 10 15 0.45572677 
712 262 9 14 0.41100746 
358 506 33 46 0.40094504 
393 488 67 109 0.3925676 
479 284 12 16 0.3782097 
420 494 73 108 0.35370544 
129 321 23 38 0.34594443 
188 380 27 49 0.34252337 
509 212 12 16 0.3397412 
412 438 61 96 0.31002903 
