18_Concerts_Concerts_18_602
58
480 401 26 31 0.99963355 
296 526 39 58 0.9994287 
895 481 43 59 0.9994099 
556 386 32 42 0.9993693 
368 393 29 41 0.99927753 
166 403 25 32 0.99921274 
331 504 35 59 0.99898714 
937 374 37 50 0.99875677 
308 386 26 35 0.9985191 
407 392 18 25 0.99752814 
457 489 28 39 0.9972535 
77 421 22 26 0.997182 
453 346 14 20 0.9950907 
344 380 20 26 0.9935575 
870 371 20 24 0.9922707 
773 333 16 21 0.992128 
192 364 16 20 0.99203765 
248 302 19 26 0.99172205 
142 406 19 26 0.9886891 
837 340 16 21 0.98611045 
511 394 20 28 0.9840348 
143 255 13 20 0.98240614 
739 377 18 18 0.9777452 
52 381 20 27 0.9753725 
23 339 13 19 0.97207516 
233 299 14 20 0.9718712 
302 254 13 17 0.96762305 
189 261 11 18 0.9541321 
39 345 17 21 0.9500497 
133 394 15 23 0.9494962 
472 361 20 25 0.94019616 
263 260 12 17 0.94014496 
108 256 13 16 0.9094176 
682 353 12 19 0.89775574 
522 339 14 18 0.8753229 
653 346 13 15 0.85438603 
711 340 15 18 0.8324824 
259 535 29 46 0.8253845 
210 274 11 14 0.81151336 
615 267 10 13 0.7849696 
367 271 12 16 0.76533794 
438 327 13 18 0.76159674 
520 322 13 17 0.74197465 
50 264 10 16 0.73861575 
348 332 15 18 0.72147006 
397 325 11 16 0.68719673 
876 346 14 16 0.6560171 
569 333 13 15 0.60036683 
669 341 14 17 0.55405146 
784 656 27 38 0.536036 
337 331 14 17 0.5253084 
874 342 13 18 0.4892991 
395 366 15 23 0.43293 
925 340 14 17 0.41348073 
482 261 9 13 0.41306344 
166 268 11 14 0.32096097 
408 287 10 16 0.3204433 
331 268 11 14 0.31936437 
