18_Concerts_Concerts_18_127
19
663 164 53 85 0.99960285 
171 164 50 68 0.9986111 
150 261 69 108 0.9983192 
526 216 57 73 0.9980045 
242 128 39 65 0.9972613 
358 221 61 95 0.9971859 
805 187 42 60 0.9971215 
943 196 45 51 0.9959656 
54 174 31 53 0.99270296 
278 223 45 104 0.9920312 
742 187 48 72 0.9894632 
306 177 42 58 0.9771338 
18 187 34 66 0.9695151 
841 200 31 43 0.9662805 
450 178 38 53 0.911119 
445 226 48 83 0.8844693 
574 186 31 48 0.677993 
138 437 83 139 0.54497665 
704 171 76 85 0.44810545 
