10_People_Marching_People_Marching_2_277
31
48 187 49 62 0.9986732 
939 185 16 18 0.99781275 
620 185 33 39 0.9970643 
838 188 25 27 0.99658126 
912 185 23 23 0.99656457 
369 184 25 33 0.994985 
755 189 24 31 0.9945913 
257 167 23 26 0.99386394 
227 169 21 26 0.9834472 
671 191 21 29 0.9802454 
971 192 20 20 0.9660058 
869 194 16 17 0.9649599 
817 187 20 24 0.9526252 
788 190 17 23 0.9422377 
331 176 19 26 0.90249634 
21 200 12 16 0.8680078 
715 186 11 16 0.8677844 
426 179 31 45 0.86436415 
6 202 14 18 0.80800486 
873 235 17 20 0.80044186 
1009 184 15 18 0.749953 
471 179 15 20 0.649111 
557 178 11 14 0.636122 
509 198 21 25 0.60856485 
735 190 14 18 0.60143167 
600 186 18 24 0.480968 
517 196 18 25 0.42380354 
501 192 19 26 0.42079028 
599 185 14 19 0.4069094 
14 199 19 21 0.38354763 
793 192 19 23 0.3559375 
