10_People_Marching_People_Marching_2_498
31
412 584 24 29 0.9995995 
787 542 23 28 0.99950004 
28 16 22 26 0.9993711 
705 0 21 23 0.99917054 
347 418 25 30 0.9990048 
364 30 21 28 0.9989858 
70 145 21 29 0.99803907 
544 4 24 28 0.99664164 
609 128 20 24 0.9958631 
191 26 23 29 0.9934186 
896 418 20 27 0.9930058 
1003 275 21 28 0.99139225 
723 419 22 28 0.9910144 
238 137 23 25 0.98750955 
955 545 23 29 0.9871644 
576 596 22 33 0.98660463 
774 133 21 25 0.9861622 
36 612 26 26 0.97992504 
117 272 21 25 0.9788295 
876 11 21 26 0.9776133 
836 275 22 28 0.9753084 
942 125 23 28 0.97403914 
165 424 20 28 0.928777 
539 439 23 30 0.87945116 
291 287 22 24 0.85348797 
663 281 22 26 0.782673 
0 454 16 27 0.6824166 
859 311 21 27 0.39609993 
474 300 17 20 0.35699233 
843 297 22 24 0.34230596 
211 598 25 24 0.33146888 
