10_People_Marching_People_Marching_2_1046
21
511 204 49 59 0.99966705 
218 216 19 21 0.99248964 
281 261 15 17 0.95890695 
200 191 15 16 0.9574294 
53 203 19 25 0.880007 
98 207 14 17 0.8474527 
574 234 27 33 0.8395019 
424 200 17 21 0.81833917 
871 228 24 29 0.78726393 
1006 225 18 28 0.745537 
365 237 15 19 0.73991704 
166 245 26 25 0.6825871 
586 193 11 13 0.5430409 
732 219 29 46 0.4527006 
329 199 9 10 0.4432374 
130 243 20 22 0.44263795 
60 218 14 19 0.35009643 
701 248 28 46 0.34123626 
171 249 25 27 0.31747496 
55 214 18 26 0.31671464 
569 515 62 96 0.30604708 
