10_People_Marching_People_Marching_10_People_Marching_People_Marching_10_People_Marching_People_Marching_10_162
27
390 307 23 28 0.9993395 
334 270 21 26 0.94565576 
837 79 17 23 0.8218211 
779 89 18 22 0.789481 
910 21 13 15 0.76145023 
698 276 17 28 0.70073104 
853 1 17 20 0.6948477 
547 97 16 18 0.68678015 
869 137 28 21 0.6495537 
445 294 24 31 0.6362572 
655 37 20 23 0.62065506 
575 133 19 26 0.57660365 
866 68 17 17 0.5170885 
97 288 22 27 0.507548 
654 329 20 24 0.4946281 
673 137 20 24 0.48238698 
139 269 25 28 0.4676467 
979 1 22 21 0.46060485 
852 3 13 14 0.4362814 
863 72 13 13 0.43564948 
907 110 16 15 0.40976727 
298 276 26 36 0.40795466 
409 99 23 25 0.36490652 
51 216 19 25 0.31624866 
417 227 14 15 0.30908957 
277 291 20 27 0.30302635 
853 157 20 28 0.30236945 
