10_People_Marching_People_Marching_2_668
19
769 314 25 30 0.99982506 
540 293 29 36 0.9996779 
657 304 34 41 0.9995654 
858 315 20 25 0.99944323 
604 304 21 29 0.99928445 
298 348 33 44 0.9990707 
192 296 34 47 0.9987067 
411 308 42 51 0.99828845 
98 264 32 39 0.9969649 
370 328 22 28 0.99648106 
921 337 16 17 0.9955023 
514 314 18 23 0.9930147 
956 329 15 17 0.9912587 
460 313 27 38 0.9865263 
987 331 12 16 0.93531245 
901 347 15 17 0.91647124 
645 333 12 16 0.7133266 
833 340 13 15 0.59319746 
1003 341 10 13 0.31530282 
