10_People_Marching_People_Marching_2_678
25
623 294 19 24 0.99958163 
350 277 25 30 0.9994764 
254 289 28 32 0.99941695 
450 296 21 27 0.99919575 
305 291 21 26 0.99863017 
217 295 24 27 0.99827874 
842 304 22 27 0.9980804 
723 270 25 32 0.99763405 
886 294 19 23 0.9972677 
901 207 12 16 0.98721176 
514 302 20 24 0.98689854 
787 304 20 27 0.9530641 
66 255 9 13 0.93121314 
25 318 9 17 0.92452437 
947 209 11 14 0.92375714 
115 334 11 17 0.8919485 
38 317 13 19 0.8527648 
187 317 10 15 0.6832461 
419 325 12 15 0.648357 
759 317 16 27 0.62664974 
69 365 9 17 0.5813989 
206 297 9 14 0.5649104 
113 302 9 10 0.5469573 
424 325 12 17 0.40247738 
86 337 7 13 0.35047442 
