10_People_Marching_People_Marching_2_401
54
334 404 63 83 0.99987066 
89 507 67 82 0.99979407 
638 530 77 98 0.9997931 
193 353 52 65 0.99966586 
99 280 33 38 0.9995128 
662 265 32 42 0.99908566 
542 240 23 33 0.9987173 
855 501 93 125 0.998607 
353 276 20 25 0.99845576 
730 302 32 41 0.99830425 
19 407 57 65 0.9980724 
308 329 25 30 0.9979603 
798 280 45 48 0.9979449 
44 289 26 31 0.99780196 
496 268 28 38 0.9973412 
726 384 36 45 0.99723023 
423 241 22 27 0.9968119 
626 250 27 33 0.9953621 
478 264 19 32 0.99512273 
550 504 59 55 0.9949686 
568 263 27 35 0.99394965 
672 421 36 44 0.99392724 
386 247 18 25 0.99385417 
65 319 29 34 0.99383944 
284 293 22 29 0.99335456 
921 266 28 33 0.9926392 
252 274 22 27 0.99189305 
102 390 35 43 0.98679686 
190 267 23 26 0.9848081 
209 301 26 29 0.9842164 
315 269 18 23 0.9824898 
348 333 31 37 0.96110266 
757 265 25 34 0.95906055 
740 252 21 26 0.95638186 
31 268 21 29 0.95561194 
781 348 49 81 0.9539337 
509 241 18 25 0.9493526 
382 313 26 30 0.93561226 
780 261 31 45 0.933761 
851 249 30 47 0.93222034 
497 346 27 47 0.88523245 
702 241 12 15 0.82774544 
329 292 18 24 0.78970635 
821 247 27 29 0.7784433 
994 271 22 30 0.7610033 
422 361 35 50 0.76087534 
241 287 13 16 0.7190871 
546 301 27 28 0.5901671 
357 252 13 16 0.58202225 
610 477 41 59 0.57339615 
746 228 18 21 0.57137185 
590 251 19 26 0.5262364 
0 352 22 48 0.443919 
176 322 31 39 0.3779015 
