10_People_Marching_People_Marching_2_27
31
362 182 28 36 0.9996043 
536 198 30 37 0.99929845 
573 188 37 48 0.99927706 
211 205 23 29 0.9990307 
790 228 26 33 0.9983417 
913 213 29 39 0.99806327 
859 204 28 36 0.9979532 
131 195 30 36 0.9971084 
267 194 25 30 0.9968636 
833 226 30 38 0.99653035 
704 204 32 36 0.9964232 
484 195 22 30 0.9958521 
611 210 29 32 0.99533635 
304 182 37 40 0.9953106 
18 188 26 35 0.9944061 
206 187 20 24 0.99351126 
989 205 26 40 0.9932025 
35 200 30 40 0.9910931 
915 269 35 43 0.9909792 
434 187 26 37 0.98990697 
520 194 19 32 0.9892039 
653 221 25 35 0.95176744 
646 182 28 35 0.8871194 
418 221 17 16 0.8021952 
0 188 13 30 0.71045387 
365 164 23 27 0.60128236 
708 183 27 33 0.5992821 
886 216 21 28 0.4872848 
525 194 28 35 0.3976845 
753 235 26 32 0.33727175 
999 206 24 41 0.3173492 
