6_Funeral_Funeral_6_109
39
353 226 26 30 0.9994574 
249 220 28 33 0.99923706 
122 216 30 38 0.9990103 
195 216 29 36 0.99892706 
423 239 23 27 0.9988022 
594 302 23 28 0.9969674 
302 199 21 24 0.9960348 
521 233 19 23 0.99572706 
369 205 20 26 0.9956934 
389 312 25 33 0.99555165 
457 226 22 27 0.9953536 
303 227 25 31 0.99524623 
914 220 21 23 0.99488777 
660 297 20 24 0.9948079 
718 296 21 24 0.9938247 
801 253 22 21 0.9931924 
411 205 19 23 0.993101 
647 218 19 23 0.9904455 
487 216 19 22 0.9888896 
697 247 17 21 0.9872788 
548 220 19 21 0.9865368 
778 228 17 21 0.98334473 
740 252 18 20 0.9832497 
453 301 23 27 0.98309857 
880 235 18 20 0.9815492 
617 220 19 22 0.98140085 
270 225 23 29 0.98120856 
587 228 20 23 0.97909087 
573 327 20 24 0.9753101 
501 233 15 21 0.97386056 
488 246 20 23 0.9603901 
568 212 17 21 0.9440031 
716 253 16 17 0.92259 
834 242 19 18 0.82995105 
560 238 17 22 0.74237806 
708 378 17 16 0.50023097 
331 219 20 24 0.45599598 
861 253 13 15 0.43015146 
709 235 13 17 0.40325487 
