6_Funeral_Funeral_6_177
58
783 157 36 43 0.99945134 
550 215 34 55 0.9985788 
414 254 36 48 0.9983094 
627 187 29 39 0.9967829 
491 260 25 36 0.99432665 
877 156 29 35 0.9938844 
534 255 26 40 0.99230313 
449 259 29 39 0.98796403 
225 238 25 34 0.9867823 
899 195 31 35 0.98409545 
912 150 29 42 0.97520614 
691 172 25 37 0.96884906 
7 201 12 15 0.8933451 
965 157 24 31 0.85911196 
263 176 35 60 0.798635 
173 669 10 11 0.7523266 
410 175 14 15 0.74792105 
501 186 14 20 0.73178995 
515 191 12 16 0.6970219 
328 539 9 11 0.6423588 
357 189 12 15 0.64063376 
159 657 10 11 0.6375159 
255 200 12 14 0.6352082 
299 485 10 11 0.62785596 
326 486 10 11 0.6137979 
283 496 10 11 0.57893556 
270 601 9 11 0.56317276 
301 426 11 11 0.5238204 
716 175 24 38 0.46444133 
117 423 11 10 0.45574546 
145 672 11 8 0.45565256 
329 617 10 10 0.44795334 
251 459 10 11 0.4439581 
398 194 13 17 0.42570636 
162 459 10 11 0.41975093 
284 484 10 10 0.41892317 
437 232 19 26 0.4161973 
131 659 9 10 0.39862445 
281 617 10 10 0.3853321 
87 430 13 12 0.38233322 
147 400 10 12 0.37469897 
15 613 9 10 0.3727718 
171 532 11 12 0.3693755 
31 443 11 11 0.35736552 
195 577 11 11 0.35711467 
286 437 11 12 0.35413826 
169 581 10 10 0.34476027 
130 483 11 11 0.3401041 
881 463 81 90 0.33793217 
276 541 10 11 0.3345867 
99 490 12 12 0.33179775 
72 498 11 11 0.3262123 
32 615 9 10 0.32419723 
54 422 12 11 0.31867832 
288 663 9 10 0.31782225 
157 476 10 11 0.31494233 
834 186 21 27 0.30876738 
266 553 9 11 0.30489242 
