6_Funeral_Funeral_6_160
24
153 217 63 90 0.9998281 
782 205 47 77 0.9995503 
200 178 65 87 0.9995042 
753 169 43 72 0.99931073 
871 249 65 91 0.9992323 
362 304 44 59 0.99914277 
29 228 54 103 0.9990201 
830 120 53 68 0.9988782 
613 373 37 53 0.9987263 
897 98 60 85 0.9984611 
719 156 36 58 0.9983442 
360 223 30 42 0.99735487 
53 86 39 82 0.9946737 
264 199 54 71 0.9923608 
864 210 50 65 0.97737044 
0 131 52 138 0.9683053 
84 192 45 58 0.96492994 
286 191 37 63 0.868777 
135 180 34 48 0.8295424 
123 807 167 223 0.6621156 
250 809 151 195 0.60926867 
997 71 27 103 0.5927879 
398 263 11 15 0.35390288 
723 210 25 42 0.32454377 
