20_Family_Group_Family_Group_20_62
24
762 186 35 45 0.9998652 
241 127 32 43 0.9998024 
559 310 35 40 0.99978715 
717 141 33 42 0.9996598 
448 168 34 44 0.99961984 
866 203 39 52 0.99957937 
336 131 32 43 0.99956983 
628 170 34 43 0.99955803 
241 217 38 50 0.9995449 
416 139 32 44 0.9994925 
645 307 32 39 0.99948454 
308 176 34 45 0.9994824 
538 167 32 45 0.9994566 
630 386 30 36 0.99934965 
107 103 39 49 0.99934727 
443 245 36 45 0.99928856 
623 127 30 44 0.9988482 
840 152 30 43 0.99863523 
366 206 28 33 0.9985417 
190 163 38 50 0.99837106 
515 133 31 41 0.99812084 
725 235 27 35 0.99747723 
164 297 35 24 0.9644448 
74 509 34 21 0.33529294 
