55_Sports_Coach_Trainer_sportcoaching_55_789
23
148 214 44 73 0.999762 
65 237 43 64 0.99974567 
328 127 33 57 0.99967945 
732 332 39 59 0.9996619 
367 284 37 60 0.99960095 
543 256 39 56 0.9995894 
465 158 37 59 0.99955267 
454 244 40 65 0.9994894 
271 225 43 66 0.9994572 
673 197 37 61 0.9994343 
928 326 43 61 0.999393 
590 215 37 59 0.9993667 
89 170 38 53 0.99932635 
631 279 42 55 0.99876094 
921 156 43 66 0.99868196 
822 317 38 58 0.9985392 
615 115 34 61 0.9984876 
391 221 39 63 0.9981755 
232 184 39 67 0.9981036 
763 165 38 65 0.99793833 
425 122 32 60 0.9962872 
201 146 33 39 0.99558276 
52 126 36 55 0.9885477 
