55_Sports_Coach_Trainer_sportcoaching_55_122
34
59 372 34 43 0.99962425 
965 220 37 39 0.99958843 
872 394 35 46 0.99937147 
726 375 35 45 0.99907315 
19 251 30 38 0.9978796 
35 171 30 35 0.9967043 
345 287 28 37 0.99630594 
26 218 27 34 0.995387 
102 278 29 39 0.9934105 
458 310 25 32 0.9903882 
182 280 26 36 0.98764604 
866 303 27 37 0.9867942 
812 272 30 38 0.9806613 
565 302 26 33 0.9803705 
260 271 25 33 0.9732685 
527 291 26 32 0.963122 
738 276 25 33 0.9609 
122 271 24 30 0.93795764 
632 267 23 34 0.9371486 
774 273 25 32 0.89276785 
695 281 22 35 0.8740058 
387 269 18 26 0.80624634 
668 299 24 34 0.7946376 
361 246 20 30 0.78810257 
743 242 21 27 0.70205414 
522 260 24 31 0.7013956 
465 234 20 26 0.5620331 
605 259 18 28 0.47482637 
288 270 15 19 0.39148495 
247 260 18 23 0.375812 
169 269 23 27 0.33824772 
88 214 31 28 0.31775418 
876 233 24 34 0.3072073 
501 227 19 26 0.30648035 
