56_Voter_peoplevoting_56_122
32
80 66 39 45 0.99530137 
935 76 35 57 0.99506515 
836 54 37 54 0.99129057 
558 78 33 52 0.9888314 
439 36 27 38 0.9874719 
420 134 27 36 0.9840724 
402 7 27 33 0.9832813 
689 47 37 60 0.98199224 
903 33 32 46 0.9763071 
606 16 34 40 0.97047573 
484 16 32 40 0.9561838 
150 57 34 45 0.9080628 
529 14 31 32 0.9041181 
619 57 28 40 0.8870428 
346 26 27 32 0.8449727 
208 28 25 34 0.82610196 
459 0 22 22 0.82249635 
706 3 32 41 0.78704727 
795 4 34 42 0.7213338 
156 24 26 30 0.5751598 
1 425 163 164 0.5401381 
962 12 34 43 0.5276849 
666 0 32 36 0.45532575 
313 100 43 59 0.42931467 
89 403 98 162 0.4230466 
689 362 79 66 0.4107372 
908 191 56 47 0.3901821 
72 25 27 32 0.36325195 
299 17 22 29 0.3425615 
27 19 24 36 0.33371997 
296 8 24 31 0.31470445 
769 22 34 54 0.30011615 
