56_Voter_peoplevoting_56_874
21
969 246 51 76 0.9989988 
776 298 47 59 0.984192 
137 349 27 33 0.9832565 
593 328 33 38 0.9714096 
679 440 80 146 0.9596382 
664 251 28 32 0.9319829 
246 392 34 46 0.922423 
89 338 25 28 0.88491935 
511 275 21 25 0.8596543 
155 390 22 37 0.83003765 
965 224 35 48 0.79921675 
566 296 27 29 0.7606818 
36 334 21 27 0.75192386 
534 310 19 26 0.6571186 
484 368 57 65 0.6497035 
380 343 30 48 0.6474203 
447 369 80 96 0.6085773 
455 288 18 23 0.5290931 
977 414 45 100 0.49168056 
386 338 35 60 0.45436665 
13 298 18 20 0.30467048 
