9_Press_Conference_Press_Conference_9_31
29
443 207 15 20 0.99444926 
588 211 14 18 0.96906495 
46 284 15 18 0.93207407 
798 443 12 28 0.9069377 
81 485 20 34 0.867617 
878 391 21 27 0.8638294 
120 371 16 23 0.8605468 
958 433 18 28 0.8602043 
194 373 17 28 0.83181846 
340 385 19 26 0.8293263 
311 433 20 20 0.80636317 
264 375 23 29 0.77529097 
57 415 32 35 0.683142 
663 386 22 26 0.5955802 
17 310 16 16 0.5700959 
929 362 12 19 0.56010854 
920 230 15 17 0.49632603 
874 515 22 35 0.43747702 
414 382 17 20 0.43535855 
0 571 36 70 0.40252164 
858 428 24 29 0.36394593 
745 383 18 26 0.34722307 
957 220 13 17 0.34125692 
186 378 23 26 0.33567542 
77 432 18 28 0.32583347 
164 427 17 30 0.32201818 
83 337 16 18 0.32161734 
75 376 21 27 0.31541392 
679 532 17 34 0.30791706 
