58_Hockey_icehockey_puck_58_680
95
564 244 33 39 0.9995351 
839 206 35 44 0.9993698 
774 341 37 45 0.99935764 
563 329 35 44 0.9993051 
435 227 33 40 0.99925226 
368 320 37 45 0.9990427 
891 365 38 46 0.9987495 
669 353 35 42 0.9987471 
332 241 33 40 0.99860793 
472 326 34 39 0.998156 
693 238 33 42 0.99790394 
256 342 36 46 0.99760324 
750 213 36 44 0.9975585 
549 193 32 34 0.99725926 
622 251 34 41 0.9969073 
223 198 38 37 0.99540836 
1001 45 14 17 0.9949551 
288 329 29 42 0.99490273 
301 139 14 15 0.9803955 
833 40 12 16 0.97682196 
948 225 28 30 0.97504586 
741 119 12 17 0.9709193 
256 174 30 38 0.96307385 
545 148 13 16 0.9527455 
485 154 13 14 0.94083774 
982 26 13 15 0.94082654 
770 21 12 15 0.94026846 
702 151 14 18 0.93628424 
688 189 15 18 0.93454725 
928 79 13 16 0.919925 
790 125 13 17 0.91048265 
246 134 13 17 0.9093397 
626 58 13 15 0.9050343 
92 162 37 47 0.9040972 
378 131 13 17 0.9014044 
644 143 14 17 0.88909906 
513 113 14 16 0.88015026 
703 121 13 16 0.87442416 
639 191 15 16 0.8737013 
115 80 12 14 0.8732121 
791 51 10 14 0.8717101 
370 104 13 16 0.8655443 
889 135 13 17 0.84348446 
17 35 20 22 0.8425586 
580 95 12 15 0.84192294 
451 17 11 15 0.8414947 
580 132 13 16 0.8272107 
985 174 13 16 0.82682115 
804 151 14 19 0.8195093 
954 127 12 16 0.81656283 
734 191 14 20 0.7930315 
837 27 11 13 0.7902144 
337 143 11 16 0.7840638 
467 113 12 16 0.77154136 
836 128 13 16 0.7514456 
672 4 11 14 0.7468146 
469 64 13 15 0.72441435 
271 133 11 14 0.720793 
938 166 12 15 0.7051271 
625 139 11 15 0.700976 
425 113 11 13 0.7003673 
434 133 12 15 0.69711787 
229 82 13 16 0.69701153 
731 65 12 14 0.68979394 
925 8 11 14 0.6859971 
518 0 12 13 0.6843767 
503 23 11 13 0.6805939 
307 19 11 14 0.66619694 
703 26 11 13 0.66548496 
217 128 12 14 0.65375674 
94 40 10 14 0.64606833 
973 139 14 17 0.64300287 
674 61 12 15 0.63649964 
870 154 13 18 0.621651 
363 26 10 13 0.62029344 
342 31 11 14 0.6186069 
626 0 11 10 0.59571296 
581 3 12 13 0.58659405 
539 113 13 14 0.5832035 
418 36 12 14 0.5642452 
919 23 11 13 0.55456084 
599 0 10 9 0.5349222 
855 0 14 10 0.511373 
402 78 11 12 0.49461532 
301 80 12 15 0.49226213 
395 22 10 12 0.48262635 
175 53 11 13 0.47102353 
394 0 13 11 0.45876592 
108 43 11 16 0.36974105 
738 139 12 17 0.3542029 
526 47 11 12 0.33873552 
588 40 9 12 0.32283828 
950 61 12 13 0.31662703 
735 0 10 11 0.31316844 
561 27 11 13 0.30354822 
