58_Hockey_icehockey_puck_58_835
25
598 245 31 38 0.9998739 
246 242 32 44 0.999861 
677 248 30 41 0.9997683 
444 237 32 42 0.99975985 
852 405 36 51 0.99969053 
54 304 35 53 0.9995826 
440 409 37 53 0.99956244 
702 404 37 43 0.9995302 
354 238 33 45 0.9994918 
769 255 30 42 0.99946517 
163 400 36 44 0.9994505 
311 410 35 45 0.9993956 
515 241 30 38 0.999329 
147 241 33 44 0.9993266 
356 177 30 38 0.9992632 
561 401 36 51 0.99916923 
217 179 28 39 0.99877614 
552 184 28 34 0.9987538 
627 196 26 33 0.99838996 
450 178 27 36 0.9983589 
877 304 29 41 0.99812835 
693 199 27 36 0.99727863 
290 174 28 41 0.9970626 
762 212 27 38 0.9904203 
928 607 68 112 0.41669142 
