58_Hockey_icehockey_puck_58_245
23
811 53 30 38 0.99981266 
612 195 30 39 0.999811 
281 77 29 39 0.99979395 
473 116 30 37 0.9997702 
409 80 31 43 0.9997682 
612 72 27 36 0.999767 
199 227 33 39 0.99974555 
840 199 27 37 0.99974364 
382 104 27 37 0.9997087 
99 189 33 37 0.9996088 
154 75 29 35 0.9995957 
105 96 29 37 0.99954754 
677 54 31 39 0.999529 
527 99 30 41 0.9995128 
254 205 29 39 0.99944896 
353 206 29 38 0.9993998 
680 290 28 41 0.999348 
199 120 28 36 0.99921095 
733 62 28 41 0.99920315 
438 196 30 39 0.9991731 
884 44 28 38 0.9990777 
612 363 29 42 0.99880314 
901 170 30 39 0.9984285 
