38_Tennis_Tennis_38_535
43
863 325 20 26 0.9991264 
433 448 22 28 0.9990447 
505 473 24 30 0.9990361 
467 265 19 25 0.9988464 
656 463 21 26 0.9987319 
763 428 20 27 0.99864215 
479 317 20 26 0.99842346 
778 307 21 28 0.9982595 
461 422 22 30 0.99773896 
515 423 22 28 0.9977042 
715 318 20 26 0.99768 
370 407 21 25 0.9975836 
206 433 21 25 0.99754554 
45 451 23 25 0.99754035 
193 341 19 23 0.9974051 
323 383 21 26 0.997246 
241 286 20 26 0.9971271 
134 456 21 26 0.9966607 
140 415 21 23 0.99560106 
435 416 20 23 0.99536514 
147 307 20 25 0.99530196 
171 275 21 28 0.9952453 
896 490 23 26 0.99384636 
397 323 20 22 0.9937926 
580 305 20 30 0.9925971 
595 424 20 25 0.99211407 
709 419 19 26 0.9920312 
509 316 21 26 0.99197984 
377 452 21 28 0.9896207 
292 291 18 23 0.9886221 
358 313 18 25 0.9862629 
364 515 23 27 0.9850915 
647 423 20 25 0.98439807 
643 315 18 20 0.98410517 
232 318 20 24 0.9834511 
817 470 23 29 0.97920394 
550 468 21 26 0.9777689 
420 316 19 27 0.9512919 
289 462 20 27 0.94043714 
330 446 20 30 0.7897061 
255 315 16 25 0.61871904 
209 302 14 19 0.37053978 
249 423 19 23 0.3009891 
