8_Election_Campain_Election_Campaign_8_76
23
344 295 35 46 0.99988735 
444 227 34 41 0.9997739 
513 246 37 48 0.9997522 
21 289 41 52 0.9996865 
712 309 31 40 0.99967 
780 285 34 45 0.99963415 
842 271 41 50 0.99960333 
613 270 34 44 0.9995449 
151 303 39 43 0.99945253 
710 229 28 36 0.9993742 
254 284 40 45 0.9992803 
684 289 31 42 0.99925977 
69 305 39 50 0.99914384 
642 229 32 42 0.99892765 
356 230 31 35 0.99845314 
555 256 29 39 0.9979234 
413 280 33 41 0.99734443 
300 220 26 37 0.99254864 
581 245 23 34 0.95106024 
272 268 26 33 0.94387966 
193 303 29 42 0.92925674 
392 236 24 32 0.8676721 
607 218 24 33 0.6437025 
