8_Election_Campain_Election_Campaign_8_118
38
712 374 109 132 0.9999207 
292 166 52 68 0.9998337 
210 187 47 55 0.99956363 
405 200 69 94 0.99948764 
530 167 38 48 0.999451 
649 200 36 44 0.9992248 
361 173 42 60 0.997999 
889 331 60 73 0.99758637 
993 238 31 40 0.9966344 
140 188 48 65 0.9962715 
175 212 36 49 0.9961124 
699 242 72 105 0.99517906 
535 288 60 103 0.9944402 
213 280 33 50 0.9801097 
49 189 23 54 0.9754682 
958 272 43 47 0.96884537 
892 231 19 27 0.9202906 
1 560 26 30 0.91317725 
721 196 24 27 0.8800265 
879 229 30 47 0.8692705 
929 482 95 175 0.69050974 
959 225 18 19 0.64189976 
586 164 10 14 0.5473197 
953 223 13 17 0.54145956 
0 537 24 45 0.53057605 
272 631 28 35 0.47931212 
979 201 11 15 0.4717601 
982 203 11 14 0.46366796 
915 255 19 29 0.4476838 
24 0 94 63 0.44492882 
809 214 23 27 0.40463474 
711 187 11 15 0.39068282 
886 244 22 35 0.36929864 
770 186 12 15 0.35765564 
903 199 10 11 0.34835327 
397 190 31 72 0.33377728 
56 240 20 30 0.32354718 
901 198 8 11 0.30568996 
