8_Election_Campain_Election_Campaign_8_174
98
739 483 62 67 0.9997081 
585 459 40 44 0.9996935 
70 471 42 52 0.9996828 
950 465 42 50 0.999658 
171 522 69 79 0.99959546 
8 481 43 55 0.9995814 
900 507 57 69 0.9995597 
818 574 86 109 0.99942917 
581 414 28 31 0.9993844 
129 413 36 44 0.999368 
453 447 41 47 0.99925417 
267 453 30 38 0.9992466 
622 504 41 50 0.9991991 
502 346 31 36 0.99891305 
170 456 33 39 0.998779 
930 421 31 38 0.9987392 
387 535 75 87 0.9986563 
162 603 95 80 0.99859875 
744 444 29 32 0.998558 
91 394 22 27 0.99852246 
208 434 30 39 0.9984274 
420 427 28 33 0.99796695 
201 480 33 41 0.9968984 
670 597 58 66 0.9963756 
167 423 28 35 0.9963122 
655 421 23 29 0.9960341 
824 438 30 42 0.99576133 
878 460 38 49 0.99461126 
310 439 30 35 0.9944137 
936 338 19 21 0.99431485 
771 381 19 22 0.9942002 
980 406 22 28 0.9938478 
612 417 19 27 0.99340445 
297 488 45 49 0.9925097 
35 385 23 29 0.99151576 
258 420 27 30 0.989933 
850 386 17 23 0.9868162 
655 396 24 27 0.9822856 
760 413 24 27 0.9807278 
318 471 38 53 0.97871304 
434 446 30 39 0.9774136 
305 414 29 30 0.9730392 
953 419 25 35 0.96596557 
433 382 17 21 0.9644016 
930 399 25 26 0.9614046 
693 398 18 23 0.9602121 
796 398 19 23 0.95965576 
49 443 37 43 0.958727 
726 395 20 24 0.9562711 
53 408 20 23 0.95434767 
494 380 15 18 0.9482522 
213 401 24 29 0.94177043 
805 413 20 24 0.9316059 
644 382 15 17 0.9277724 
989 334 13 14 0.9253276 
431 504 41 56 0.9132716 
172 373 14 17 0.90668875 
578 377 14 17 0.8908622 
889 393 14 21 0.88935214 
1010 363 13 17 0.8832617 
756 373 14 20 0.88186103 
50 426 22 27 0.87301415 
289 422 23 32 0.8568342 
544 373 15 17 0.83563966 
667 455 25 40 0.82852715 
675 383 15 18 0.8226353 
598 381 13 16 0.81860596 
626 381 13 16 0.8113467 
854 306 10 13 0.8075455 
672 8 102 142 0.7945287 
89 450 21 27 0.7939086 
344 392 15 20 0.77126056 
128 375 13 17 0.7451496 
116 341 13 15 0.7340904 
639 339 10 15 0.7087585 
334 379 12 15 0.68778294 
145 388 20 27 0.67471963 
185 366 11 14 0.66441756 
474 370 12 17 0.64206433 
614 360 11 14 0.5978971 
446 617 80 66 0.58794147 
999 437 25 40 0.56892055 
129 396 25 28 0.52721393 
798 374 15 15 0.52441466 
557 357 12 15 0.44755343 
478 359 12 14 0.39426664 
442 414 21 23 0.3900667 
247 418 20 29 0.38033837 
790 465 26 30 0.37434816 
437 511 50 60 0.37399852 
371 377 20 22 0.37286696 
894 339 11 12 0.36046523 
785 460 22 30 0.35125482 
719 431 21 31 0.345858 
738 371 12 15 0.34066308 
482 602 76 81 0.32285073 
867 369 11 14 0.3213139 
298 376 11 13 0.3125569 
