12_Group_Team_Organized_Group_12_Group_Team_Organized_Group_12_617
21
197 191 46 62 0.999318 
907 192 46 49 0.9989889 
563 157 37 50 0.9989059 
67 202 24 28 0.9972013 
806 161 18 24 0.99354446 
653 156 16 21 0.9930795 
757 166 18 24 0.9919863 
276 177 15 18 0.98449415 
358 225 21 30 0.98278147 
848 130 19 28 0.98092127 
968 175 16 22 0.92709255 
295 168 13 17 0.9116014 
258 222 19 25 0.90484345 
348 175 14 17 0.80047995 
138 202 22 33 0.7247523 
982 158 13 17 0.6565476 
742 158 11 21 0.5753524 
714 152 12 20 0.5372537 
635 166 9 12 0.46769053 
693 175 8 13 0.4241821 
385 161 11 14 0.41072148 
