12_Group_Large_Group_12_Group_Large_Group_12_120
63
612 451 12 14 0.7414719 
690 455 12 14 0.71857643 
578 450 12 16 0.70522636 
336 453 13 14 0.69994134 
146 458 13 16 0.6941865 
830 451 12 15 0.66741955 
57 423 12 13 0.63654137 
720 448 12 15 0.5919397 
512 453 11 15 0.5746603 
886 451 12 14 0.55867904 
42 399 12 13 0.55563927 
853 453 12 15 0.5441865 
958 424 12 15 0.54154664 
546 454 12 14 0.5320144 
225 456 12 15 0.5250701 
85 425 13 14 0.50962555 
185 459 12 14 0.502211 
197 395 12 14 0.50198865 
623 385 13 15 0.49781522 
795 449 12 14 0.48070288 
28 391 12 13 0.4699299 
901 348 13 15 0.4697019 
113 421 12 14 0.46914145 
38 328 12 14 0.4539228 
81 394 11 13 0.45226994 
926 387 13 15 0.44879565 
916 273 10 11 0.44475886 
291 448 11 15 0.43590724 
257 451 14 19 0.42632133 
477 456 12 14 0.4196703 
278 420 13 15 0.4192188 
364 449 15 16 0.41704255 
425 389 13 14 0.40619987 
60 270 12 13 0.4041716 
470 392 12 15 0.39941317 
762 456 12 13 0.3984537 
168 423 13 14 0.39737782 
509 413 12 13 0.38972682 
121 397 12 14 0.38426432 
901 394 11 11 0.38061866 
78 453 12 13 0.378033 
362 419 13 14 0.36593506 
312 398 13 15 0.36524662 
250 419 11 14 0.36491793 
93 362 12 13 0.36260518 
347 392 12 16 0.357754 
363 423 14 14 0.35547882 
943 350 10 13 0.35174772 
27 366 10 12 0.34832913 
370 352 12 16 0.34061152 
654 454 11 14 0.34016162 
406 453 11 12 0.33980858 
423 417 11 14 0.3373405 
583 392 11 15 0.33726937 
442 447 12 14 0.3372182 
865 388 10 14 0.3339946 
669 422 12 15 0.32669085 
715 417 12 15 0.32259846 
221 357 11 12 0.3205582 
926 423 12 13 0.3138159 
369 387 12 15 0.3106636 
563 381 12 14 0.30829725 
113 358 11 13 0.30717248 
