12_Group_Large_Group_12_Group_Large_Group_12_286
20
802 232 66 95 0.9997726 
88 157 43 66 0.9991798 
493 240 28 38 0.9973531 
0 195 30 37 0.99650574 
286 155 41 58 0.995488 
1003 262 21 27 0.9934164 
419 260 40 77 0.9808688 
597 246 21 27 0.9610031 
971 254 17 21 0.9444209 
746 233 47 74 0.9408731 
262 228 35 50 0.8923845 
724 247 17 23 0.86103696 
573 255 11 16 0.8465073 
918 261 12 17 0.7864835 
403 216 22 23 0.569882 
128 208 32 36 0.52015805 
487 217 20 26 0.44212422 
126 535 21 35 0.38618246 
901 256 13 19 0.38274148 
158 208 21 24 0.34300232 
