12_Group_Large_Group_12_Group_Large_Group_12_107
23
298 325 35 42 0.9998282 
470 377 34 43 0.99977916 
433 240 34 40 0.9997756 
758 199 31 43 0.99975055 
645 214 30 39 0.99973124 
837 191 38 46 0.99968576 
718 371 39 48 0.9996742 
387 316 34 45 0.99965966 
78 209 45 58 0.9996536 
233 178 34 42 0.9996382 
551 192 27 39 0.9996013 
546 296 33 44 0.99959403 
637 313 33 43 0.9995746 
410 205 30 35 0.99951017 
701 193 30 41 0.99948287 
466 202 30 35 0.9994692 
188 379 42 52 0.9993855 
590 206 33 42 0.9993073 
510 205 34 41 0.9992393 
302 203 32 39 0.99919635 
346 215 30 38 0.9991949 
163 203 34 44 0.99910957 
617 180 29 34 0.9930727 
