12_Group_Team_Organized_Group_12_Group_Team_Organized_Group_12_583
19
921 249 37 43 0.9986877 
825 223 34 35 0.9981248 
810 290 64 77 0.99750745 
526 281 38 47 0.9969047 
572 221 22 31 0.995047 
144 44 32 33 0.99450123 
991 154 28 32 0.9923975 
393 177 21 24 0.98017657 
258 65 21 19 0.96602637 
435 213 23 31 0.9630493 
253 228 51 53 0.96160704 
829 171 25 35 0.91784465 
363 75 20 23 0.89216214 
668 191 24 32 0.82333714 
459 233 29 35 0.6124196 
544 224 28 32 0.53608775 
700 141 25 32 0.42525503 
576 101 69 75 0.3306886 
482 63 22 24 0.3011641 
