12_Group_Group_12_Group_Group_12_179
20
787 255 51 67 0.9997645 
895 247 56 68 0.9997178 
88 221 59 66 0.99969816 
227 234 53 67 0.999684 
357 230 44 63 0.99967957 
635 245 55 68 0.9996792 
493 202 56 71 0.9996233 
270 159 38 49 0.99947554 
310 196 45 61 0.9993771 
141 205 49 52 0.9992162 
448 141 46 60 0.99917334 
722 198 51 60 0.99893874 
981 248 10 12 0.8352561 
1001 329 8 12 0.7910467 
979 287 9 12 0.7068072 
1016 335 8 11 0.6447178 
977 326 10 11 0.62512505 
1001 286 9 12 0.59945786 
1003 247 10 12 0.592004 
456 417 30 36 0.33719382 
