12_Group_Large_Group_12_Group_Large_Group_12_43
21
616 232 27 35 0.9998605 
779 292 31 37 0.999841 
565 270 38 45 0.9997614 
341 216 29 36 0.99975926 
704 268 33 40 0.99974865 
223 231 41 49 0.9997274 
452 223 27 35 0.99967396 
101 237 44 46 0.9996189 
815 251 31 32 0.99958247 
648 272 32 42 0.9995759 
385 281 33 40 0.9995691 
475 269 31 38 0.9995499 
547 208 19 23 0.9994282 
488 205 21 27 0.9994081 
545 247 26 34 0.9992393 
185 209 36 38 0.99918014 
684 214 23 31 0.99916816 
897 283 40 40 0.99908113 
742 251 30 34 0.99908054 
404 203 21 25 0.9981273 
638 220 20 24 0.99462646 
