12_Group_Group_12_Group_Group_12_935
100
943 422 22 30 0.9812391 
252 631 19 24 0.98045015 
1005 462 19 30 0.9769693 
753 665 20 27 0.9736052 
626 664 21 27 0.9702786 
831 384 19 25 0.9652815 
894 635 21 26 0.96201926 
174 666 20 25 0.95709705 
941 375 20 26 0.9568303 
905 559 19 27 0.9540318 
463 562 19 26 0.9538301 
53 676 20 25 0.95377356 
817 430 20 25 0.95312464 
974 525 21 25 0.9516191 
888 664 21 26 0.95092267 
1000 676 19 25 0.95052385 
742 0 18 18 0.9490779 
808 664 20 25 0.94880116 
821 92 19 26 0.9484594 
203 603 20 25 0.94730616 
263 413 20 25 0.94713116 
0 636 18 25 0.9441078 
280 563 18 23 0.9435049 
464 530 21 26 0.9419531 
40 393 19 25 0.9400079 
68 319 21 25 0.93982625 
891 319 20 24 0.9384765 
608 93 16 19 0.9377889 
687 218 19 25 0.93757474 
113 673 18 23 0.93731904 
847 221 19 23 0.93531245 
553 669 19 22 0.9348696 
725 510 20 26 0.93314564 
718 350 18 23 0.9324049 
178 315 18 26 0.93213373 
949 613 20 24 0.9313459 
149 390 19 22 0.9295383 
743 259 18 23 0.92905927 
960 351 20 23 0.9289532 
702 390 18 24 0.9281705 
241 664 18 25 0.9274776 
562 423 18 23 0.924903 
805 0 18 19 0.92450625 
989 195 18 21 0.92387027 
375 655 23 30 0.92375875 
405 560 20 26 0.9226119 
21 605 20 25 0.92228997 
685 671 18 23 0.9221702 
762 421 20 26 0.92027193 
356 279 18 23 0.92014486 
0 47 17 25 0.91930616 
937 468 21 27 0.91906375 
37 353 20 23 0.91846174 
650 562 20 26 0.9179016 
880 117 20 24 0.9177781 
143 600 20 25 0.91293865 
613 287 18 22 0.91143304 
977 493 20 24 0.9113242 
903 61 18 24 0.9098303 
205 289 17 22 0.9095309 
870 462 19 25 0.9088487 
134 279 19 25 0.90869796 
113 534 18 24 0.90810716 
771 605 18 23 0.907249 
951 319 20 24 0.907211 
469 159 20 26 0.90615535 
854 23 18 23 0.9056941 
945 112 18 24 0.9054586 
719 559 19 25 0.90279394 
945 688 19 18 0.9020016 
773 323 17 21 0.9017779 
596 349 20 24 0.901587 
630 640 21 28 0.90048367 
760 379 20 26 0.90021527 
341 560 18 26 0.89880043 
52 192 18 23 0.8987287 
97 356 19 24 0.89738053 
543 490 20 24 0.8969609 
654 312 19 24 0.8964299 
411 523 18 24 0.8962989 
243 452 19 24 0.8944906 
782 563 20 24 0.89412105 
485 115 18 21 0.893841 
689 188 19 23 0.89322734 
342 383 20 25 0.8928309 
532 527 19 24 0.8926089 
834 317 18 23 0.89091283 
364 0 17 24 0.89036655 
913 530 18 25 0.8902381 
156 351 19 26 0.89003146 
614 458 20 26 0.88844943 
277 600 17 22 0.88787055 
328 59 18 24 0.8829712 
765 641 19 23 0.882821 
961 566 20 24 0.88256544 
363 118 19 25 0.8820928 
772 127 18 24 0.8798707 
846 529 20 27 0.87875026 
980 150 17 25 0.87871677 
56 34 18 20 0.8784151 
