12_Group_Large_Group_12_Group_Large_Group_12_315
83
809 386 36 47 0.9995648 
752 266 33 39 0.9990484 
119 345 22 25 0.99895597 
495 380 32 35 0.9984737 
186 341 21 24 0.9984315 
182 408 25 30 0.9981318 
258 409 23 32 0.99812514 
693 412 35 39 0.99812406 
647 305 30 36 0.9976615 
156 341 22 25 0.99742436 
579 405 33 46 0.99732876 
228 334 21 25 0.9972982 
601 303 25 30 0.99721587 
536 331 22 28 0.99689984 
681 274 28 34 0.9966665 
368 359 25 30 0.9964953 
792 257 28 37 0.9953264 
293 359 20 24 0.9940673 
334 381 23 27 0.9937583 
191 316 21 22 0.9935408 
926 410 21 22 0.9919757 
117 423 26 33 0.99132407 
864 412 20 24 0.9911144 
429 347 21 24 0.9909005 
883 420 21 23 0.9885168 
312 279 15 18 0.987722 
954 386 17 18 0.9852203 
265 338 18 24 0.98417944 
209 339 19 23 0.9833277 
386 289 17 19 0.98136353 
882 393 20 25 0.98053336 
480 330 20 27 0.9791418 
504 314 20 27 0.97853583 
321 351 18 20 0.9743124 
949 451 23 24 0.97253674 
371 318 18 25 0.9687367 
499 271 17 19 0.9630563 
320 323 17 19 0.96275085 
288 315 15 19 0.9600309 
898 351 16 20 0.95694125 
406 297 16 18 0.9489994 
448 329 18 24 0.94836843 
355 279 15 19 0.93567353 
453 282 15 17 0.9293845 
414 266 14 17 0.9283391 
536 254 15 18 0.91214293 
349 310 16 18 0.909981 
555 236 14 17 0.90776044 
389 315 16 22 0.9035876 
382 269 14 17 0.8762394 
397 258 13 16 0.86048 
489 304 17 21 0.8545804 
476 262 15 18 0.8492543 
429 316 16 17 0.8324841 
477 243 13 14 0.79642487 
497 242 13 15 0.77837634 
436 225 13 15 0.7769494 
132 328 20 22 0.7651007 
420 240 14 15 0.7290268 
481 220 13 15 0.64179474 
456 214 11 15 0.6361983 
571 238 12 17 0.6340354 
520 208 10 14 0.6319478 
456 233 12 15 0.5908872 
527 234 12 14 0.5888809 
535 209 10 13 0.5438294 
546 213 10 13 0.53545594 
446 261 12 15 0.52834576 
658 183 11 15 0.45541686 
506 229 12 15 0.4546383 
613 218 12 15 0.45119134 
581 219 12 15 0.4498042 
498 214 11 14 0.40583438 
838 60 10 12 0.3873143 
608 203 10 12 0.37906793 
695 142 10 12 0.3777298 
596 215 10 13 0.36238024 
611 183 9 12 0.35856363 
680 148 8 11 0.35368168 
216 544 86 68 0.33977914 
555 212 10 13 0.33201116 
723 136 9 12 0.33124775 
567 199 9 12 0.3107969 
