12_Group_Team_Organized_Group_12_Group_Team_Organized_Group_12_418
82
302 369 25 31 0.9994624 
470 375 25 34 0.99932873 
166 352 24 31 0.9983462 
658 305 20 27 0.99719405 
394 404 22 28 0.99644935 
559 368 23 27 0.99640214 
717 212 18 23 0.9947383 
134 191 17 23 0.99423593 
28 210 22 24 0.99403703 
634 362 23 29 0.99389124 
806 182 19 24 0.99130344 
147 216 20 25 0.9908867 
236 348 24 29 0.98768395 
315 283 23 27 0.9838124 
404 260 23 31 0.97415876 
188 185 17 21 0.973959 
155 172 14 18 0.9729504 
514 288 21 26 0.9657479 
206 167 16 20 0.96471477 
92 227 20 21 0.9644641 
91 185 17 21 0.9607894 
697 187 15 18 0.95770913 
256 221 19 23 0.95460546 
204 204 18 23 0.9484202 
620 169 14 19 0.94756645 
247 183 18 22 0.9375985 
407 222 16 19 0.9303755 
564 221 16 21 0.9010595 
552 185 14 18 0.8822868 
668 213 15 20 0.8700191 
102 170 18 22 0.86606485 
499 189 15 19 0.84763306 
304 204 18 24 0.8432401 
647 185 17 21 0.84017104 
309 181 15 18 0.8362642 
407 164 14 16 0.8311038 
121 139 16 19 0.82711744 
192 71 12 16 0.8227511 
620 216 16 20 0.8143145 
455 218 17 21 0.81355375 
240 75 13 17 0.8097615 
319 80 16 22 0.79924077 
361 228 15 19 0.7822442 
576 171 15 19 0.7648912 
521 176 13 17 0.75773335 
220 155 14 16 0.75381786 
268 135 14 16 0.7491416 
359 138 14 17 0.7476628 
670 166 12 16 0.7472356 
651 108 11 16 0.73766965 
513 156 14 16 0.71820354 
355 187 16 21 0.71385616 
461 138 13 16 0.69640905 
450 159 14 16 0.68798286 
325 141 13 16 0.67477334 
509 211 17 23 0.6719571 
606 96 11 16 0.6635902 
451 188 14 18 0.66358334 
646 158 12 17 0.6601358 
306 159 16 20 0.6558186 
410 75 12 15 0.65236706 
611 144 11 15 0.64272934 
270 157 14 18 0.62550366 
380 145 13 17 0.6210886 
485 156 13 16 0.6207248 
308 143 14 17 0.6168103 
578 142 11 15 0.6137109 
550 158 13 16 0.6134676 
599 193 15 19 0.58678484 
283 89 10 15 0.5819608 
403 190 15 18 0.5762608 
505 146 9 13 0.52534556 
359 175 14 15 0.5227474 
294 35 12 13 0.49270362 
340 150 13 16 0.49225268 
531 143 12 15 0.49189943 
374 78 13 16 0.48291126 
427 143 11 15 0.47826847 
266 67 11 15 0.41941857 
176 154 13 14 0.39831194 
493 167 13 16 0.39664423 
748 199 16 21 0.3770324 
