12_Group_Team_Organized_Group_12_Group_Team_Organized_Group_12_83
25
303 243 31 44 0.99955684 
729 369 161 245 0.99928963 
144 285 30 35 0.99865603 
805 223 70 74 0.9976179 
109 239 30 32 0.99706995 
402 245 30 40 0.9842017 
29 324 22 24 0.9768759 
9 262 21 25 0.9743989 
904 244 23 26 0.9723478 
39 260 23 24 0.9630202 
997 192 20 23 0.95813346 
732 226 16 18 0.9209998 
0 344 16 36 0.91885275 
960 194 16 19 0.86644644 
92 281 29 34 0.85444456 
557 269 38 30 0.85316914 
209 269 20 26 0.8484079 
125 254 21 23 0.6941797 
958 247 14 15 0.6722882 
1004 241 14 15 0.59895766 
917 206 14 15 0.57132226 
182 258 21 27 0.46049002 
995 251 12 13 0.4594662 
27 654 17 14 0.41202232 
545 266 45 45 0.41066235 
