18_Concerts_Concerts_18_151
61
996 334 22 22 0.9983234 
8 349 19 24 0.9974758 
782 144 19 24 0.99690896 
151 399 19 22 0.99418855 
897 204 19 23 0.99380636 
742 414 18 25 0.99344045 
88 286 15 17 0.9929537 
872 147 18 24 0.99186057 
475 205 17 24 0.9914693 
123 332 18 24 0.991167 
727 318 20 28 0.99116135 
560 203 18 20 0.99101335 
306 398 18 24 0.98946905 
954 149 18 21 0.9888911 
870 257 20 25 0.98800814 
852 63 17 21 0.9878346 
754 261 18 23 0.9859984 
589 143 16 22 0.9853081 
591 324 19 26 0.982748 
671 257 18 22 0.9820479 
332 262 19 24 0.98134756 
721 61 15 20 0.97974914 
400 150 16 20 0.9758016 
981 271 17 25 0.97563463 
203 90 15 20 0.97562045 
209 263 19 27 0.974719 
471 322 19 21 0.9737023 
1010 203 14 19 0.97204596 
472 262 17 17 0.97161263 
695 145 17 22 0.97014445 
582 270 18 17 0.970065 
345 82 16 17 0.9671882 
591 70 17 18 0.96530336 
785 203 16 19 0.9606611 
504 140 18 21 0.9575786 
102 105 15 20 0.9551433 
96 428 14 22 0.95435035 
464 68 17 21 0.9395498 
336 206 17 17 0.9385853 
853 329 17 22 0.9372969 
34 79 14 19 0.9346485 
889 438 12 22 0.92695624 
131 87 16 22 0.9189731 
71 99 13 15 0.9101146 
867 415 16 20 0.9011834 
106 56 13 16 0.8632578 
228 333 18 21 0.84550947 
65 76 13 16 0.8302932 
361 336 19 22 0.8101371 
987 61 14 20 0.8034621 
502 336 15 28 0.7956546 
714 438 16 24 0.76192796 
15 80 11 13 0.7062998 
6 111 13 16 0.6834544 
265 432 14 21 0.671614 
836 448 13 13 0.6068381 
18 99 13 14 0.5090657 
57 16 14 16 0.4493505 
676 212 14 17 0.39769122 
491 74 10 13 0.35157534 
490 328 17 24 0.3493 
