18_Concerts_Concerts_18_38
42
69 415 29 46 0.99936825 
758 392 30 43 0.9993155 
529 267 26 31 0.99476284 
98 391 24 35 0.9867089 
299 526 39 81 0.9831396 
807 276 20 27 0.9748617 
594 299 20 29 0.9575716 
1 592 54 98 0.9312544 
515 412 24 38 0.92131895 
891 275 21 26 0.9162076 
930 331 57 77 0.90613735 
643 185 19 29 0.8979784 
532 470 73 98 0.84871995 
560 343 26 36 0.8109982 
365 185 13 16 0.79664564 
277 189 18 23 0.7799431 
894 340 47 70 0.7791779 
366 298 12 19 0.70381516 
278 216 32 40 0.6934715 
529 214 13 18 0.6682028 
988 273 14 19 0.63992506 
729 318 13 21 0.6044347 
311 446 40 55 0.60045034 
430 194 11 14 0.55099505 
745 241 10 14 0.5194096 
736 287 12 21 0.5187993 
239 554 53 89 0.4737896 
878 237 14 16 0.47336882 
124 375 21 30 0.47335643 
457 238 11 15 0.4603674 
835 669 34 38 0.4494085 
508 211 12 15 0.4361984 
412 437 45 53 0.37783942 
148 323 22 35 0.3711239 
566 350 26 34 0.3498714 
307 208 14 17 0.34637094 
404 503 42 66 0.34113035 
732 288 11 17 0.3397683 
0 381 18 35 0.33282968 
406 495 89 136 0.32977158 
725 266 11 15 0.3224103 
568 195 10 15 0.3208557 
