37_Soccer_soccer_ball_37_583
21
666 87 41 51 0.9995977 
796 250 45 56 0.9995123 
563 102 42 51 0.99950707 
666 254 46 53 0.99939275 
405 77 44 59 0.99929774 
796 99 40 51 0.9992873 
286 287 44 55 0.9992859 
270 96 41 50 0.9991997 
184 71 43 60 0.9989793 
526 270 45 60 0.9981396 
414 262 45 58 0.9976036 
355 86 8 11 0.7420376 
379 59 7 8 0.6614358 
140 98 7 9 0.40302104 
133 87 7 8 0.400896 
465 40 7 8 0.39751798 
867 140 6 8 0.353961 
145 117 8 10 0.342219 
390 81 7 10 0.31936434 
954 95 7 10 0.3146727 
369 566 17 24 0.31188732 
