37_Soccer_soccer_ball_37_269
23
548 137 26 36 0.9993451 
688 144 26 33 0.9993278 
620 135 26 33 0.9993131 
164 254 32 37 0.99929297 
174 122 28 37 0.99924755 
741 236 27 33 0.99913126 
832 243 29 35 0.9990765 
911 130 26 33 0.99903154 
240 247 30 35 0.9990097 
327 233 29 41 0.9989139 
99 134 30 35 0.9988728 
509 240 34 38 0.998711 
335 133 27 35 0.9979588 
266 137 31 37 0.9977822 
411 266 30 43 0.9974003 
595 245 30 43 0.99735165 
406 125 25 33 0.99701905 
833 142 25 34 0.9970029 
664 227 27 39 0.9968168 
490 122 28 33 0.9966538 
769 153 24 31 0.995767 
901 232 24 32 0.9947693 
812 262 14 22 0.3045033 
