35_Basketball_playingbasketball_35_876
50
462 100 81 128 0.99948907 
67 98 76 113 0.99938023 
731 524 22 28 0.99752885 
205 528 23 27 0.9969317 
956 506 19 27 0.9966685 
859 485 18 26 0.9956735 
709 501 23 30 0.9952845 
262 529 24 29 0.99263376 
772 497 21 29 0.9894986 
981 519 19 25 0.98916 
896 460 19 25 0.9889101 
887 511 22 32 0.9871726 
799 500 24 37 0.9813363 
962 446 17 23 0.98048925 
967 345 15 20 0.97523993 
923 491 15 21 0.9722773 
929 519 18 25 0.9577189 
929 450 18 23 0.951725 
819 450 17 19 0.9511874 
884 402 17 23 0.94613236 
849 421 17 24 0.9336056 
932 416 14 19 0.9237782 
955 315 15 19 0.91224885 
88 465 19 24 0.9055609 
134 463 20 23 0.9051055 
992 432 15 20 0.8841404 
826 476 16 22 0.8476439 
996 380 13 19 0.8082955 
867 449 16 21 0.7709871 
156 480 21 27 0.740828 
997 177 12 16 0.7078454 
888 320 16 20 0.70433277 
792 491 14 20 0.6920009 
103 474 18 23 0.68598473 
865 264 12 17 0.6724279 
953 400 15 20 0.6435458 
1010 505 14 20 0.6191869 
945 215 17 26 0.5269898 
241 577 25 30 0.49432394 
282 579 25 32 0.48212203 
769 183 12 16 0.42754894 
303 576 18 28 0.42636 
816 255 13 18 0.4242481 
655 502 26 33 0.41028127 
954 149 11 17 0.38210437 
936 179 13 16 0.37881595 
908 266 14 17 0.37857258 
981 463 15 20 0.37426078 
188 542 19 26 0.32699025 
944 339 16 22 0.31348217 
