35_Basketball_basketballgame_ball_35_82
100
286 253 48 60 0.9994273 
438 193 47 59 0.99940884 
604 412 17 21 0.9987872 
651 407 17 22 0.99844474 
703 311 22 28 0.99772066 
800 407 20 27 0.9957777 
772 408 20 25 0.99283326 
648 320 14 19 0.98777455 
33 374 14 19 0.97413766 
112 371 14 18 0.9737375 
241 241 12 15 0.9426114 
259 143 12 14 0.93854845 
209 294 12 16 0.9362634 
514 188 12 15 0.9338298 
48 176 12 15 0.93039554 
142 230 13 15 0.92953044 
209 404 16 15 0.92761654 
138 266 14 18 0.9272879 
342 223 12 13 0.92109 
563 412 20 24 0.9186519 
172 271 12 14 0.9157198 
10 289 13 16 0.9046911 
45 95 10 13 0.8902099 
610 218 11 13 0.88136405 
154 108 11 13 0.87367535 
124 106 11 12 0.86225927 
30 208 11 14 0.8603045 
252 169 13 15 0.8574898 
619 400 10 14 0.85680056 
570 173 11 15 0.84994096 
401 154 13 15 0.8496888 
100 33 13 13 0.8470849 
193 120 12 15 0.8423474 
78 207 11 14 0.8405887 
86 94 11 14 0.84031945 
633 378 13 16 0.83531463 
198 50 11 14 0.8348167 
47 222 13 14 0.8266882 
556 184 12 16 0.8125735 
756 275 13 17 0.7979598 
114 212 12 17 0.7973431 
185 250 12 12 0.78767085 
437 136 11 14 0.7829582 
706 256 12 14 0.7788984 
439 155 11 13 0.7785568 
87 180 12 12 0.77263314 
153 203 13 15 0.7725578 
36 327 13 13 0.7703893 
41 160 11 14 0.7561234 
65 109 11 13 0.7545869 
31 117 10 14 0.7538434 
685 231 13 14 0.75174075 
654 251 12 14 0.74802816 
106 299 12 18 0.7398494 
683 194 11 14 0.7362597 
52 368 14 17 0.7333431 
994 0 30 69 0.71745014 
11 191 12 16 0.713545 
115 165 11 13 0.7120896 
247 190 11 13 0.6996919 
193 160 12 13 0.6834842 
196 187 12 13 0.6684738 
412 195 10 11 0.6572303 
294 197 11 14 0.6554128 
397 210 12 16 0.64319533 
28 23 11 11 0.63298714 
393 137 10 12 0.62498856 
252 228 10 14 0.6229371 
267 7 9 12 0.61326545 
238 84 11 12 0.6003257 
175 229 10 13 0.59860456 
131 72 10 15 0.5921102 
51 72 11 13 0.5848104 
397 103 11 13 0.58256227 
594 230 11 15 0.5819721 
741 326 14 18 0.56674594 
657 386 12 14 0.56080294 
572 123 9 12 0.56065094 
154 305 12 16 0.5505895 
166 102 12 14 0.538482 
498 96 10 13 0.5336477 
108 123 11 15 0.5249339 
783 29 10 14 0.52101344 
648 216 12 13 0.52057797 
14 61 12 15 0.5088491 
801 95 12 15 0.50763243 
743 150 19 27 0.5072543 
743 271 11 14 0.4866584 
467 116 10 13 0.47502038 
102 229 11 12 0.4738228 
168 508 51 61 0.47192708 
689 219 12 15 0.46478686 
43 261 11 14 0.4617736 
5 81 12 13 0.45785725 
200 94 14 13 0.45501903 
1 186 12 15 0.43529534 
495 119 11 13 0.4249366 
50 378 14 17 0.42257884 
56 43 12 12 0.4201824 
794 396 15 19 0.40959087 
