35_Basketball_basketballgame_ball_35_662
33
597 47 51 66 0.99967146 
66 104 41 53 0.99956495 
208 146 42 53 0.9994667 
287 134 32 38 0.9992442 
243 68 35 39 0.9991924 
480 78 51 75 0.99876404 
110 67 32 37 0.9986779 
758 0 28 34 0.99856985 
114 112 32 36 0.9985304 
686 119 48 63 0.9984409 
379 70 29 34 0.9984176 
797 125 55 65 0.9980269 
362 137 34 40 0.99673516 
428 12 25 35 0.9957926 
61 41 29 32 0.99571663 
308 96 30 38 0.9955315 
169 0 32 34 0.99404943 
710 82 31 37 0.9921359 
687 50 29 32 0.9915173 
557 33 24 31 0.97767377 
661 2 27 35 0.9769645 
229 123 33 35 0.9754106 
736 125 44 57 0.9593868 
37 116 25 29 0.95442814 
277 0 33 31 0.95302975 
803 36 35 38 0.94137305 
847 142 24 39 0.9389368 
494 0 24 18 0.9191742 
0 171 25 35 0.89927065 
0 0 22 24 0.69641465 
409 144 34 44 0.45812768 
262 0 51 40 0.45210674 
998 154 12 18 0.3787289 
