35_Basketball_basketballgame_ball_35_565
100
800 425 23 29 0.9978817 
786 470 25 35 0.99766904 
882 355 21 25 0.99663615 
518 433 15 20 0.9956773 
591 474 20 24 0.9952362 
702 387 21 27 0.99424607 
579 425 16 21 0.99254274 
780 383 21 26 0.9913374 
222 448 17 21 0.9904321 
867 431 24 30 0.98986965 
965 283 17 21 0.98835385 
798 334 18 19 0.9880155 
533 449 15 19 0.98455054 
898 291 16 22 0.9768695 
604 431 14 18 0.97503984 
137 450 14 17 0.97428244 
816 277 16 18 0.97181475 
278 459 13 20 0.96806383 
650 350 11 13 0.9615242 
569 310 11 14 0.9611922 
914 252 13 16 0.95841765 
256 457 20 23 0.9573966 
829 227 11 15 0.9549769 
867 482 20 26 0.95022327 
444 414 13 17 0.94619316 
404 416 12 12 0.94342524 
793 316 14 18 0.93126833 
542 326 10 14 0.9304032 
613 344 14 17 0.92774516 
827 384 18 27 0.9256786 
939 234 14 18 0.91401637 
976 195 14 16 0.90585405 
803 258 11 16 0.90050215 
554 435 11 17 0.8892298 
978 145 11 14 0.88881207 
870 217 12 17 0.88434625 
721 290 12 17 0.8811324 
317 423 12 14 0.87701756 
857 252 13 16 0.8733238 
205 414 10 11 0.8728897 
661 307 11 15 0.87267184 
930 392 18 21 0.86531854 
194 430 11 12 0.8598875 
875 460 23 26 0.85740054 
947 357 18 20 0.8557678 
704 353 16 18 0.8485565 
338 359 11 13 0.8363959 
195 456 12 16 0.8322879 
73 401 14 14 0.81615573 
689 309 10 13 0.80361414 
733 311 13 18 0.78644824 
778 263 12 16 0.78317225 
173 459 15 15 0.77432305 
976 266 15 19 0.77060443 
717 249 11 14 0.75557965 
705 485 20 23 0.73462075 
78 400 14 15 0.7225233 
630 268 11 14 0.72136164 
763 250 10 14 0.70772153 
848 179 9 11 0.6958537 
100 444 14 15 0.68606246 
240 397 9 11 0.68164825 
864 513 29 26 0.67610735 
470 382 12 12 0.66569227 
671 260 13 14 0.6592452 
914 161 11 16 0.64932036 
785 186 10 11 0.6408985 
418 337 11 12 0.64086676 
385 410 11 14 0.629931 
490 400 11 16 0.62599325 
675 499 39 46 0.61622006 
377 346 9 12 0.5937424 
708 312 12 15 0.56734085 
126 429 11 13 0.56644356 
348 350 9 11 0.5604248 
841 277 12 15 0.55364746 
502 426 13 15 0.53484035 
661 292 12 14 0.52898693 
362 331 9 12 0.5117929 
255 370 9 11 0.5108637 
952 243 13 16 0.50981796 
662 256 10 14 0.5047058 
787 232 10 14 0.5009624 
332 372 10 13 0.48972738 
911 234 11 15 0.48498532 
298 307 9 11 0.48315895 
158 392 9 9 0.4778518 
519 338 11 13 0.43779323 
516 357 12 13 0.4209448 
244 383 9 11 0.41351536 
111 395 10 10 0.4115856 
618 297 10 13 0.4092016 
1012 195 10 12 0.40315604 
435 305 6 7 0.39659846 
451 352 11 14 0.3860564 
578 245 10 11 0.38117495 
207 485 13 14 0.3807898 
956 245 13 16 0.35701653 
883 462 21 26 0.34981763 
566 338 11 13 0.34250933 
