35_Basketball_basketballgame_ball_35_479
20
363 573 12 17 0.7912112 
103 621 24 31 0.7728585 
83 474 9 12 0.6902536 
480 585 11 15 0.5640801 
139 529 8 15 0.5504064 
819 650 11 14 0.5488212 
254 510 9 13 0.529174 
81 518 14 14 0.5056303 
88 518 11 13 0.4989663 
337 663 10 18 0.47525075 
271 576 11 17 0.41727734 
67 458 9 12 0.39908373 
300 593 13 14 0.3961597 
482 581 10 16 0.38537285 
467 528 8 12 0.37666798 
449 609 11 16 0.36888483 
210 564 12 17 0.3482719 
132 501 12 13 0.3322453 
571 751 22 16 0.32158405 
253 514 11 13 0.3006093 
