35_Basketball_basketballgame_ball_35_80
26
260 128 46 68 0.9997428 
492 91 105 123 0.9992093 
293 12 39 48 0.9990689 
166 0 44 55 0.998632 
33 116 37 43 0.9975138 
94 183 35 50 0.9956275 
810 75 47 59 0.9955627 
66 205 48 58 0.995389 
0 239 29 51 0.9947018 
905 377 36 51 0.9923266 
383 16 39 51 0.9916917 
4 168 40 46 0.9885988 
890 65 44 61 0.98853475 
2 358 42 59 0.98413336 
161 233 41 47 0.9645312 
137 150 33 41 0.93439776 
360 105 45 44 0.7702301 
348 141 38 41 0.73038346 
86 24 47 60 0.61424565 
438 211 24 34 0.567491 
81 474 41 40 0.46091315 
345 115 54 64 0.42625093 
198 55 33 36 0.40790075 
512 2 28 38 0.32821283 
119 218 28 43 0.315053 
11 110 29 36 0.30047405 
