35_Basketball_basketballgame_ball_35_287
100
257 437 11 14 0.9822286 
685 443 10 12 0.98058575 
610 409 10 12 0.9738283 
297 428 11 15 0.97039235 
240 429 10 15 0.9656832 
803 452 10 14 0.96507436 
951 424 10 12 0.95957756 
696 415 8 10 0.95765895 
797 426 9 12 0.957456 
891 447 11 13 0.95658493 
813 420 10 13 0.9410896 
200 399 9 12 0.9382366 
275 426 10 13 0.9363285 
648 449 11 14 0.93479156 
186 440 10 12 0.93302494 
931 401 10 13 0.92659813 
424 359 11 16 0.9207833 
994 406 10 11 0.9194085 
770 388 11 13 0.91236144 
310 437 10 14 0.9059854 
58 386 10 13 0.90523654 
870 363 9 11 0.88813895 
1001 366 8 10 0.8546538 
685 385 9 10 0.8501379 
53 365 11 13 0.84732735 
1006 382 9 9 0.83973515 
793 361 8 11 0.8396872 
634 408 10 12 0.82963187 
72 390 9 12 0.8287714 
701 402 7 11 0.82785195 
433 397 7 10 0.82350117 
765 371 8 11 0.8117207 
1000 425 9 11 0.80858994 
836 361 12 16 0.8003921 
246 403 8 11 0.79923487 
685 338 7 11 0.7930348 
344 346 7 9 0.7723725 
894 390 9 11 0.7567699 
662 375 8 11 0.73553324 
725 415 8 12 0.7231096 
796 348 7 9 0.7062693 
671 402 8 10 0.6797005 
396 360 8 11 0.6725413 
386 370 7 10 0.6604463 
707 384 8 12 0.6594672 
897 378 9 11 0.64559615 
304 412 8 12 0.6391418 
0 322 8 12 0.6278277 
58 315 7 9 0.61286753 
820 404 10 13 0.6120457 
20 352 8 12 0.5982568 
784 395 8 10 0.59140015 
422 380 8 10 0.58470994 
982 402 9 9 0.56470925 
724 402 9 10 0.56179434 
586 377 10 17 0.5585255 
715 358 8 9 0.5515792 
27 329 10 13 0.55048436 
337 376 8 10 0.5435082 
930 379 9 10 0.53826505 
217 446 10 13 0.53770757 
373 392 8 10 0.5336972 
354 383 7 9 0.51158005 
68 304 6 7 0.5099257 
749 348 6 9 0.50980407 
896 325 7 8 0.50440234 
563 299 7 10 0.5004097 
67 369 9 12 0.495207 
929 369 7 8 0.4906567 
988 331 8 9 0.48575574 
970 451 12 13 0.48066044 
663 414 8 10 0.47766772 
64 323 9 12 0.46888125 
729 342 6 10 0.46248952 
760 364 7 9 0.46193346 
803 336 8 10 0.45726722 
955 383 7 8 0.45638904 
965 334 7 8 0.4527793 
573 312 7 10 0.4515927 
379 383 7 9 0.44893286 
651 403 7 10 0.43855017 
2 309 8 11 0.4347304 
434 303 6 8 0.43328393 
323 122 20 25 0.4290905 
736 386 9 12 0.4126444 
923 353 8 9 0.4106554 
949 357 7 8 0.39326164 
84 308 6 8 0.387898 
697 324 7 9 0.37110296 
4 297 7 10 0.3704187 
659 432 9 11 0.36964217 
978 382 9 11 0.36598673 
54 359 14 19 0.34648788 
30 332 9 13 0.3390918 
309 272 6 8 0.3307175 
986 326 7 7 0.32848376 
78 328 9 12 0.32609078 
611 296 6 7 0.30929685 
823 366 7 9 0.30799094 
73 323 15 21 0.30228403 
