35_Basketball_basketballgame_ball_35_375
100
994 535 12 18 0.99767846 
987 481 12 18 0.92681324 
684 235 7 11 0.8704256 
614 216 7 11 0.8448657 
502 218 6 11 0.79046214 
592 228 7 10 0.7640226 
1006 276 9 12 0.75192213 
543 207 6 10 0.71226245 
479 181 7 8 0.70791113 
458 180 7 10 0.70274323 
775 145 7 11 0.66466266 
451 212 7 12 0.66303873 
674 159 8 11 0.66164076 
558 234 7 9 0.6553059 
873 687 27 35 0.6482245 
677 116 8 11 0.6466263 
637 234 8 11 0.6362984 
611 232 8 9 0.6360179 
628 215 8 11 0.63444763 
656 221 7 11 0.6342864 
548 165 7 11 0.63427585 
569 212 6 10 0.62697065 
696 205 8 12 0.6240471 
345 183 7 11 0.61952376 
950 186 9 11 0.61680776 
774 214 9 12 0.60614306 
256 176 5 9 0.6036924 
878 118 7 10 0.5956332 
831 214 8 12 0.5914807 
318 195 7 10 0.586396 
221 183 6 10 0.5854598 
998 55 10 12 0.5841327 
972 184 8 12 0.58255005 
681 135 7 10 0.58222073 
605 192 6 10 0.5781594 
809 265 10 12 0.57762694 
915 138 8 10 0.57558155 
720 99 8 11 0.571104 
525 204 6 10 0.5666001 
279 192 6 10 0.5622023 
659 136 8 10 0.5511848 
675 221 7 11 0.54965734 
845 151 7 10 0.5480807 
290 176 6 9 0.5474787 
237 186 6 9 0.5461473 
521 186 6 8 0.5434189 
576 91 7 10 0.5433604 
908 427 12 14 0.5418286 
908 204 7 10 0.53790635 
540 148 7 10 0.53086966 
441 179 6 8 0.5299849 
964 166 8 11 0.5278085 
864 222 9 12 0.50422025 
193 146 6 9 0.5036076 
995 168 9 11 0.5003301 
66 139 8 9 0.49454936 
872 521 11 15 0.49432796 
567 166 8 12 0.49349397 
861 198 9 11 0.4917902 
502 167 6 10 0.48972216 
960 496 9 13 0.48899004 
807 188 8 11 0.4852617 
250 154 6 10 0.48393667 
273 158 6 8 0.4819264 
573 148 8 11 0.4777241 
862 135 6 9 0.4763583 
625 153 7 11 0.4761991 
497 645 15 17 0.47584563 
414 175 7 10 0.47457272 
895 180 9 12 0.47245827 
649 178 7 10 0.47214195 
238 172 7 10 0.46568835 
968 79 9 11 0.4607021 
523 228 6 9 0.4310779 
587 214 6 11 0.4102427 
172 172 8 11 0.4081879 
593 150 7 11 0.40813714 
593 112 7 9 0.40372232 
948 136 7 10 0.3999265 
636 131 8 11 0.39926946 
915 503 8 15 0.3977085 
613 115 6 10 0.389966 
891 138 8 10 0.38755438 
794 725 53 41 0.3811088 
378 193 8 10 0.3808565 
93 154 7 9 0.37997183 
593 17 7 9 0.37974364 
282 138 8 10 0.37807864 
998 102 10 12 0.37381402 
494 186 6 9 0.3635689 
272 176 7 9 0.36319575 
738 99 7 11 0.3622983 
863 157 6 9 0.35789624 
853 93 8 11 0.35725832 
298 141 6 8 0.356411 
914 32 8 12 0.3506707 
916 225 8 12 0.3496462 
896 433 8 14 0.34044778 
679 82 6 10 0.3394708 
707 82 8 11 0.3341091 
