35_Basketball_basketballgame_ball_35_256
20
528 59 63 90 0.9997023 
936 359 44 55 0.99897325 
227 72 58 59 0.9970994 
869 331 43 53 0.9958625 
954 170 44 42 0.9932949 
762 352 47 57 0.9916432 
887 376 38 45 0.9891522 
362 57 44 53 0.9882506 
354 153 39 49 0.95422333 
984 341 33 49 0.93320334 
951 54 30 36 0.92916733 
918 119 38 48 0.8581098 
777 110 34 47 0.79025453 
466 158 46 67 0.7337497 
717 225 56 67 0.5974994 
15 242 46 93 0.511618 
62 325 107 137 0.49536097 
674 486 61 79 0.37794685 
470 525 75 61 0.36308733 
846 166 37 49 0.34256005 
