35_Basketball_Basketball_35_327
25
84 162 28 36 0.9995964 
791 171 29 37 0.9995696 
25 175 24 33 0.9995449 
186 182 18 24 0.9995326 
915 142 39 53 0.9994369 
435 163 19 25 0.9991855 
384 174 24 29 0.99917656 
738 154 24 33 0.99907684 
765 145 27 35 0.9990471 
540 153 27 36 0.9990387 
249 169 20 26 0.9989698 
465 180 22 29 0.99892694 
828 147 26 33 0.99888355 
409 227 51 89 0.9986199 
598 163 20 26 0.99854857 
969 184 29 36 0.9978677 
665 154 25 31 0.9973521 
323 184 19 24 0.9971029 
491 178 18 21 0.996985 
636 171 20 25 0.99657995 
982 157 25 32 0.9845405 
509 193 17 20 0.97238964 
563 159 16 25 0.58871 
505 363 35 28 0.48944178 
509 233 21 22 0.4182519 
