35_Basketball_playingbasketball_35_362
38
621 372 19 23 0.9944988 
538 406 21 24 0.99354845 
889 426 15 20 0.985647 
17 523 11 14 0.97720975 
46 522 10 13 0.8787261 
206 487 12 13 0.8773384 
706 465 11 14 0.8751246 
493 230 23 21 0.8663302 
242 526 9 10 0.7649298 
70 526 12 14 0.7373338 
168 520 10 12 0.7282909 
158 529 11 12 0.7070647 
97 528 10 12 0.6604375 
124 444 11 13 0.54140574 
274 537 12 12 0.529391 
153 492 10 11 0.52687144 
92 475 7 8 0.48666644 
887 468 14 17 0.48367855 
128 443 11 13 0.47852954 
280 519 8 10 0.46237925 
927 443 13 18 0.4543012 
263 526 8 12 0.45381698 
26 495 9 10 0.44027314 
385 174 41 38 0.41849265 
97 485 7 8 0.41542536 
139 523 10 12 0.3948385 
293 526 8 10 0.38968068 
123 470 9 10 0.38794512 
142 516 10 12 0.3731446 
499 233 19 23 0.34863323 
49 465 7 8 0.34353396 
171 507 8 10 0.33966878 
791 496 6 8 0.33889672 
136 486 8 9 0.332866 
973 501 12 14 0.32571414 
1011 466 10 11 0.3207511 
346 506 6 8 0.3200167 
493 534 12 14 0.31054866 
