35_Basketball_Basketball_35_457
24
606 144 38 43 0.99819225 
938 319 15 14 0.9956316 
377 328 9 12 0.92848086 
409 335 8 12 0.89219505 
50 381 9 10 0.83066696 
247 391 6 8 0.81393737 
11 357 8 9 0.7334554 
281 376 6 7 0.70303744 
127 371 7 8 0.6450838 
157 371 7 9 0.45401925 
213 383 7 9 0.4261415 
82 346 7 8 0.4123557 
213 358 6 8 0.40523177 
119 352 7 8 0.39313 
171 386 7 8 0.3833938 
380 377 8 11 0.3676215 
71 386 10 11 0.35168952 
65 306 6 6 0.34576416 
516 388 8 10 0.33781606 
199 301 9 13 0.3338958 
93 379 8 9 0.3262899 
195 369 6 8 0.32327917 
177 298 6 7 0.31541446 
303 364 8 8 0.31400505 
