35_Basketball_Basketball_35_754
19
498 106 22 24 0.9988758 
625 14 14 18 0.9952425 
485 21 14 15 0.95479625 
108 121 23 19 0.6599024 
221 228 20 14 0.65441394 
924 294 14 15 0.6377725 
382 117 18 22 0.6069626 
588 431 22 22 0.5956011 
634 467 26 25 0.5799059 
472 104 25 22 0.4467492 
929 297 22 15 0.41800505 
218 225 14 15 0.4073688 
181 372 17 23 0.38448963 
210 250 21 18 0.38328686 
470 109 19 21 0.36041877 
525 248 13 28 0.36040643 
404 121 18 22 0.34523502 
526 252 10 14 0.32282412 
194 335 11 15 0.31929758 
