35_Basketball_Basketball_35_449
22
857 396 11 13 0.99589926 
492 243 23 28 0.9937 
905 416 10 11 0.9924866 
79 411 11 12 0.9865155 
982 410 10 11 0.97724664 
289 389 11 14 0.9760696 
563 424 8 11 0.90457404 
956 457 7 8 0.78095067 
783 449 6 8 0.7634474 
984 452 7 9 0.68344754 
766 458 7 8 0.61574745 
626 456 8 10 0.56918985 
965 437 10 11 0.56899637 
78 457 13 12 0.53895503 
398 74 12 9 0.5343724 
167 472 6 8 0.4825835 
409 475 6 8 0.47200564 
836 450 10 12 0.45243475 
334 476 7 8 0.374424 
43 402 7 8 0.3440489 
806 470 7 8 0.32231033 
683 358 10 12 0.30769718 
