35_Basketball_playingbasketball_35_674
39
372 148 57 82 0.9991053 
16 232 34 44 0.99855644 
186 138 45 58 0.998309 
0 87 25 51 0.998231 
152 64 36 49 0.9971982 
980 22 44 85 0.99575496 
89 9 32 35 0.9925632 
859 263 31 33 0.9894078 
264 85 33 41 0.9883008 
288 115 32 39 0.98615754 
561 103 30 35 0.985516 
406 18 26 35 0.9822432 
171 17 29 32 0.98028576 
635 38 46 88 0.97317684 
352 11 24 32 0.9690109 
212 75 28 35 0.9659154 
1000 251 22 24 0.9529163 
874 172 29 29 0.94087607 
598 276 33 42 0.9362728 
507 33 20 25 0.9244999 
949 252 24 27 0.92127067 
803 52 20 29 0.91316724 
901 80 23 27 0.8368693 
451 19 25 30 0.8310747 
354 91 31 33 0.8310464 
603 27 20 30 0.69951326 
268 9 24 31 0.6783704 
842 136 23 27 0.6754344 
627 38 39 74 0.57038873 
932 84 17 22 0.54070556 
646 261 38 45 0.5014551 
620 40 31 69 0.48980713 
743 53 22 26 0.431868 
622 63 25 43 0.42077836 
820 155 26 34 0.40479338 
578 72 21 28 0.39788637 
452 45 26 34 0.38831872 
448 21 32 55 0.38527948 
501 488 34 62 0.3822469 
