35_Basketball_basketballgame_ball_35_709
97
221 1007 37 40 0.9984187 
884 1011 29 37 0.997664 
769 997 31 43 0.99724364 
4 1002 35 47 0.99653 
522 403 74 67 0.99631906 
181 984 34 40 0.9958176 
61 988 33 38 0.9945866 
993 977 27 39 0.9913088 
346 965 29 35 0.99042624 
1003 1000 21 37 0.9867027 
285 993 35 41 0.98102164 
137 962 23 28 0.9746007 
173 940 22 29 0.97442967 
995 930 20 30 0.97117597 
325 779 18 25 0.96728235 
933 906 18 26 0.96626776 
908 954 22 30 0.9636726 
972 833 20 28 0.95970505 
851 916 22 32 0.95904374 
784 976 27 38 0.95738596 
995 813 20 26 0.9558371 
870 861 17 25 0.93783367 
864 977 22 28 0.93490374 
497 993 24 36 0.928529 
903 925 23 31 0.92801696 
355 832 20 26 0.9266662 
939 983 24 28 0.9265863 
139 825 22 29 0.91905856 
247 931 22 26 0.9173409 
3 967 21 30 0.91652113 
897 978 28 36 0.90261173 
163 991 23 33 0.8914101 
396 873 21 24 0.8897642 
28 775 17 25 0.88399076 
307 806 18 24 0.8551193 
965 969 18 24 0.85282385 
441 703 14 22 0.84734714 
913 864 17 25 0.8468336 
783 714 16 22 0.8348101 
415 756 19 22 0.83452237 
263 777 18 23 0.83102614 
797 808 21 23 0.8165841 
219 759 17 19 0.81490576 
976 758 18 24 0.8141735 
156 710 18 24 0.79996574 
56 807 19 23 0.79392195 
0 812 12 23 0.78069425 
106 829 20 25 0.78064674 
97 931 28 28 0.77915853 
37 987 26 36 0.7729772 
924 804 21 28 0.751901 
19 859 19 23 0.7417838 
147 673 16 22 0.7360624 
0 887 23 33 0.7335666 
355 754 18 22 0.7192378 
241 734 18 21 0.71368223 
828 718 18 24 0.70481443 
267 985 28 36 0.69394004 
951 684 15 22 0.6828645 
56 962 20 23 0.6785188 
389 789 19 22 0.6671293 
926 734 18 21 0.6586832 
264 661 16 19 0.6570832 
48 632 21 26 0.6562013 
191 662 18 20 0.6485791 
564 438 41 65 0.6196304 
881 735 16 25 0.61813146 
296 685 17 23 0.60825634 
983 778 20 23 0.57277167 
278 755 17 21 0.57275635 
974 910 16 25 0.56791747 
230 686 17 21 0.55829453 
794 836 17 24 0.5543999 
302 731 19 21 0.54538745 
16 618 15 22 0.5311428 
186 732 19 24 0.51297426 
293 625 13 20 0.50557524 
637 600 79 97 0.5011347 
84 860 18 23 0.49201566 
899 675 15 19 0.4763734 
984 719 18 21 0.4568939 
832 772 16 23 0.44803593 
130 625 17 19 0.44323915 
217 601 18 22 0.43190688 
9 555 18 20 0.4276023 
246 627 19 23 0.39222696 
808 780 15 21 0.38457823 
754 969 17 23 0.38194606 
807 668 14 20 0.37918723 
809 1004 30 37 0.3704162 
0 928 25 36 0.37000915 
303 554 19 22 0.35777724 
927 582 16 23 0.35768288 
182 615 16 18 0.35295475 
792 644 16 19 0.3411547 
508 940 20 24 0.32285634 
529 827 65 151 0.3217694 
