35_Basketball_playingbasketball_35_794
23
101 158 25 36 0.9999492 
284 174 28 38 0.99956065 
513 134 29 40 0.99923944 
753 86 41 58 0.99882823 
0 167 23 47 0.9987503 
556 125 31 39 0.9975121 
426 174 20 28 0.9945774 
835 141 34 39 0.99351597 
188 165 14 22 0.99063253 
322 161 21 33 0.9873946 
441 203 19 26 0.9645536 
267 147 15 26 0.95747906 
381 171 19 27 0.9498634 
244 179 17 34 0.9491685 
599 171 25 33 0.89744925 
390 144 20 27 0.8893503 
383 193 22 34 0.67469627 
144 28 20 23 0.4442031 
375 169 26 48 0.39929518 
232 178 19 32 0.36330405 
399 149 14 25 0.35610205 
154 174 25 39 0.35408315 
848 353 33 32 0.31919542 
