35_Basketball_basketballgame_ball_35_64
60
293 229 66 88 0.99988186 
474 222 62 81 0.9997824 
125 285 55 77 0.9995616 
590 204 67 97 0.99943537 
32 242 56 67 0.9993333 
687 209 76 99 0.99919075 
99 199 43 54 0.9988391 
952 176 72 114 0.99853134 
805 182 40 52 0.9981293 
272 127 29 32 0.99635977 
657 105 32 41 0.9946731 
906 169 52 90 0.99410325 
590 79 33 33 0.9922355 
870 58 26 33 0.99090123 
537 18 24 32 0.9907584 
1 246 27 36 0.98976994 
97 128 23 32 0.9885943 
239 245 30 41 0.98804665 
343 153 28 33 0.98716044 
493 162 35 36 0.9852867 
439 110 32 39 0.98139775 
525 94 25 32 0.9811544 
390 71 23 26 0.97838634 
192 217 30 35 0.9749229 
465 63 25 31 0.9691769 
150 140 27 31 0.968716 
447 4 26 30 0.9657403 
141 108 25 30 0.9636943 
399 148 27 32 0.95197874 
416 16 21 25 0.95153177 
414 114 28 31 0.9270153 
241 164 29 34 0.9238315 
564 189 41 58 0.922893 
56 193 21 29 0.91548884 
34 158 25 23 0.8982613 
281 221 27 39 0.8915229 
1 295 34 62 0.8777358 
269 8 19 22 0.8679317 
339 0 19 17 0.8125753 
235 189 33 40 0.80839187 
25 77 21 23 0.7895621 
208 9 16 21 0.77263564 
377 168 20 25 0.7573278 
160 10 14 15 0.74376756 
48 42 19 24 0.7292956 
214 107 25 28 0.69880944 
723 92 38 39 0.67314726 
418 111 39 38 0.61952496 
90 38 21 24 0.595286 
773 657 61 73 0.5795985 
703 614 77 106 0.5354063 
624 9 23 24 0.475285 
92 654 67 37 0.45856127 
77 210 28 36 0.4556833 
171 252 28 34 0.44557104 
65 0 14 13 0.42647946 
527 95 31 51 0.3626424 
869 484 112 107 0.35566026 
182 75 27 27 0.34909773 
81 206 39 47 0.31865025 
