10_People_Marching_People_Marching_2_591
52
850 185 30 33 0.99852717 
672 191 23 29 0.9947371 
755 192 27 35 0.99320966 
891 159 48 52 0.9748077 
213 187 19 22 0.97268325 
594 183 26 29 0.9658373 
460 184 18 26 0.9356061 
334 186 18 24 0.9348651 
47 1105 15 19 0.9276143 
530 1274 16 22 0.9018516 
40 175 21 27 0.8979585 
611 1280 18 25 0.89406264 
506 1120 19 19 0.8514578 
153 187 19 20 0.84989834 
620 1229 18 20 0.78967017 
87 177 18 24 0.7715256 
557 1357 20 21 0.76642364 
844 1242 19 26 0.7601365 
425 1219 20 23 0.75848264 
40 1186 16 24 0.7421886 
513 1181 21 28 0.73972976 
569 1255 19 24 0.7190215 
278 189 16 23 0.7171174 
354 1254 18 25 0.6768608 
539 1225 18 22 0.652574 
771 1268 18 22 0.6361409 
279 1167 16 21 0.6158809 
499 1228 17 21 0.59471047 
733 1187 32 28 0.58402723 
454 1193 22 33 0.55987084 
814 1160 18 21 0.52985394 
416 186 18 25 0.52800494 
321 1292 20 22 0.5086387 
205 1145 26 35 0.5061068 
374 202 19 20 0.50224936 
158 1377 19 29 0.4743593 
416 181 16 21 0.4671613 
128 1152 16 19 0.44271928 
692 1268 15 24 0.4369679 
283 275 14 17 0.43451947 
876 1343 16 24 0.41512978 
668 1240 15 23 0.40451422 
283 1093 16 22 0.40019286 
812 1075 28 33 0.39332435 
642 1281 25 32 0.38121206 
407 1275 27 38 0.35129887 
73 1156 18 21 0.32386184 
415 1284 21 27 0.32384133 
321 1138 17 19 0.3221414 
413 1132 17 20 0.32192063 
336 1174 15 19 0.30654794 
369 200 16 23 0.30386767 
