10_People_Marching_People_Marching_10_People_Marching_People_Marching_10_447
100
851 653 24 28 0.9990062 
488 327 22 24 0.99723816 
792 706 23 25 0.99717534 
408 451 26 33 0.99620503 
599 158 21 26 0.99609345 
176 828 25 30 0.9960079 
873 627 20 26 0.9956535 
68 446 24 26 0.99553645 
461 479 29 33 0.9930854 
966 475 26 33 0.9924508 
737 332 19 24 0.9915543 
927 617 25 30 0.99070096 
14 290 21 26 0.99059886 
248 483 25 29 0.9894546 
277 548 21 25 0.989096 
566 754 27 31 0.9888742 
860 473 22 23 0.9888467 
252 809 23 29 0.98875576 
685 267 22 24 0.9877863 
704 20 20 25 0.9858316 
257 571 21 25 0.98567015 
769 742 24 30 0.9854006 
637 672 29 28 0.98326 
264 438 18 26 0.9823966 
619 4 20 23 0.9808717 
132 795 22 27 0.98070276 
807 637 22 28 0.97854996 
213 883 25 27 0.97845364 
383 646 23 25 0.97843355 
282 369 20 25 0.9774768 
833 245 19 22 0.9773809 
965 392 22 29 0.976408 
503 38 19 26 0.97374976 
109 535 20 25 0.97247297 
558 633 23 25 0.9708651 
979 272 22 22 0.97048336 
296 332 21 25 0.9700178 
273 281 17 22 0.9683212 
150 176 19 23 0.96815133 
568 275 20 23 0.9669563 
831 526 22 29 0.964031 
413 349 25 26 0.9639381 
934 331 18 21 0.9606654 
610 692 22 24 0.96011543 
671 510 21 26 0.9578861 
110 60 18 20 0.95467013 
233 637 20 26 0.95459276 
884 408 23 23 0.95136786 
809 310 23 25 0.95093507 
310 643 21 23 0.9499412 
646 270 20 24 0.9496872 
992 366 23 26 0.9476228 
328 426 22 25 0.946206 
72 650 20 24 0.94278914 
339 253 21 20 0.9422882 
84 193 24 25 0.9379701 
34 685 26 30 0.93642515 
300 399 22 23 0.9339527 
970 166 19 21 0.9306534 
681 365 21 23 0.92781836 
520 351 22 25 0.9207079 
184 575 24 27 0.91951436 
573 225 23 27 0.90905255 
546 140 20 22 0.89213765 
880 4 19 21 0.8912304 
617 369 19 23 0.89079463 
501 291 21 23 0.8893328 
169 472 24 25 0.8839288 
849 14 19 21 0.87464535 
562 109 19 21 0.8738498 
513 78 19 22 0.8664155 
894 239 20 25 0.8661404 
630 94 18 22 0.862773 
992 525 23 24 0.8606229 
206 64 18 18 0.85815555 
14 452 21 29 0.85648066 
908 71 18 21 0.8503639 
56 582 20 25 0.8463891 
144 345 19 23 0.8458803 
950 25 20 23 0.8430162 
215 99 17 21 0.84223783 
854 293 19 22 0.8344708 
123 452 21 23 0.8314831 
463 40 16 19 0.8281708 
169 538 20 24 0.82646734 
768 358 21 22 0.8247834 
664 154 23 22 0.8241305 
295 235 22 20 0.8235315 
873 382 19 24 0.8200242 
459 187 22 23 0.81981355 
697 90 19 20 0.8156509 
334 159 19 20 0.813799 
19 156 24 22 0.81379366 
403 88 21 24 0.8110103 
835 54 19 22 0.8090421 
252 69 30 31 0.8087925 
747 82 17 19 0.80281407 
193 429 22 27 0.7995908 
84 623 22 21 0.79863 
60 6 18 22 0.7983068 
