10_People_Marching_People_Marching_10_People_Marching_People_Marching_10_69
100
49 595 21 25 0.9997476 
841 477 17 21 0.99973863 
958 631 23 27 0.9996569 
535 466 19 21 0.99958056 
119 619 20 23 0.999519 
208 610 20 21 0.9994498 
358 631 21 24 0.99941826 
717 540 20 27 0.99920183 
995 526 20 22 0.9990644 
733 416 14 20 0.9990282 
456 468 15 18 0.99877805 
931 578 20 25 0.998771 
886 482 17 19 0.9987111 
491 546 17 21 0.9985683 
683 418 13 18 0.99851793 
880 578 20 25 0.9984913 
689 660 22 27 0.9983956 
476 564 16 18 0.99822813 
997 595 16 22 0.99820745 
877 649 21 29 0.99819475 
181 447 17 21 0.99817765 
470 503 16 17 0.9979686 
512 566 18 22 0.9977696 
599 660 21 25 0.9977574 
422 490 18 21 0.997712 
294 458 17 21 0.9976978 
501 434 17 21 0.99767977 
607 554 19 28 0.9976793 
302 604 19 23 0.99752396 
746 573 19 26 0.99752074 
745 392 11 17 0.9975172 
391 595 20 23 0.9974981 
628 372 13 17 0.99743074 
308 501 17 20 0.99736327 
689 328 13 15 0.99717486 
108 250 12 17 0.99686086 
821 370 14 16 0.9968002 
653 457 17 23 0.9966613 
179 655 18 24 0.9966537 
237 355 15 18 0.99659485 
358 456 15 20 0.9965798 
651 345 13 16 0.9965767 
258 637 18 21 0.9965661 
631 496 15 18 0.9965406 
728 502 17 20 0.99631006 
160 514 18 22 0.9962829 
251 406 15 19 0.99625635 
582 627 20 21 0.99612623 
795 543 17 23 0.99604744 
358 534 17 22 0.99565554 
131 479 14 16 0.9953513 
629 328 11 17 0.99508935 
442 475 15 19 0.9949531 
163 559 20 24 0.9947679 
561 533 19 23 0.9942676 
907 470 14 17 0.9940382 
227 487 16 18 0.9937929 
562 373 13 17 0.99367946 
734 310 12 15 0.9936511 
223 519 15 17 0.9931739 
645 585 19 17 0.9931249 
768 446 15 19 0.99293035 
5 613 21 25 0.9928952 
840 615 19 25 0.99273175 
156 414 14 19 0.9923151 
538 378 14 16 0.99230534 
381 352 14 17 0.9921732 
436 294 12 15 0.9920568 
400 525 18 22 0.99191016 
503 496 17 19 0.9918047 
213 661 22 22 0.9916928 
679 250 11 15 0.99103206 
869 543 19 21 0.9908584 
717 357 14 19 0.990564 
425 451 15 19 0.9903122 
231 551 18 20 0.9899913 
199 190 10 11 0.9890463 
559 320 12 15 0.98809844 
696 483 17 24 0.98771197 
468 300 12 14 0.98734903 
92 245 13 14 0.98698074 
169 488 17 23 0.9866065 
314 673 23 26 0.98647213 
507 282 12 14 0.98596185 
114 329 17 21 0.9857432 
780 503 15 17 0.98553294 
611 211 11 13 0.9851033 
109 218 14 17 0.98450077 
583 140 10 12 0.9838874 
597 510 19 19 0.9837728 
483 311 12 15 0.9835977 
400 575 21 23 0.98311365 
692 273 12 17 0.9821999 
885 324 13 15 0.981908 
978 603 20 23 0.9815029 
163 178 12 16 0.9814187 
485 268 11 15 0.98129255 
588 447 14 19 0.9809053 
721 386 12 15 0.98054886 
428 170 9 13 0.98042035 
