10_People_Marching_People_Marching_2_34
85
623 718 35 45 0.99937844 
714 703 23 29 0.99880683 
836 671 20 25 0.996354 
84 736 21 27 0.99623305 
525 711 30 40 0.993421 
995 725 29 37 0.9910156 
101 683 15 19 0.9849997 
343 643 11 15 0.9735607 
305 715 19 25 0.972354 
590 688 23 30 0.96706855 
405 722 15 20 0.96638775 
669 709 24 30 0.96472454 
307 627 10 13 0.95063245 
371 641 11 13 0.94524074 
456 637 12 16 0.9418594 
724 616 14 19 0.9410044 
166 635 12 15 0.9356802 
733 580 13 15 0.92493117 
40 685 13 17 0.9194808 
400 658 14 18 0.90675616 
863 723 27 32 0.8992316 
449 686 12 15 0.8687337 
811 586 10 14 0.86773026 
419 692 10 18 0.8605846 
174 689 15 18 0.85005337 
219 671 10 16 0.7954218 
261 670 13 15 0.7749509 
605 623 10 13 0.7641344 
951 667 13 18 0.759852 
1000 653 11 18 0.71562505 
513 689 19 28 0.7097677 
225 731 12 17 0.7076176 
760 747 29 22 0.6926545 
258 592 8 12 0.6897005 
244 641 12 18 0.6893739 
422 694 12 17 0.68762314 
811 640 12 14 0.6715362 
578 614 11 15 0.66743827 
173 750 31 19 0.662353 
902 628 10 15 0.65663767 
702 682 22 22 0.6564763 
991 624 12 19 0.64839476 
226 674 17 24 0.64197433 
151 545 9 12 0.6320611 
764 591 9 12 0.6189546 
613 665 12 15 0.6177308 
101 558 9 13 0.6088122 
194 564 9 10 0.59089804 
189 574 10 12 0.5882912 
966 594 9 12 0.5825449 
523 584 10 12 0.566233 
228 597 9 12 0.5578815 
127 605 7 10 0.54815453 
665 668 12 15 0.5260256 
799 567 10 14 0.52397996 
461 732 18 27 0.50011754 
327 649 9 11 0.4947232 
452 548 8 9 0.4839232 
755 610 9 13 0.4797809 
340 574 9 11 0.466283 
189 578 7 9 0.44545978 
666 611 10 12 0.44470727 
340 607 10 13 0.43850958 
363 564 9 11 0.43412256 
822 587 10 14 0.42995447 
32 623 8 10 0.4113618 
324 559 9 12 0.40300652 
63 639 12 16 0.37887657 
622 630 11 13 0.37881023 
443 591 9 12 0.3714462 
277 586 8 12 0.367915 
345 625 8 12 0.36074352 
751 574 10 14 0.35892725 
463 591 9 12 0.3553714 
457 583 8 11 0.35351706 
327 543 11 13 0.352822 
746 552 8 10 0.35062638 
248 583 9 12 0.34561294 
493 525 7 9 0.33974805 
120 570 9 11 0.3361946 
218 674 21 26 0.32398897 
508 691 19 30 0.3169587 
440 530 6 8 0.3141863 
779 586 9 11 0.3089065 
667 533 8 10 0.30080244 
