54_Rescue_rescuepeople_54_581
68
168 351 9 15 0.9919911 
91 338 10 10 0.9857619 
316 339 10 12 0.9837457 
212 330 11 14 0.9835894 
906 370 11 15 0.97909206 
233 193 10 13 0.9734788 
969 191 8 12 0.9723017 
436 184 8 10 0.96746397 
841 368 9 13 0.9560349 
973 421 11 13 0.95360744 
506 181 10 12 0.9524804 
263 330 10 14 0.9496576 
596 353 9 16 0.9468325 
640 365 12 15 0.9435211 
963 308 11 13 0.9420772 
419 330 11 14 0.94164324 
0 335 8 12 0.938284 
99 359 9 11 0.9368174 
690 374 10 11 0.93403023 
815 367 10 12 0.92653614 
888 312 8 12 0.92639637 
481 316 10 14 0.92598915 
304 191 8 11 0.92570794 
937 197 8 12 0.92263716 
539 336 11 13 0.9151305 
654 199 8 11 0.9096902 
804 194 8 10 0.90876 
234 352 10 12 0.9074519 
249 186 8 12 0.90101016 
693 192 8 12 0.89921784 
56 348 8 12 0.8910577 
883 197 8 10 0.8854704 
287 192 9 11 0.8777543 
538 370 8 10 0.8747665 
538 317 10 13 0.8733437 
815 182 9 11 0.8731494 
959 196 8 10 0.8696863 
742 372 10 12 0.86730313 
194 184 8 10 0.8637559 
373 353 10 14 0.8626911 
1013 373 11 13 0.85301334 
625 188 9 10 0.84101886 
850 183 10 11 0.8223703 
997 368 11 13 0.8111598 
107 194 8 12 0.80013776 
480 178 7 12 0.78967 
790 364 11 13 0.7669522 
363 360 8 11 0.76492196 
322 197 9 12 0.7041993 
33 184 8 13 0.68910366 
404 181 9 9 0.68746763 
210 202 8 11 0.6849448 
453 191 10 12 0.681723 
904 208 7 9 0.6433774 
362 342 8 11 0.6258522 
481 353 9 13 0.61941785 
406 356 14 11 0.57597053 
748 199 9 11 0.57256323 
923 209 7 10 0.56570756 
915 200 7 10 0.5199537 
874 375 9 14 0.470969 
36 183 9 13 0.4480052 
9 190 7 11 0.4400229 
622 362 8 13 0.42998484 
384 189 9 11 0.37512225 
885 352 13 16 0.36593464 
333 355 7 11 0.33104116 
203 329 10 12 0.32530257 
