54_Rescue_rescuepeople_54_159
23
635 115 20 25 0.9620794 
809 38 18 19 0.9168466 
299 206 18 23 0.8552655 
354 117 18 22 0.82246786 
716 86 20 22 0.8179102 
688 108 33 38 0.71313095 
813 60 17 22 0.671325 
153 81 34 33 0.66808724 
480 426 33 35 0.6656665 
891 27 28 33 0.5897246 
396 314 22 34 0.5099124 
122 528 24 22 0.50078934 
166 122 27 25 0.49144778 
596 95 15 19 0.44800657 
296 87 36 35 0.43465793 
793 79 23 26 0.42993993 
777 103 18 20 0.41681984 
589 92 22 27 0.396945 
572 88 16 22 0.38676283 
519 182 17 25 0.36701062 
782 33 17 22 0.34658316 
73 178 20 24 0.33782795 
1010 316 14 18 0.31417838 
