44_Aerobics_Aerobics_44_343
19
897 199 22 31 0.99935967 
289 177 36 51 0.99825364 
591 174 28 42 0.9957913 
389 160 14 26 0.9511615 
942 237 13 18 0.9302894 
927 159 12 17 0.9228695 
797 178 11 16 0.90866816 
994 223 13 20 0.90553623 
760 172 16 25 0.8023899 
1003 231 13 18 0.70795643 
688 170 10 15 0.7004084 
854 169 11 16 0.6144912 
664 164 10 14 0.5623515 
819 198 12 18 0.5571304 
836 171 10 16 0.45998666 
652 190 24 28 0.4542649 
818 177 10 13 0.41120774 
851 172 11 15 0.40928096 
944 280 12 16 0.38379344 
