44_Aerobics_Aerobics_44_852
27
93 258 22 24 0.99976784 
387 273 36 43 0.99974376 
945 202 21 23 0.99971396 
699 261 41 45 0.9994367 
440 253 26 33 0.99940693 
329 223 18 23 0.99933285 
237 258 25 32 0.9992429 
487 230 22 28 0.99919933 
907 191 18 19 0.9989126 
684 239 25 31 0.9986228 
169 243 16 18 0.9978027 
190 238 15 17 0.997654 
224 224 14 18 0.9970421 
349 213 16 18 0.99702924 
120 289 27 38 0.99695945 
265 243 20 25 0.9940996 
494 203 14 16 0.9927695 
0 242 12 18 0.992121 
674 228 18 20 0.9700125 
846 198 13 16 0.96594495 
712 230 23 24 0.94758683 
629 217 18 22 0.734472 
2 0 82 59 0.71047497 
562 241 21 26 0.56091803 
289 235 13 17 0.5527714 
682 234 36 45 0.41555688 
635 219 13 15 0.31417033 
