9_Press_Conference_Press_Conference_9_40
34
108 186 18 18 0.99991584 
219 231 40 52 0.9996363 
528 168 19 27 0.99924564 
463 178 19 23 0.9986939 
12 170 18 20 0.9983151 
751 118 27 34 0.99819714 
422 165 17 21 0.9979007 
369 236 19 23 0.9976708 
714 157 32 39 0.99765164 
694 160 19 27 0.99757475 
300 177 14 18 0.9970042 
50 224 19 23 0.99660045 
188 178 14 19 0.99647236 
373 178 13 15 0.99600405 
404 161 19 23 0.99574393 
353 169 13 16 0.9928994 
206 172 13 17 0.9912985 
246 170 14 15 0.98170865 
897 171 31 41 0.9799673 
334 180 11 15 0.96270335 
459 156 18 20 0.9596202 
513 168 12 19 0.95609856 
262 216 19 25 0.9283797 
969 168 52 41 0.857195 
591 126 25 32 0.8273662 
325 235 17 40 0.7676016 
666 172 11 14 0.66264546 
562 167 16 22 0.6409874 
312 229 31 52 0.5296284 
320 246 19 36 0.46780464 
966 158 42 43 0.4487304 
599 170 12 19 0.42611304 
272 245 22 36 0.35733214 
579 157 28 29 0.3397041 
