9_Press_Conference_Press_Conference_9_35
25
189 191 18 23 0.9993869 
687 215 15 19 0.9993736 
400 187 13 15 0.99799466 
854 144 12 13 0.99024665 
623 216 14 18 0.9885557 
601 198 14 14 0.9793361 
269 301 21 44 0.9754554 
199 288 15 19 0.9679272 
305 282 15 28 0.9610469 
310 216 14 16 0.89188904 
954 220 27 34 0.88252616 
289 208 11 18 0.8433645 
378 243 12 19 0.807753 
364 313 21 38 0.76866376 
379 242 20 23 0.7496983 
480 303 30 30 0.71915895 
333 211 12 13 0.70733154 
954 198 39 58 0.70423883 
957 182 37 54 0.7015246 
377 214 11 15 0.6940388 
383 246 13 17 0.5809363 
192 291 17 18 0.32854676 
211 398 56 38 0.31582615 
219 409 43 24 0.30833817 
315 214 17 20 0.3059362 
