9_Press_Conference_Press_Conference_9_655
29
64 207 23 29 0.9999639 
954 212 33 44 0.99977595 
659 214 43 63 0.99966574 
199 190 24 31 0.99958915 
497 222 39 44 0.999479 
306 201 25 32 0.9991273 
794 240 49 59 0.99903476 
366 227 29 40 0.99886847 
421 190 22 32 0.9987212 
758 206 28 40 0.99801046 
941 182 27 39 0.9975681 
848 188 25 32 0.99749607 
651 203 24 30 0.997265 
884 211 30 39 0.9966059 
163 204 26 32 0.9960368 
135 221 22 34 0.99478745 
727 190 24 27 0.99337405 
576 215 34 33 0.9919911 
393 197 23 26 0.9870925 
233 218 23 26 0.985926 
544 186 26 29 0.98559976 
466 190 20 24 0.95398766 
138 199 22 25 0.95081013 
343 211 21 30 0.9245096 
709 188 20 29 0.8930483 
115 216 21 24 0.8720752 
483 198 24 32 0.5707219 
476 197 36 42 0.46072173 
710 187 44 36 0.39192253 
