9_Press_Conference_Press_Conference_9_31
26
48 286 13 15 0.9810049 
443 207 15 19 0.9067435 
181 367 27 36 0.8666752 
617 445 26 23 0.8664357 
58 412 32 37 0.7506872 
310 434 20 19 0.7193601 
262 375 25 33 0.71727514 
278 590 35 44 0.6794454 
17 310 17 18 0.66967773 
118 374 18 25 0.6425164 
662 384 22 27 0.6326681 
338 389 20 24 0.6191747 
791 490 30 32 0.6037937 
0 407 30 49 0.60333353 
156 425 24 33 0.573086 
71 376 25 27 0.51509887 
298 438 37 42 0.47024518 
208 523 37 39 0.4441267 
959 429 35 38 0.4390342 
958 435 22 29 0.43648383 
425 509 24 26 0.4280986 
587 212 15 17 0.3729431 
667 326 79 104 0.36672825 
797 442 18 31 0.35901642 
326 457 22 22 0.34388152 
63 482 36 45 0.32026362 
