21_Festival_Festival_21_219
25
564 281 79 111 0.9991738 
66 397 13 17 0.9966736 
583 436 8 12 0.95287347 
609 437 8 12 0.9427849 
732 164 13 18 0.9331816 
632 451 8 11 0.8512558 
52 396 9 11 0.83335185 
559 446 7 11 0.8247051 
645 442 7 10 0.80533046 
975 141 11 15 0.7927024 
827 136 11 15 0.7848975 
671 447 7 10 0.75393367 
944 141 11 14 0.65137094 
862 138 11 14 0.59453964 
872 143 11 14 0.5435932 
550 442 7 9 0.51920736 
316 446 10 14 0.5046222 
888 146 10 14 0.49064377 
904 149 11 14 0.48017958 
13 561 8 11 0.43771347 
696 442 7 10 0.40546954 
14 331 12 20 0.40266958 
29 560 9 10 0.36794454 
1000 135 9 13 0.3194852 
666 443 6 8 0.31914768 
