21_Festival_Festival_21_797
22
84 239 53 63 0.9997336 
835 161 40 51 0.9996575 
420 213 51 70 0.9996575 
641 129 103 137 0.99964285 
502 254 50 73 0.9992355 
173 294 42 48 0.9986627 
292 236 51 55 0.9982988 
779 279 51 69 0.9981901 
28 184 34 44 0.9972838 
285 197 28 41 0.99715036 
314 324 51 60 0.9969003 
97 341 52 52 0.97381085 
185 77 24 38 0.96500635 
268 306 39 41 0.91452146 
964 145 29 48 0.8972217 
663 64 42 44 0.85065365 
204 1238 51 24 0.594861 
741 218 32 40 0.5636225 
132 444 21 27 0.56075794 
153 1229 55 30 0.4311194 
204 205 17 35 0.37268016 
436 353 62 66 0.3347788 
