21_Festival_Festival_21_585
48
122 332 23 27 0.9966846 
58 347 20 25 0.9917143 
115 286 16 18 0.98627603 
213 292 16 17 0.9718033 
199 318 18 19 0.9574868 
15 302 18 20 0.94699186 
254 337 24 26 0.9346653 
182 338 19 23 0.93306947 
21 236 13 14 0.91684115 
26 259 14 16 0.91114664 
129 279 16 20 0.90964276 
0 345 13 23 0.8920903 
142 264 13 14 0.8890116 
93 258 15 16 0.8869695 
129 204 10 12 0.8398984 
20 330 15 16 0.8143844 
308 323 16 16 0.79996425 
31 209 11 11 0.7782227 
247 407 22 24 0.74006456 
115 199 8 10 0.7355481 
35 197 9 11 0.6786154 
7 207 10 12 0.6616998 
262 231 12 14 0.6150876 
74 204 9 9 0.61391836 
98 213 10 11 0.6133537 
174 190 8 11 0.6106699 
50 206 10 11 0.58966607 
51 233 10 12 0.5858802 
368 60 22 58 0.5724669 
577 40 31 34 0.5680463 
67 230 10 12 0.53180724 
309 279 15 17 0.5311347 
153 195 9 11 0.5146022 
60 279 14 15 0.49386427 
91 198 10 12 0.4874996 
25 195 8 10 0.4756353 
289 248 15 17 0.47472757 
198 243 14 18 0.45266855 
327 65 26 52 0.42704147 
321 276 13 17 0.41770917 
180 255 14 15 0.40354106 
60 260 12 13 0.39450252 
259 315 16 18 0.37460053 
66 198 8 9 0.33328718 
97 230 12 13 0.31862354 
43 291 12 14 0.31346592 
806 416 85 125 0.31024995 
143 236 12 12 0.3099268 
