21_Festival_Festival_21_42
64
800 1285 13 19 0.96368456 
698 1318 14 19 0.945478 
724 1340 13 19 0.9422443 
899 1206 12 18 0.93078244 
902 1325 14 20 0.904993 
104 1331 16 21 0.89069647 
141 1278 14 18 0.88259536 
875 1329 14 19 0.87848365 
3 1186 13 17 0.8003734 
775 1223 12 18 0.7811494 
37 1280 17 19 0.76730114 
77 1272 13 18 0.750256 
972 1045 11 15 0.7455907 
538 1284 12 17 0.741311 
704 1290 13 19 0.7323842 
797 1344 15 21 0.73119164 
594 1162 13 18 0.72657186 
95 1351 17 15 0.70892435 
753 1315 14 18 0.6967344 
639 1258 13 19 0.69043016 
1 1323 14 23 0.6823668 
662 1328 12 17 0.6816501 
764 1195 13 17 0.67362803 
78 1325 13 17 0.65218186 
18 1166 13 15 0.64186335 
36 1268 16 19 0.6330319 
41 1334 13 19 0.6321029 
701 1345 14 18 0.62776154 
603 1267 10 15 0.62076867 
160 1267 13 15 0.6201473 
573 1200 13 16 0.618872 
146 1150 13 15 0.612532 
626 1334 12 18 0.60351497 
774 1315 16 19 0.5995378 
98 1166 13 17 0.5632198 
112 1231 13 16 0.55311966 
742 1190 12 16 0.54738015 
594 1206 10 15 0.53970414 
666 1346 14 16 0.5311901 
64 1225 13 19 0.52508837 
669 1289 13 18 0.49892956 
727 1273 14 18 0.49671805 
255 1321 13 17 0.48648852 
250 1345 13 18 0.48041385 
653 1193 13 16 0.46288988 
35 1353 16 13 0.43678743 
47 1210 13 16 0.43674397 
710 1215 11 15 0.42611143 
987 1162 10 18 0.388294 
917 1134 12 15 0.38156313 
835 1091 11 14 0.36562812 
81 1225 12 15 0.36264437 
857 1221 12 16 0.35976744 
60 1267 12 16 0.3545955 
100 1242 14 17 0.3517306 
193 1066 12 15 0.35146338 
166 1202 14 17 0.34850067 
829 947 8 11 0.33700085 
631 1234 14 18 0.33651587 
839 1054 10 13 0.32985064 
385 1294 11 16 0.31642568 
682 1268 13 16 0.31343392 
625 1195 13 14 0.31002882 
19 1105 12 14 0.30954024 
