21_Festival_Festival_21_331
23
151 404 87 103 0.9998286 
354 291 43 58 0.99961925 
61 364 38 46 0.99911064 
742 219 59 75 0.9990331 
160 281 22 23 0.99827635 
987 259 37 54 0.9968405 
517 292 35 38 0.99660206 
259 268 36 41 0.99643254 
237 276 30 35 0.99612385 
142 317 24 28 0.99444073 
661 273 40 46 0.98829865 
305 391 35 42 0.98806703 
882 236 29 42 0.90170467 
462 272 11 11 0.7995733 
244 268 40 44 0.558033 
0 295 20 37 0.5343025 
492 289 24 23 0.50639 
0 1 129 128 0.48444825 
640 370 29 27 0.4321805 
2 0 76 43 0.4273007 
621 323 26 24 0.35176286 
633 278 23 30 0.33012354 
689 274 33 44 0.3068186 
