8_Election_Campain_Election_Campaign_8_148
72
585 188 44 52 0.9998965 
427 281 91 117 0.99985564 
244 360 100 141 0.99972075 
813 292 68 68 0.9997055 
314 268 79 95 0.99944013 
575 329 66 72 0.99936074 
677 257 57 66 0.9982216 
745 262 53 66 0.99820864 
507 211 50 67 0.99798214 
961 300 63 70 0.9961521 
430 231 54 50 0.99304116 
1 208 69 97 0.9909905 
478 148 32 38 0.99014485 
617 342 103 123 0.98157793 
0 375 63 140 0.9812682 
757 220 24 28 0.9790901 
888 423 70 84 0.97818065 
195 112 23 30 0.9744139 
129 86 28 30 0.97333217 
510 152 18 24 0.96945256 
552 120 14 20 0.96577483 
752 100 12 15 0.9606346 
373 123 14 20 0.9606228 
567 150 19 24 0.95326704 
993 142 19 24 0.94168943 
103 199 46 65 0.9329118 
614 135 16 18 0.9327362 
8 9 12 15 0.9123296 
799 125 14 16 0.90034044 
274 67 11 13 0.8939572 
807 97 12 16 0.89389753 
730 133 15 16 0.8798824 
554 632 113 118 0.8789532 
660 109 10 13 0.87892604 
480 111 16 23 0.8778925 
763 117 14 17 0.86931086 
323 100 18 25 0.8272967 
875 492 69 106 0.81651306 
606 160 15 16 0.80703974 
504 330 55 46 0.79336303 
851 122 10 18 0.76225656 
906 617 84 98 0.7616685 
839 130 15 16 0.6856862 
231 52 11 14 0.68454254 
171 95 18 26 0.6755476 
376 239 49 73 0.6691971 
705 126 12 13 0.6652688 
267 80 11 13 0.6575563 
512 294 53 83 0.6283436 
638 179 21 25 0.62626815 
781 100 11 14 0.60394144 
708 115 11 13 0.60078377 
719 436 109 141 0.58415556 
507 96 7 11 0.5542296 
425 323 119 82 0.5498552 
224 104 19 24 0.5021975 
184 99 13 17 0.48584172 
555 75 10 11 0.42769235 
305 231 118 161 0.41527322 
492 268 80 115 0.41232148 
604 86 10 13 0.3978754 
824 114 14 17 0.3861774 
685 93 10 14 0.37005866 
656 355 96 117 0.36968118 
721 123 18 27 0.36241105 
358 227 78 99 0.3525201 
755 370 15 19 0.33804867 
897 295 40 45 0.3374343 
620 84 9 13 0.326117 
152 569 70 64 0.32400706 
897 306 29 29 0.31773365 
837 127 22 25 0.30415305 
