8_Election_Campain_Election_Campaign_8_84
26
122 539 41 60 0.9988011 
208 507 24 38 0.99621457 
490 191 16 22 0.99251574 
129 483 17 27 0.9832103 
256 427 20 27 0.977607 
535 515 21 29 0.9731803 
77 504 18 27 0.9697109 
978 488 22 28 0.9587889 
880 506 20 31 0.95705205 
288 500 23 31 0.94901145 
524 174 16 25 0.9298949 
34 525 29 36 0.9220944 
186 487 15 22 0.8751392 
561 172 18 27 0.8715413 
24 424 18 25 0.87046045 
308 496 27 36 0.8558424 
87 502 27 38 0.82738775 
442 185 18 24 0.81314325 
928 611 32 52 0.7904218 
631 205 17 24 0.7840181 
674 247 13 21 0.71261054 
168 465 10 16 0.69265014 
10 527 16 30 0.60927296 
665 266 20 26 0.60666066 
778 496 21 28 0.5994552 
640 381 17 26 0.59741855 
