12_Group_Group_12_Group_Group_12_379
31
285 111 28 35 0.9998161 
190 100 32 42 0.9997985 
480 117 31 40 0.9997967 
523 111 29 37 0.99978346 
579 134 31 34 0.9997404 
792 105 27 34 0.99972683 
430 154 34 40 0.9996877 
895 227 32 42 0.9996784 
426 247 33 42 0.9996766 
733 219 33 39 0.99967635 
536 235 33 38 0.9996582 
241 233 32 40 0.99964297 
631 231 34 39 0.99963367 
156 243 30 40 0.9995789 
845 115 31 37 0.9995504 
869 170 31 38 0.99953914 
296 166 29 36 0.999461 
331 244 32 39 0.9993612 
665 124 28 34 0.99936014 
360 155 30 37 0.9993432 
798 240 35 43 0.9993154 
762 152 33 40 0.99929404 
226 172 28 36 0.9992545 
79 232 34 39 0.99923503 
156 186 29 36 0.999116 
382 116 29 34 0.9991141 
614 112 28 32 0.99906415 
534 166 31 36 0.9990453 
637 178 29 34 0.99895227 
729 134 27 30 0.9988462 
416 101 29 30 0.9986161 
