12_Group_Large_Group_12_Group_Large_Group_12_120
100
364 449 14 16 0.9870831 
511 454 11 15 0.98688287 
346 392 14 16 0.9762157 
625 386 12 16 0.97397953 
830 452 11 14 0.966979 
113 421 12 14 0.9622129 
312 398 12 15 0.96138376 
926 387 13 15 0.9565145 
665 393 11 14 0.9446252 
595 424 11 14 0.9440494 
719 449 13 14 0.9357444 
469 391 13 16 0.9291624 
388 392 12 14 0.9226667 
473 290 11 12 0.92256576 
677 386 10 13 0.9221987 
211 225 9 11 0.9211861 
641 377 11 13 0.915913 
509 412 12 14 0.9124929 
395 418 11 15 0.9109429 
457 241 11 12 0.91000897 
547 454 11 14 0.9082726 
38 328 12 14 0.90535223 
547 391 12 15 0.9042415 
147 459 13 15 0.9034739 
378 220 8 11 0.89863545 
225 458 12 13 0.8985637 
738 392 11 13 0.8914387 
268 325 12 13 0.8869123 
649 421 11 13 0.8859023 
692 422 13 15 0.883726 
850 419 10 14 0.8836879 
506 391 12 15 0.87867755 
186 459 11 13 0.8784838 
232 221 9 11 0.87823683 
338 223 8 10 0.87750936 
197 395 12 15 0.87261146 
337 427 11 14 0.86991984 
901 349 13 14 0.8666371 
627 268 11 13 0.8657911 
291 449 11 15 0.86301315 
156 224 8 11 0.8625794 
57 423 11 13 0.86173576 
477 423 12 15 0.8539372 
222 421 12 14 0.8539286 
878 332 11 13 0.85086566 
278 420 14 15 0.8505102 
763 270 11 13 0.84855855 
881 359 12 14 0.8463907 
903 328 11 13 0.8429602 
270 272 11 15 0.84020615 
715 417 12 15 0.83790016 
915 272 10 12 0.8352626 
423 417 11 14 0.83351016 
250 419 11 14 0.83195806 
369 353 13 15 0.8311686 
570 298 11 13 0.8267562 
806 420 10 13 0.8257088 
825 274 12 15 0.817722 
121 397 12 14 0.81640416 
545 421 11 13 0.81551903 
795 447 11 16 0.813783 
427 360 11 14 0.8112985 
886 452 11 13 0.81109107 
722 223 10 11 0.810589 
855 252 11 12 0.81014127 
579 450 11 15 0.80979 
266 221 8 9 0.8041088 
822 355 11 13 0.8039147 
368 386 13 16 0.8034649 
122 452 10 12 0.80136555 
477 456 11 13 0.79995245 
93 362 11 13 0.79299927 
550 295 11 13 0.7894422 
430 298 11 12 0.78881294 
699 246 10 11 0.7867515 
193 420 11 12 0.77991605 
598 221 9 10 0.7767323 
888 281 10 12 0.7759284 
283 223 8 11 0.77371514 
240 358 10 12 0.7729571 
347 292 11 15 0.771971 
43 399 11 13 0.7711965 
451 293 11 12 0.76991105 
450 421 11 15 0.7698931 
426 389 11 15 0.76925683 
507 217 8 10 0.76645577 
134 271 12 13 0.7631036 
590 268 11 13 0.76124245 
325 272 10 11 0.760824 
878 420 12 13 0.75437033 
563 381 12 14 0.7525394 
359 221 9 11 0.75086236 
619 242 11 13 0.7505751 
140 224 8 10 0.7453952 
524 219 8 11 0.7424452 
157 395 13 16 0.7418164 
443 270 11 13 0.73972255 
411 386 11 14 0.73948824 
220 246 10 13 0.7377116 
959 425 11 13 0.73629206 
