12_Group_Team_Organized_Group_12_Group_Team_Organized_Group_12_60
20
368 165 45 59 0.9996327 
112 156 46 50 0.9995546 
823 72 57 66 0.99913687 
522 231 52 79 0.9989208 
448 170 32 45 0.9987943 
526 153 39 60 0.99872285 
417 255 50 73 0.9986687 
194 182 50 63 0.9985858 
656 179 52 75 0.9985379 
594 149 39 48 0.99825317 
20 179 48 58 0.9982008 
660 111 58 68 0.9978599 
761 126 41 38 0.99720484 
300 155 34 42 0.99651104 
186 150 35 45 0.9949137 
930 0 70 55 0.98296565 
109 360 25 28 0.47601974 
388 534 60 53 0.41950157 
644 473 76 83 0.38740304 
422 556 35 34 0.38588968 
