12_Group_Team_Organized_Group_12_Group_Team_Organized_Group_12_418
81
302 368 26 32 0.99953306 
166 352 24 31 0.99943215 
470 375 24 33 0.9992526 
658 305 20 27 0.99918014 
27 208 22 25 0.99909973 
393 402 24 30 0.9990631 
188 186 17 21 0.99903464 
716 213 19 23 0.9989924 
148 215 19 24 0.9982297 
316 283 23 27 0.9982146 
403 259 24 33 0.997666 
256 222 19 22 0.99678886 
509 210 17 24 0.9966917 
156 172 14 19 0.9966181 
514 289 20 25 0.99645305 
204 204 18 22 0.995928 
620 169 14 19 0.9957064 
133 191 18 22 0.9950572 
806 182 18 24 0.99503493 
633 361 24 30 0.99497896 
648 186 16 20 0.99479383 
450 188 14 19 0.9944652 
205 166 17 21 0.9941351 
698 187 14 18 0.9941024 
247 184 18 21 0.99388194 
559 367 24 28 0.992871 
304 204 18 24 0.9927665 
455 219 16 19 0.9927302 
564 222 15 20 0.9924722 
354 186 18 22 0.99103445 
552 185 15 20 0.9910108 
407 221 16 21 0.9907374 
576 172 14 17 0.9905138 
380 145 13 17 0.9883837 
667 211 16 21 0.9878555 
237 351 22 27 0.9863171 
91 185 18 23 0.9861833 
240 75 13 18 0.9847173 
309 183 14 17 0.9823826 
498 188 16 21 0.98026055 
93 228 19 20 0.9779785 
650 107 12 17 0.9757907 
600 194 14 19 0.97487575 
461 138 12 16 0.97469723 
325 142 12 15 0.9733243 
513 155 14 17 0.9679959 
531 143 13 15 0.9628365 
270 158 13 16 0.9626301 
619 216 17 21 0.96217144 
407 164 14 16 0.9617112 
404 190 14 17 0.9585049 
360 228 15 19 0.9566196 
359 137 14 18 0.94622713 
102 172 18 19 0.9454339 
268 135 13 16 0.9402732 
220 155 14 18 0.93471706 
308 143 14 17 0.93106264 
319 83 16 19 0.9236228 
485 156 12 17 0.91338617 
121 139 14 17 0.9000388 
283 89 10 14 0.8914597 
339 149 14 17 0.88357276 
606 96 11 15 0.86932003 
306 159 16 21 0.86558086 
520 176 13 17 0.8652042 
294 35 12 13 0.84789944 
266 67 10 15 0.8218525 
611 144 10 14 0.81327146 
374 76 14 19 0.8127192 
358 176 14 15 0.7589926 
503 145 11 16 0.7439625 
426 143 12 16 0.6678043 
577 142 12 15 0.6451106 
451 159 14 17 0.6405972 
670 166 12 16 0.63899755 
554 158 13 15 0.6179423 
559 96 10 15 0.5372372 
409 75 13 14 0.53157187 
493 168 12 15 0.51327294 
645 159 12 15 0.5039486 
484 201 13 16 0.36971477 
