12_Group_Team_Organized_Group_12_Group_Team_Organized_Group_12_461
17
41 297 28 39 0.9940952 
632 291 30 39 0.99366367 
180 318 16 20 0.9905252 
908 423 23 27 0.9904537 
483 288 52 68 0.98615927 
248 283 28 30 0.9844513 
908 328 9 13 0.96761894 
404 285 23 32 0.94920844 
346 413 21 40 0.9348752 
313 306 11 13 0.88488555 
360 312 13 15 0.8821653 
285 301 12 14 0.8711875 
330 329 14 16 0.83171403 
120 312 9 12 0.58346915 
155 310 12 14 0.56512403 
160 311 9 13 0.48529586 
735 255 24 52 0.37943843 
