12_Group_Group_12_Group_Group_12_268
27
572 223 32 44 0.9993381 
914 317 35 48 0.999241 
245 348 38 45 0.9992274 
707 380 39 50 0.99921215 
586 361 37 49 0.9991536 
486 190 36 47 0.9990607 
625 219 33 48 0.99905926 
149 261 35 39 0.99893504 
445 216 33 44 0.9989102 
854 230 34 41 0.99874145 
368 207 33 43 0.9986482 
343 353 43 58 0.99858534 
459 326 35 47 0.9984409 
704 190 31 44 0.99840885 
809 393 41 49 0.99805933 
217 210 37 39 0.9980508 
759 210 31 44 0.9977816 
896 208 34 46 0.9976126 
726 260 35 46 0.9969699 
155 347 42 52 0.9963999 
103 244 36 45 0.9959906 
809 224 29 39 0.99587363 
303 246 32 32 0.99418676 
240 88 27 28 0.9735734 
156 218 15 18 0.93108195 
605 200 29 35 0.9277892 
552 576 32 24 0.31786397 
