12_Group_Group_12_Group_Group_12_227
32
695 216 31 39 0.9997235 
182 258 34 45 0.99969995 
592 277 38 56 0.9996518 
636 151 34 38 0.9996276 
390 244 35 42 0.9995895 
240 178 29 38 0.99956304 
648 275 28 41 0.99955565 
299 180 29 39 0.9995376 
301 256 32 43 0.9994966 
731 267 37 43 0.9994797 
388 306 33 42 0.9994628 
566 183 28 38 0.9994493 
649 204 29 38 0.9994306 
810 256 34 43 0.99942255 
380 126 27 31 0.9994072 
733 186 29 37 0.9994031 
397 181 29 39 0.9994017 
511 224 31 41 0.9993869 
240 274 33 43 0.9993468 
480 273 30 42 0.99928826 
605 221 31 38 0.99927217 
555 133 26 38 0.99926597 
838 193 28 38 0.9992506 
716 146 30 38 0.9991628 
338 155 28 35 0.9990496 
549 278 30 43 0.999047 
472 122 27 38 0.99903905 
327 218 29 42 0.99902225 
426 224 30 40 0.99853885 
445 150 29 38 0.99838626 
486 199 29 38 0.99744993 
458 271 24 32 0.44749033 
