12_Group_Large_Group_12_Group_Large_Group_12_103
23
313 190 39 53 0.99935347 
916 295 54 59 0.9993399 
499 190 42 48 0.99924266 
107 147 40 54 0.999183 
637 139 27 34 0.99882096 
509 127 19 26 0.9988071 
821 166 22 33 0.99879324 
738 130 23 29 0.99861586 
773 187 31 43 0.9961124 
361 133 19 27 0.99157375 
396 150 24 28 0.9863643 
403 202 28 44 0.98553663 
668 128 19 27 0.9850765 
298 161 19 30 0.9776545 
921 180 18 33 0.9710768 
485 326 94 98 0.9314048 
319 125 16 26 0.9041061 
644 218 38 67 0.88008153 
528 173 31 38 0.81102836 
451 147 11 27 0.73300964 
174 450 115 140 0.6868274 
947 473 37 25 0.5628122 
245 413 65 163 0.34810215 
