12_Group_Team_Organized_Group_12_Group_Team_Organized_Group_12_653
17
527 321 32 42 0.9997738 
427 386 41 55 0.99975973 
313 227 40 48 0.999579 
951 378 44 51 0.99957067 
200 176 38 55 0.9994868 
654 327 37 50 0.9994772 
385 287 35 50 0.99918157 
242 358 44 55 0.99917597 
329 303 39 55 0.9991597 
592 372 45 57 0.99913675 
846 192 34 44 0.9990864 
74 165 45 57 0.99863535 
770 358 43 56 0.99777704 
800 197 33 39 0.9975388 
196 628 46 21 0.818454 
31 687 69 70 0.81464046 
184 623 43 24 0.49810016 
