12_Group_Group_12_Group_Group_12_112
37
258 116 37 42 0.999419 
861 151 35 43 0.9991843 
87 299 33 43 0.99911886 
320 457 33 42 0.99903464 
787 120 32 46 0.9989411 
853 244 35 43 0.998936 
367 152 33 39 0.9989108 
701 203 34 46 0.9987833 
181 302 41 47 0.9987191 
641 483 34 40 0.9985821 
924 317 35 42 0.9984819 
257 314 35 42 0.9983967 
457 479 36 41 0.99837226 
364 261 34 46 0.9982703 
720 449 35 41 0.99793905 
149 229 34 42 0.99756753 
526 212 34 43 0.9974976 
143 167 34 42 0.9972241 
186 482 37 39 0.9970047 
543 481 36 39 0.99687886 
580 142 31 43 0.9963695 
489 258 36 48 0.99632394 
233 268 39 47 0.9963128 
396 252 30 39 0.99624217 
792 195 36 40 0.9960788 
265 234 34 44 0.99607253 
449 235 32 39 0.9959785 
581 252 33 46 0.9957522 
788 453 35 41 0.99545765 
368 313 35 40 0.9953934 
613 236 30 40 0.99512035 
673 272 32 39 0.99486154 
469 147 32 39 0.9946345 
582 212 30 36 0.9912073 
702 157 35 49 0.9888576 
728 241 34 48 0.9873855 
743 316 33 40 0.9726346 
