12_Group_Team_Organized_Group_12_Group_Team_Organized_Group_12_503
36
950 204 40 45 0.9996698 
543 178 40 51 0.9996644 
429 187 36 47 0.99951243 
866 198 40 45 0.9994655 
627 48 31 40 0.9994192 
298 55 29 34 0.9993625 
265 104 34 38 0.99932134 
656 79 34 40 0.99929965 
748 65 28 32 0.99924636 
881 112 38 41 0.99919087 
25 180 43 47 0.999143 
367 45 30 33 0.9990701 
646 204 35 43 0.99902487 
135 170 40 47 0.99901605 
559 39 27 34 0.9989942 
329 89 35 40 0.9988738 
228 44 26 30 0.9988632 
575 79 35 39 0.9988416 
409 75 33 41 0.99881685 
491 73 34 40 0.99878174 
95 103 38 39 0.9987483 
189 95 35 43 0.9984835 
156 49 31 35 0.99842846 
721 99 38 40 0.9983841 
243 191 35 49 0.99831665 
755 202 40 44 0.99803454 
797 91 37 41 0.997502 
435 38 25 36 0.9963804 
885 69 28 34 0.99580485 
337 202 34 46 0.9954071 
489 26 28 30 0.9897344 
827 65 29 33 0.9794805 
693 64 24 35 0.9777419 
95 348 23 26 0.60853815 
280 333 12 11 0.5898445 
344 358 14 16 0.4152185 
