12_Group_Large_Group_12_Group_Large_Group_12_315
98
312 279 15 19 0.99960595 
927 410 19 22 0.9995284 
808 385 37 48 0.9994894 
600 302 26 33 0.9994665 
368 359 25 30 0.9992803 
647 304 31 36 0.9992698 
536 330 22 29 0.999199 
228 334 21 25 0.9991289 
496 380 31 35 0.99898154 
257 410 24 31 0.99894947 
754 267 31 38 0.99892175 
156 341 21 24 0.998877 
119 345 22 25 0.9987047 
682 274 27 34 0.99851066 
186 341 21 26 0.99847037 
355 280 15 18 0.99835336 
453 282 15 17 0.99821556 
690 410 38 41 0.9982083 
504 314 20 27 0.9982065 
293 359 20 25 0.9981706 
181 408 26 30 0.99809927 
385 288 17 20 0.9979753 
428 347 21 23 0.99779737 
864 412 19 24 0.9977709 
536 254 14 18 0.99772877 
953 385 18 20 0.9973997 
881 393 21 25 0.9973018 
480 330 20 27 0.99715084 
949 450 22 25 0.99713033 
898 352 16 19 0.9971021 
405 297 16 18 0.9970913 
490 304 17 21 0.9970612 
335 381 22 27 0.9970578 
191 316 21 21 0.9969362 
476 262 15 18 0.9969015 
554 236 14 17 0.99685574 
415 266 13 17 0.99659026 
579 402 34 48 0.99656916 
793 258 28 35 0.9961759 
287 316 16 20 0.9958462 
499 271 17 19 0.9955243 
116 423 27 31 0.99552405 
883 419 21 24 0.99529076 
436 226 13 14 0.9949909 
321 351 19 20 0.9947725 
447 329 19 25 0.9946209 
371 318 18 25 0.9936294 
389 315 15 21 0.9930368 
456 214 12 15 0.9929703 
349 309 16 19 0.9893287 
320 321 18 22 0.9878064 
266 338 17 24 0.985239 
398 258 12 16 0.9835158 
482 220 11 15 0.9824746 
520 209 10 14 0.9801769 
456 234 12 14 0.97934544 
570 239 13 16 0.97909796 
420 240 13 16 0.9768593 
382 269 14 17 0.976044 
209 339 18 23 0.9701909 
477 243 12 13 0.969151 
133 328 18 22 0.96570057 
446 261 12 15 0.9611336 
496 242 13 15 0.95865005 
526 234 13 14 0.9580972 
506 229 12 14 0.95201373 
679 148 9 11 0.95049554 
695 141 9 12 0.9428154 
498 214 11 13 0.93163455 
535 209 10 13 0.92951673 
429 315 18 19 0.915571 
773 138 8 11 0.9149424 
596 215 10 13 0.91422 
595 188 9 12 0.91149837 
546 213 10 13 0.9049017 
811 128 10 12 0.9024947 
658 184 11 14 0.9009883 
610 183 10 13 0.89881974 
608 203 9 12 0.8975321 
566 200 9 12 0.8930478 
706 144 9 12 0.89201945 
555 212 10 13 0.8614207 
752 131 8 11 0.8607106 
723 136 9 13 0.85393506 
613 219 12 13 0.82251066 
581 219 12 15 0.819649 
839 61 10 11 0.7889125 
657 162 9 10 0.7825857 
798 136 9 10 0.7824288 
831 78 11 11 0.759927 
693 169 11 13 0.7367738 
611 168 9 11 0.7282749 
730 148 8 11 0.6994959 
666 145 9 11 0.6951306 
545 312 22 24 0.47660446 
293 417 19 22 0.47232562 
221 524 90 88 0.38204807 
907 395 18 19 0.32927522 
