12_Group_Team_Organized_Group_12_Group_Team_Organized_Group_12_778
65
585 299 25 31 0.9998398 
645 299 26 30 0.9997836 
781 302 26 30 0.9997757 
709 304 26 30 0.99971205 
170 284 25 30 0.99966526 
318 73 20 24 0.9996611 
230 96 21 26 0.9996183 
539 67 20 24 0.99961555 
343 290 24 28 0.99961543 
108 282 25 30 0.9996051 
466 65 20 26 0.9996049 
511 60 21 28 0.99959785 
177 213 23 26 0.9995654 
234 221 21 26 0.99954224 
765 116 23 29 0.99953866 
818 140 24 28 0.99953806 
405 309 24 27 0.9994935 
435 83 21 27 0.99948907 
466 294 24 29 0.99945563 
718 120 24 29 0.9994205 
442 225 19 29 0.9994128 
849 190 27 29 0.99940324 
579 58 20 26 0.9993569 
581 100 23 27 0.9993468 
389 69 20 24 0.9993444 
413 57 19 24 0.99934417 
847 130 24 29 0.9993326 
623 91 20 23 0.9992362 
210 50 20 26 0.9992299 
808 76 20 26 0.9992176 
60 282 24 29 0.9992101 
706 53 21 25 0.99920815 
876 132 22 28 0.99919194 
518 294 23 31 0.99919003 
226 280 25 28 0.9991704 
287 292 23 26 0.9991373 
892 166 24 29 0.9990765 
251 77 18 24 0.99906904 
612 230 20 26 0.9990689 
384 227 18 26 0.9990583 
689 75 20 25 0.99905604 
164 93 21 25 0.9990528 
498 88 23 28 0.99899226 
748 92 21 27 0.9988613 
663 90 22 25 0.99885 
294 101 22 25 0.998835 
283 63 18 23 0.9988261 
556 228 19 26 0.9988049 
930 149 31 37 0.9987446 
831 99 22 26 0.99869746 
494 224 20 27 0.9986727 
346 55 19 24 0.9985927 
330 228 19 26 0.998585 
902 139 25 29 0.99851686 
694 121 22 28 0.9984144 
654 228 21 28 0.99827754 
805 117 23 24 0.9981603 
276 227 21 27 0.9978225 
369 82 20 27 0.99759454 
789 93 20 24 0.9973911 
717 88 20 24 0.9969098 
643 79 17 23 0.9964516 
742 67 22 25 0.99458647 
660 72 15 14 0.9861624 
596 76 16 21 0.96432066 
