12_Group_Group_12_Group_Group_12_179
19
228 234 52 67 0.9997842 
356 231 46 64 0.9997248 
490 202 59 70 0.9996592 
785 255 54 67 0.99961925 
87 222 61 66 0.9995926 
447 138 47 63 0.9995641 
270 158 37 48 0.9995388 
636 246 54 67 0.99953485 
310 197 44 58 0.9994598 
893 248 57 66 0.9993667 
725 201 49 57 0.9989575 
143 200 49 56 0.997841 
979 287 9 12 0.9759837 
1001 286 8 11 0.938579 
977 326 10 12 0.929467 
982 248 9 12 0.9137521 
999 327 10 13 0.90171844 
1003 247 10 12 0.86961406 
457 425 33 32 0.5225692 
