12_Group_Large_Group_12_Group_Large_Group_12_228
26
781 410 18 22 0.99846566 
338 413 16 18 0.9983676 
155 415 16 18 0.9979578 
482 396 18 22 0.9975936 
607 413 16 20 0.9967974 
699 416 17 19 0.9967751 
563 404 17 20 0.99652356 
429 415 17 19 0.9964181 
828 406 17 22 0.99591905 
654 418 17 22 0.9956234 
294 406 16 21 0.9954513 
870 421 17 19 0.99544036 
743 406 19 23 0.9948945 
110 411 18 19 0.99470204 
525 408 17 21 0.99464685 
906 412 17 22 0.99346477 
203 409 15 19 0.9933941 
248 412 15 18 0.99325836 
393 413 15 18 0.9929253 
464 503 13 15 0.9413431 
306 477 15 16 0.90612745 
241 467 23 24 0.8053984 
90 122 15 19 0.7505936 
245 107 22 22 0.3663575 
343 474 15 16 0.365782 
466 478 11 12 0.34526104 
