12_Group_Large_Group_12_Group_Large_Group_12_213
23
849 267 19 22 0.9981729 
246 303 15 20 0.9974137 
483 345 26 34 0.99590343 
280 317 18 24 0.99416625 
471 297 17 22 0.99184 
294 286 12 16 0.99149185 
350 358 31 32 0.9866948 
161 408 43 35 0.9763441 
834 351 31 27 0.9717147 
584 282 15 20 0.95957255 
426 319 19 15 0.95915234 
699 311 15 17 0.95260584 
669 279 11 15 0.94163287 
720 377 27 24 0.91781604 
739 276 11 14 0.91302294 
883 280 15 17 0.9096298 
761 306 13 16 0.8843525 
403 289 14 15 0.8777242 
941 316 23 22 0.846074 
582 319 14 17 0.71697456 
0 378 21 43 0.6502331 
254 422 19 21 0.47174877 
547 307 11 15 0.4552945 
