12_Group_Group_12_Group_Group_12_367
24
324 365 27 31 0.9999217 
561 281 20 26 0.9998305 
519 285 24 31 0.99981195 
652 323 25 29 0.9998093 
626 355 26 34 0.9997811 
565 324 23 29 0.9997321 
694 350 27 34 0.9996903 
547 368 26 34 0.9996878 
259 366 27 33 0.99967396 
202 340 26 30 0.9996681 
351 295 23 26 0.9996469 
423 282 26 30 0.99951196 
518 338 25 30 0.9994642 
383 271 22 26 0.9994584 
457 356 26 30 0.9994542 
610 290 24 33 0.9993591 
636 265 21 28 0.99916804 
395 343 24 28 0.9990441 
293 263 21 27 0.99901175 
214 298 25 30 0.9988978 
437 332 22 27 0.9988256 
200 259 23 27 0.9986553 
470 282 21 25 0.9986099 
286 308 21 26 0.9983773 
