12_Group_Group_12_Group_Group_12_28
26
704 83 43 56 0.9995808 
385 197 41 55 0.9994466 
178 198 37 47 0.9993445 
664 57 36 51 0.9992834 
168 37 35 44 0.9992619 
128 125 43 56 0.9992531 
247 253 41 54 0.99923193 
514 59 35 44 0.99921465 
905 108 43 55 0.99920326 
461 231 34 46 0.99916303 
614 96 41 56 0.9991609 
107 69 38 46 0.9991172 
210 100 35 53 0.9990287 
72 21 39 49 0.999022 
551 108 41 49 0.9987483 
791 74 37 52 0.9984993 
303 132 35 48 0.99832326 
522 254 36 47 0.9980976 
259 148 41 53 0.99733377 
800 135 43 54 0.99634117 
233 76 35 52 0.9952378 
618 50 37 37 0.9798625 
916 68 44 52 0.94683814 
531 428 71 101 0.7503692 
507 436 74 93 0.48576784 
367 480 78 83 0.37007886 
