3_Riot_Riot_3_725
30
728 262 25 31 0.99978 
816 247 27 31 0.9993343 
636 218 37 42 0.9991684 
263 238 21 26 0.99891305 
385 277 26 35 0.9988826 
390 230 23 26 0.9988249 
734 232 21 24 0.99864 
297 247 20 26 0.9984919 
518 283 23 27 0.9960233 
463 245 23 24 0.99597245 
306 222 22 24 0.99458647 
277 215 18 22 0.99117905 
325 241 18 21 0.9754034 
863 144 18 25 0.8436677 
368 52 22 25 0.8173797 
938 146 18 22 0.78325975 
408 233 19 23 0.73488855 
898 155 13 16 0.6767313 
215 460 95 178 0.6635674 
776 266 22 25 0.6244932 
539 116 21 26 0.6121317 
677 244 31 46 0.5580113 
946 141 12 14 0.47968426 
780 273 23 28 0.4391225 
764 363 16 18 0.4110185 
418 269 22 29 0.40494987 
765 251 17 22 0.35317293 
541 124 16 17 0.35007042 
903 570 13 14 0.32462782 
903 70 19 30 0.31793442 
