3_Riot_Riot_3_415
20
391 266 22 30 0.9839475 
842 417 27 35 0.98363036 
440 225 20 30 0.9677125 
655 244 17 24 0.9529764 
137 209 22 25 0.9504021 
713 236 18 25 0.93645537 
139 201 20 19 0.9234726 
286 235 22 30 0.9009796 
798 240 15 22 0.89676374 
976 360 18 27 0.87295645 
512 256 21 32 0.8597916 
657 300 19 32 0.8084777 
516 262 22 32 0.7328369 
554 261 16 19 0.72178155 
906 215 17 26 0.51695675 
306 273 25 37 0.51629204 
748 261 17 25 0.4760962 
1001 276 23 25 0.34764302 
357 297 26 23 0.33540103 
227 272 22 26 0.30544445 
