37_Soccer_soccer_ball_37_114
26
136 368 35 40 0.9998184 
643 354 33 42 0.9997621 
506 345 31 42 0.9997024 
218 176 28 33 0.99962497 
757 364 34 41 0.9995307 
684 257 27 36 0.9995036 
264 362 32 41 0.9994912 
774 254 29 33 0.99914634 
386 348 32 43 0.999076 
326 245 31 35 0.9990227 
240 259 29 35 0.9988477 
73 256 28 30 0.99881434 
893 251 30 40 0.9987332 
412 242 30 35 0.99859923 
521 153 27 29 0.9984282 
832 161 29 34 0.9980253 
500 233 30 35 0.9979309 
160 260 29 33 0.99779534 
365 160 28 36 0.9976361 
125 149 28 33 0.99722254 
740 156 28 36 0.9966439 
292 165 26 32 0.9961234 
675 156 27 32 0.9960924 
610 155 28 35 0.995959 
603 274 29 35 0.99236214 
442 151 27 33 0.9906172 
