37_Soccer_soccer_ball_37_907
21
540 80 39 52 0.9676116 
674 85 37 49 0.9581061 
422 108 37 46 0.953475 
912 170 41 51 0.9508503 
20 180 40 56 0.9100669 
125 175 37 48 0.8883909 
191 271 35 51 0.8713494 
14 293 34 47 0.84375 
331 112 37 40 0.8293467 
257 69 35 48 0.82899404 
720 0 31 34 0.81915456 
917 64 31 49 0.780024 
1001 76 21 43 0.76228875 
43 56 34 50 0.719103 
166 51 36 42 0.7145651 
901 280 23 35 0.70448923 
780 325 28 44 0.6251534 
305 282 29 40 0.5679863 
150 304 31 43 0.45442975 
317 283 25 38 0.33091664 
540 437 22 34 0.3202871 
