37_Soccer_soccer_ball_37_269
22
740 235 29 34 0.99980503 
100 134 29 35 0.99960405 
510 240 32 37 0.9995449 
165 252 31 38 0.99953485 
831 240 31 37 0.9992611 
242 247 28 34 0.99912435 
326 232 29 42 0.9991099 
664 227 27 35 0.99903345 
620 135 26 33 0.99869376 
896 230 29 34 0.99860054 
405 125 27 32 0.9977798 
911 129 27 34 0.997758 
548 138 25 33 0.9972863 
832 142 25 33 0.9972817 
266 136 31 35 0.997244 
687 143 26 33 0.9972312 
411 268 30 37 0.99700147 
492 122 26 34 0.99676955 
595 247 30 38 0.9959676 
175 122 27 37 0.9959067 
335 133 25 33 0.9923389 
768 154 25 29 0.98272014 
