29_Students_Schoolkids_Students_Schoolkids_29_251
22
907 217 66 69 0.9999591 
48 559 75 83 0.9995327 
499 217 68 86 0.9995326 
484 471 58 71 0.99953187 
49 314 61 63 0.99949837 
213 269 71 66 0.99945766 
637 170 60 72 0.9993579 
747 496 69 81 0.9993325 
733 298 72 81 0.99930406 
900 97 46 57 0.9992461 
381 482 67 72 0.9992244 
658 271 60 71 0.9991574 
264 468 70 81 0.9989753 
112 198 60 69 0.99893564 
375 275 53 57 0.9989139 
318 331 54 68 0.9982886 
407 111 53 54 0.9981468 
551 352 69 74 0.9980192 
220 197 46 48 0.99770904 
377 209 52 53 0.9702986 
506 142 49 56 0.80813277 
523 147 49 46 0.4941673 
