29_Students_Schoolkids_Students_Schoolkids_29_358
20
940 420 23 26 0.9938419 
711 370 20 25 0.9704321 
844 410 20 24 0.9494388 
671 389 17 21 0.9379494 
623 374 19 26 0.92470473 
800 409 18 22 0.89890295 
498 421 18 21 0.77851814 
544 378 19 23 0.76488805 
339 444 18 20 0.7638971 
573 389 17 22 0.73448014 
770 389 21 25 0.68935806 
268 361 17 22 0.64885753 
362 423 17 20 0.64426833 
490 381 17 21 0.6091489 
309 436 17 20 0.6080708 
887 398 18 22 0.60303175 
433 399 17 21 0.53113526 
249 435 16 19 0.48134604 
473 433 16 18 0.43198857 
282 435 19 22 0.3043392 
