55_Sports_Coach_Trainer_sportcoaching_55_789
23
148 213 44 74 0.99985945 
272 226 44 64 0.9997216 
465 157 39 60 0.99954 
921 157 43 65 0.999413 
455 241 39 66 0.9993855 
674 195 37 62 0.99937373 
67 236 39 64 0.9993486 
732 328 37 65 0.99934155 
631 277 41 57 0.99923897 
762 163 40 69 0.99919146 
928 325 45 62 0.99917895 
589 215 38 59 0.9991128 
366 283 39 61 0.99900925 
543 253 39 61 0.99898475 
615 114 35 61 0.9988432 
89 169 39 55 0.99883705 
327 128 34 56 0.99872917 
232 182 37 65 0.99861264 
425 123 33 56 0.99852765 
823 315 38 61 0.9984616 
51 126 38 56 0.99828327 
198 144 36 45 0.997849 
392 220 38 63 0.99765116 
