49_Greeting_peoplegreeting_49_894
21
484 246 51 65 0.9999529 
779 261 52 59 0.9976407 
927 252 49 56 0.99692243 
558 288 34 61 0.99132675 
91 255 45 74 0.98885137 
777 380 49 70 0.986528 
713 252 49 77 0.9511618 
903 267 34 53 0.9409943 
50 287 43 75 0.922793 
898 255 76 69 0.80274814 
272 239 32 74 0.771347 
554 283 59 91 0.75346273 
409 301 50 75 0.6253047 
896 416 25 36 0.5764967 
710 279 73 57 0.5174805 
57 263 60 92 0.41519365 
649 287 36 52 0.39400804 
675 295 25 34 0.36506823 
975 209 7 10 0.35670796 
684 294 23 30 0.33708102 
936 214 7 9 0.31292132 
