17_Ceremony_Ceremony_17_171
34
332 142 53 63 0.9998217 
579 0 34 41 0.9998092 
254 239 69 91 0.9998049 
265 55 37 49 0.9997571 
22 224 61 70 0.99949074 
393 303 89 102 0.9993736 
522 324 91 115 0.99931586 
8 134 37 41 0.99930644 
152 47 32 46 0.99916196 
95 125 32 43 0.9982337 
667 75 41 56 0.9979219 
246 150 39 48 0.9975756 
652 314 88 132 0.99753356 
527 20 36 50 0.99728537 
292 32 30 39 0.9971102 
722 68 46 66 0.9968861 
199 230 54 86 0.9968616 
474 164 54 71 0.9962954 
515 86 44 44 0.9956643 
634 155 58 64 0.9933381 
149 236 49 64 0.99291587 
937 392 87 130 0.9805531 
454 137 52 68 0.9774664 
762 53 47 69 0.9761069 
962 162 62 106 0.96269584 
302 161 39 47 0.95257807 
778 565 76 118 0.7794299 
693 185 42 62 0.7774467 
276 503 108 100 0.7128296 
515 546 135 116 0.5602948 
143 85 21 26 0.5451534 
720 47 78 86 0.47717458 
837 233 100 107 0.45760122 
77 186 80 106 0.35343504 
