17_Ceremony_Ceremony_17_765
29
91 471 36 61 0.9995641 
374 288 11 14 0.9976538 
877 299 11 17 0.9970811 
325 296 10 12 0.99419594 
80 306 11 13 0.99207956 
379 401 18 29 0.9907003 
926 300 10 15 0.98995787 
669 290 11 16 0.98825735 
399 291 9 13 0.9860826 
137 308 10 14 0.9815993 
239 306 12 14 0.97961515 
186 315 9 14 0.97361314 
716 286 11 17 0.9706488 
831 312 10 16 0.9696639 
557 278 10 15 0.9417188 
795 288 10 17 0.94102114 
154 401 16 19 0.6915883 
269 434 16 34 0.54291403 
290 370 8 11 0.52336895 
372 528 15 21 0.45665467 
838 312 9 13 0.453077 
363 529 20 22 0.4317156 
909 375 7 12 0.37958556 
453 285 7 15 0.34441417 
200 402 8 17 0.34375823 
868 371 8 11 0.34366345 
866 308 6 11 0.32678518 
148 458 38 19 0.32269233 
419 526 12 19 0.3101244 
