23_Shoppers_Shoppers_23_43
19
355 230 64 77 0.99920386 
571 144 49 60 0.998838 
168 232 55 73 0.99664897 
940 122 26 32 0.99181294 
68 148 34 43 0.98397565 
924 202 47 67 0.95859224 
159 393 60 87 0.95806944 
22 145 26 35 0.9193549 
789 132 39 48 0.8554243 
324 352 91 91 0.85281366 
602 118 33 48 0.5231753 
247 244 91 95 0.4814051 
383 141 23 40 0.47581348 
233 157 18 15 0.46640116 
726 318 56 70 0.3799255 
435 321 48 67 0.37672904 
812 131 88 62 0.35676223 
803 133 38 50 0.33415624 
807 137 59 50 0.31114587 
