23_Shoppers_Shoppers_23_511
24
322 210 13 15 0.9542529 
616 5 8 8 0.83142966 
716 335 10 14 0.8067642 
385 250 11 12 0.7406695 
346 215 9 10 0.71114284 
57 302 8 11 0.65496445 
708 599 12 11 0.60259694 
917 334 10 12 0.6022717 
486 24 7 11 0.55787724 
746 573 11 12 0.5036608 
481 324 11 11 0.47033688 
851 620 12 16 0.44510874 
501 319 14 13 0.43266714 
200 118 9 12 0.41651455 
98 36 6 9 0.38724276 
531 16 7 9 0.37398735 
721 333 11 16 0.35631618 
33 67 17 21 0.3537343 
451 301 8 12 0.34113333 
43 40 11 13 0.3322712 
420 284 9 13 0.31607562 
150 365 26 44 0.3155856 
291 136 9 13 0.30699143 
647 306 12 13 0.30646273 
