33_Running_Running_33_316
36
627 182 43 61 0.9998913 
219 171 45 54 0.99987006 
759 151 51 67 0.999819 
857 203 47 59 0.9997749 
403 184 46 56 0.9996692 
526 223 40 54 0.9991424 
353 172 37 55 0.99913484 
152 186 43 49 0.99913067 
693 152 20 26 0.99873716 
265 170 34 50 0.99859005 
184 130 15 21 0.9924597 
893 121 13 18 0.9920183 
573 131 14 17 0.99199706 
854 114 14 19 0.9886409 
324 173 21 33 0.98667204 
422 156 37 46 0.97587717 
427 125 15 18 0.9746548 
787 123 14 17 0.97018784 
666 133 11 18 0.96778226 
718 139 15 18 0.959561 
371 136 14 15 0.9497995 
914 134 11 15 0.9365345 
292 105 12 17 0.9145374 
546 124 14 17 0.9078562 
823 128 12 18 0.78049797 
471 224 39 39 0.75273365 
175 301 23 22 0.74915135 
47 109 14 20 0.7142213 
412 107 10 15 0.68832344 
821 113 13 13 0.58927023 
594 122 14 17 0.5011674 
102 158 15 15 0.427147 
218 103 10 15 0.38152713 
472 131 9 12 0.38094822 
272 129 13 16 0.36343285 
602 123 9 13 0.3487986 
