33_Running_Running_33_266
27
612 122 42 52 0.9998696 
181 169 45 52 0.99979264 
483 250 49 59 0.99969316 
239 219 43 59 0.9996543 
794 93 42 53 0.9996525 
0 160 39 54 0.999579 
874 197 43 56 0.9995747 
771 270 45 60 0.99953437 
363 257 46 65 0.99865353 
94 259 48 60 0.9985404 
284 206 38 40 0.9984705 
747 213 43 54 0.9978199 
393 127 43 49 0.99771154 
807 202 47 53 0.99467623 
667 197 44 37 0.9944864 
511 178 51 39 0.9890793 
251 154 45 52 0.9768248 
126 195 37 32 0.8319553 
55 145 31 43 0.8213613 
39 165 30 41 0.8136887 
917 102 34 59 0.6310734 
379 213 44 45 0.6146704 
479 147 40 48 0.59613365 
886 129 44 45 0.57053214 
887 112 39 40 0.539623 
261 125 35 45 0.3889319 
993 215 31 37 0.36313915 
