6_Funeral_Funeral_6_77
42
584 362 23 24 0.99815696 
85 355 20 22 0.9957955 
334 339 21 23 0.9854274 
607 353 21 21 0.98054874 
428 365 15 18 0.94647425 
549 359 17 20 0.94183946 
362 353 18 19 0.92460376 
798 374 12 16 0.9032395 
184 368 13 16 0.90055764 
282 376 13 17 0.86873126 
491 353 20 22 0.85832536 
217 366 19 18 0.8413933 
943 504 19 26 0.84096175 
852 360 10 15 0.8264241 
9 374 15 17 0.7978519 
926 499 14 19 0.788122 
115 368 15 17 0.78032494 
636 376 14 18 0.7723274 
950 507 18 23 0.7332883 
205 368 14 13 0.70592386 
304 370 14 17 0.6748318 
692 373 14 16 0.6500749 
389 363 13 15 0.64071274 
978 518 16 24 0.6264705 
36 372 17 18 0.5781105 
765 357 12 14 0.5720627 
1005 563 19 20 0.55866134 
914 506 11 17 0.5386057 
512 148 159 87 0.517774 
917 357 11 13 0.5002315 
930 544 13 14 0.4893802 
914 435 10 13 0.4868397 
909 516 14 18 0.47386047 
255 374 18 23 0.46405625 
68 365 14 16 0.45957828 
565 147 88 79 0.4469879 
445 354 13 18 0.40984204 
816 372 10 13 0.39215773 
668 363 12 13 0.3280971 
932 498 16 20 0.32653353 
198 369 21 22 0.3053472 
197 397 13 17 0.30286464 
