40_Gymnastics_Gymnastics_40_668
19
289 201 110 135 0.9999465 
865 210 96 102 0.9999261 
503 190 79 117 0.99984574 
649 197 82 88 0.9997551 
386 177 106 130 0.9997179 
194 70 104 128 0.99966717 
126 263 141 151 0.9995491 
436 644 82 122 0.87641555 
760 245 11 15 0.87518334 
753 31 11 15 0.76349455 
714 43 9 13 0.65898556 
978 277 15 18 0.6309317 
611 43 9 14 0.57706386 
674 39 11 16 0.47560933 
764 244 10 15 0.41923657 
438 92 9 14 0.392985 
738 246 10 17 0.35715652 
695 77 10 15 0.3237556 
736 244 14 28 0.3131067 
