40_Gymnastics_Gymnastics_40_887
24
686 39 45 58 0.9997533 
96 144 46 59 0.99973446 
553 60 41 61 0.99967206 
760 373 54 68 0.99965763 
661 273 55 61 0.99965763 
524 379 54 70 0.9996245 
136 393 51 71 0.9995666 
314 70 43 62 0.9995485 
808 266 48 63 0.9995394 
216 136 43 56 0.99952173 
625 131 44 54 0.9994979 
188 84 42 52 0.999469 
331 396 48 68 0.9994504 
385 287 47 62 0.9994394 
745 97 45 60 0.9994392 
106 274 46 65 0.9994356 
250 274 47 63 0.99943095 
838 57 45 55 0.99924797 
432 77 44 61 0.9992436 
874 104 47 64 0.9992436 
482 133 50 60 0.99908113 
521 271 51 64 0.999046 
359 142 46 63 0.99881303 
664 628 139 66 0.6512834 
