50_Celebration_Or_Party_houseparty_50_432
35
469 319 24 34 0.99963045 
629 73 38 50 0.9994217 
394 320 17 23 0.99939895 
619 279 20 28 0.9993309 
567 827 30 37 0.99921775 
417 63 24 36 0.99906176 
628 826 31 37 0.99902296 
721 839 37 47 0.9989506 
337 283 27 44 0.998928 
718 36 55 78 0.99873286 
510 841 41 43 0.99867696 
540 287 19 33 0.9980221 
402 601 24 33 0.9976017 
500 65 36 70 0.9975489 
312 613 25 32 0.9968272 
314 57 22 39 0.99680686 
480 594 25 37 0.9960808 
375 56 17 25 0.99524456 
252 613 24 38 0.9932394 
252 317 19 30 0.99211496 
695 272 20 31 0.99201787 
354 73 17 28 0.99104404 
443 71 21 34 0.98713374 
568 86 20 32 0.98228455 
494 62 13 20 0.9638369 
149 565 12 16 0.9473199 
142 853 12 13 0.94648963 
837 324 11 18 0.8322132 
294 869 14 23 0.7223395 
476 585 20 28 0.6146506 
888 350 10 13 0.57182276 
13 826 11 14 0.569856 
985 320 12 16 0.55395633 
831 326 13 16 0.37738585 
178 563 10 16 0.36014584 
