50_Celebration_Or_Party_birthdayparty_50_43
19
626 406 45 54 0.999744 
488 442 43 54 0.9996767 
583 42 36 40 0.99963415 
754 239 39 50 0.9996296 
641 256 35 42 0.99962175 
396 261 37 44 0.99938035 
301 115 35 45 0.9992668 
353 418 43 51 0.9992299 
772 413 42 50 0.9991941 
462 96 32 42 0.9991623 
520 255 38 45 0.9991185 
207 265 43 58 0.9990716 
716 93 36 46 0.99858993 
202 74 38 47 0.9981767 
792 546 19 24 0.9616182 
472 415 32 38 0.7409662 
210 158 18 22 0.65882844 
588 96 19 22 0.39295986 
536 127 10 15 0.33445016 
