17_Ceremony_Ceremony_17_803
33
943 174 24 30 0.99933344 
650 89 83 116 0.9990946 
626 108 15 19 0.99667466 
324 16 103 136 0.99658126 
93 141 24 27 0.9962697 
170 142 19 22 0.9956684 
490 129 16 19 0.99446315 
631 151 19 25 0.9938985 
574 140 15 18 0.99293035 
606 144 20 27 0.9907685 
598 123 15 18 0.99047136 
480 120 13 17 0.98314995 
89 111 15 17 0.97985417 
162 106 13 15 0.9691664 
151 124 14 17 0.96864676 
528 115 13 17 0.9597057 
441 116 14 17 0.9576136 
125 125 16 20 0.9544328 
567 114 14 18 0.9508555 
210 127 12 14 0.94017035 
537 155 19 27 0.9398868 
112 143 16 20 0.936968 
505 115 13 18 0.92612934 
418 114 13 17 0.9140679 
240 127 12 16 0.6944992 
217 114 13 17 0.59220713 
229 107 9 11 0.5054896 
941 273 23 11 0.47554156 
110 124 11 12 0.45390552 
152 240 98 74 0.4405746 
160 70 11 11 0.33099806 
103 139 18 26 0.33045098 
558 131 12 16 0.32919484 
