40_Gymnastics_Gymnastics_40_646
19
394 150 39 52 0.9999392 
379 276 48 59 0.9998759 
769 313 53 65 0.99983895 
840 164 45 54 0.99980253 
593 303 48 57 0.9997931 
259 254 48 58 0.9997478 
549 193 45 61 0.99967146 
920 300 54 71 0.9996512 
503 308 48 60 0.9995552 
121 294 48 55 0.9991366 
712 169 45 50 0.99880517 
958 66 19 22 0.8541492 
999 78 13 14 0.82780683 
1003 42 11 15 0.7618844 
274 63 10 15 0.75822914 
918 334 58 33 0.7429474 
175 82 16 17 0.53907144 
594 331 49 31 0.5300537 
934 82 11 13 0.38876712 
