40_Gymnastics_Gymnastics_40_273
25
319 68 27 37 0.99994755 
488 62 29 38 0.99988484 
99 111 36 43 0.9998814 
693 126 33 40 0.999876 
592 127 32 39 0.9998598 
793 125 32 40 0.9998491 
490 125 33 42 0.99981993 
180 229 38 45 0.9997845 
374 232 37 45 0.99977654 
823 56 30 42 0.9997155 
487 258 36 47 0.999713 
755 64 29 41 0.9996884 
389 121 34 43 0.99968135 
672 74 29 36 0.99967825 
199 125 34 41 0.99967337 
298 126 34 46 0.99963105 
896 126 32 42 0.9995389 
581 77 28 35 0.99950826 
408 78 28 37 0.99940217 
670 249 38 46 0.99933225 
146 67 30 38 0.9992409 
232 65 29 37 0.9992173 
827 232 37 46 0.99914134 
551 274 34 45 0.99504083 
486 281 36 25 0.7020165 
