39_Ice_Skating_Ice_Skating_39_1047
30
746 143 60 76 0.99913955 
879 175 26 30 0.99905735 
246 111 54 70 0.99894136 
812 74 25 31 0.9986162 
937 73 22 28 0.9981893 
725 80 21 27 0.9979411 
499 197 22 29 0.99747235 
832 145 23 30 0.99687165 
589 195 23 27 0.9960764 
243 20 19 24 0.9949351 
532 131 18 26 0.9947817 
180 19 19 24 0.99425006 
944 5 19 24 0.9936864 
124 22 19 23 0.9933808 
60 23 18 23 0.99278295 
307 17 19 23 0.9917697 
670 0 22 24 0.99149644 
528 174 20 28 0.99095833 
735 3 23 28 0.9893356 
881 39 19 26 0.9882075 
458 161 22 25 0.98672885 
880 10 20 24 0.9852219 
7 15 20 23 0.97650427 
967 197 23 26 0.9695341 
1010 78 14 27 0.93745416 
944 153 15 23 0.9254667 
601 133 19 20 0.86947364 
807 30 17 19 0.8403848 
913 143 14 20 0.6039861 
457 228 21 30 0.34638357 
