59_peopledrivingcar_peopledrivingcar_59_532
20
65 86 27 35 0.996951 
0 71 23 34 0.9966905 
132 50 22 30 0.9926335 
231 52 23 29 0.9697176 
97 50 20 27 0.96150905 
171 88 24 31 0.9604112 
734 70 23 29 0.91698337 
875 80 18 22 0.85035807 
299 76 14 21 0.79948854 
204 104 23 28 0.74530053 
381 96 15 19 0.64013374 
422 485 89 204 0.51446867 
644 329 13 18 0.44346783 
649 330 12 19 0.41964945 
684 71 24 25 0.3220513 
512 111 14 18 0.31530383 
339 454 49 52 0.31090587 
741 69 24 29 0.30839193 
592 85 15 16 0.30836192 
461 78 14 15 0.30448252 
