36_Football_americanfootball_ball_36_6
29
126 102 35 46 0.9953543 
407 158 15 17 0.9944772 
443 200 21 20 0.99322987 
995 149 14 15 0.992482 
611 253 16 18 0.990266 
249 272 18 20 0.9898408 
565 124 14 16 0.988361 
939 152 14 19 0.9859536 
596 214 15 19 0.9804915 
475 239 42 49 0.9797166 
25 153 14 16 0.9796513 
807 125 32 36 0.97616196 
867 155 23 26 0.9749933 
354 269 14 18 0.97223276 
250 167 14 16 0.96903014 
399 194 14 17 0.94395477 
357 169 13 15 0.9434713 
646 231 14 16 0.93967277 
969 256 15 19 0.927796 
301 172 13 18 0.91630405 
574 272 13 15 0.9133595 
653 162 13 16 0.8653788 
613 164 13 16 0.84918255 
495 173 12 14 0.75967944 
537 210 27 40 0.74281013 
493 197 13 15 0.701762 
447 179 15 16 0.6794323 
375 217 14 18 0.65860045 
490 260 29 29 0.365958 
