36_Football_Football_36_157
100
739 218 29 31 0.9982375 
984 245 23 27 0.99621826 
661 254 21 23 0.99615115 
609 242 25 29 0.9960514 
907 218 23 29 0.9943844 
509 175 20 24 0.99274606 
615 74 20 23 0.99173915 
869 85 22 28 0.991321 
162 202 22 26 0.99006337 
40 254 23 28 0.98989236 
95 237 22 27 0.9889535 
0 184 19 23 0.98855 
334 178 21 25 0.9878137 
500 247 22 30 0.9875094 
536 74 19 29 0.98625344 
642 0 17 16 0.98602515 
427 262 19 25 0.98412067 
198 2 18 19 0.9779886 
876 172 21 27 0.97471046 
756 119 17 21 0.9745214 
391 194 37 39 0.9738568 
186 184 20 24 0.97293174 
582 189 21 22 0.9720695 
75 198 17 22 0.9717138 
547 109 16 23 0.9699866 
632 193 21 23 0.9654849 
608 142 21 27 0.9637937 
229 173 19 24 0.9608071 
299 212 22 24 0.95969033 
50 129 20 26 0.9575601 
232 78 20 25 0.95748144 
303 158 19 25 0.9560508 
668 33 19 23 0.9538096 
616 43 17 19 0.9516288 
751 185 21 27 0.95112073 
900 24 17 26 0.9489413 
856 0 18 20 0.94871753 
905 167 21 24 0.94782823 
417 1 20 18 0.94580114 
542 26 20 26 0.94308573 
480 120 19 27 0.94206995 
566 105 19 26 0.94191635 
152 151 17 22 0.9382517 
338 103 19 23 0.9345791 
432 345 26 37 0.9343208 
433 217 19 26 0.93406564 
237 248 27 34 0.9289787 
344 133 20 27 0.92768836 
285 134 18 24 0.92665887 
580 85 17 22 0.9244565 
899 82 21 29 0.92131346 
965 137 16 23 0.9165748 
970 24 18 22 0.9156294 
788 174 22 25 0.91264343 
157 177 20 24 0.9101595 
392 81 19 24 0.90138155 
904 104 17 23 0.89828354 
846 48 19 23 0.8866009 
78 149 18 21 0.8828 
892 128 15 19 0.87807316 
787 56 17 22 0.87774193 
524 111 19 23 0.8683916 
293 92 20 22 0.8604802 
567 134 16 20 0.85955864 
460 32 21 28 0.85883623 
113 199 19 24 0.8572594 
411 141 18 22 0.85055715 
515 55 16 22 0.850433 
425 100 15 19 0.83615327 
246 191 21 24 0.8351747 
787 235 30 30 0.830593 
144 96 18 24 0.8233768 
580 5 20 27 0.81678617 
144 269 16 24 0.81239367 
384 129 16 19 0.8110666 
705 144 15 20 0.80018467 
336 40 19 22 0.7921465 
492 7 17 22 0.78035957 
44 187 19 22 0.7801491 
321 83 20 20 0.7789073 
269 162 20 24 0.77661747 
361 118 14 19 0.776203 
248 116 16 22 0.76498055 
783 111 17 19 0.7647759 
979 197 16 25 0.7625784 
488 89 16 21 0.76251394 
980 159 13 24 0.76243 
271 42 18 22 0.757468 
484 354 25 32 0.7542524 
15 116 19 26 0.75056374 
773 207 21 31 0.7453528 
898 194 15 21 0.7198009 
547 193 15 22 0.7181495 
39 17 19 22 0.69821084 
355 173 20 25 0.68962616 
0 141 14 21 0.6866524 
88 133 20 26 0.6848482 
412 58 16 16 0.673606 
91 107 15 20 0.66942954 
456 104 14 17 0.66473114 
