35_Basketball_Basketball_35_361
24
596 120 25 33 0.9997439 
72 163 26 33 0.9997377 
653 252 25 34 0.99965286 
910 130 28 39 0.99961 
478 116 24 33 0.9995772 
699 115 25 33 0.99956244 
517 243 25 34 0.9995437 
301 251 23 36 0.99948776 
405 247 25 31 0.9992329 
823 113 27 32 0.99899584 
870 236 30 36 0.99898666 
164 250 26 35 0.99896026 
364 129 26 34 0.99894375 
778 240 25 32 0.9985613 
262 126 25 31 0.9974853 
163 127 25 32 0.9973252 
308 478 17 17 0.98631823 
403 471 16 15 0.96793336 
382 474 17 15 0.96715355 
485 466 18 15 0.9373128 
503 462 19 19 0.89052856 
580 466 16 12 0.71163523 
677 474 19 18 0.70461154 
564 462 20 17 0.69503254 
