35_Basketball_basketballgame_ball_35_290
21
908 138 30 37 0.9992792 
640 114 32 51 0.9990382 
412 256 41 51 0.99859554 
473 178 34 47 0.9982249 
58 203 20 24 0.9950368 
143 328 11 14 0.96666294 
152 309 9 12 0.9278226 
767 230 14 19 0.74424183 
137 302 9 12 0.6782153 
462 321 9 11 0.6447555 
4 316 13 17 0.61916006 
442 326 10 12 0.58535486 
52 284 8 12 0.49326295 
876 482 23 20 0.4757251 
9 268 11 13 0.4374121 
6 242 9 11 0.41994303 
183 255 7 9 0.39874032 
34 267 9 11 0.3726271 
35 234 8 10 0.35871872 
122 284 10 13 0.35187408 
0 235 6 10 0.32856235 
