35_Basketball_playingbasketball_35_795
39
221 72 23 30 0.99954563 
49 261 70 98 0.9995303 
83 35 24 32 0.9995198 
557 54 43 61 0.998749 
484 497 15 20 0.99730957 
137 111 19 27 0.99611735 
912 436 23 38 0.99402034 
609 518 12 17 0.9924819 
845 81 46 51 0.9861361 
852 595 10 14 0.98106706 
39 14 10 16 0.96024925 
197 128 12 16 0.95935756 
952 28 19 25 0.8565947 
878 584 9 13 0.8331465 
784 517 7 10 0.8032884 
163 126 11 15 0.7968552 
575 557 7 10 0.77259046 
785 550 7 9 0.76695997 
932 573 18 25 0.76133406 
641 14 17 26 0.7442246 
972 75 18 26 0.7254461 
700 520 7 10 0.6849709 
664 551 8 11 0.6832121 
723 547 11 16 0.65079147 
684 523 6 8 0.62753546 
621 497 6 9 0.5928687 
726 521 6 9 0.5758835 
595 499 6 7 0.5706414 
716 525 6 8 0.46065798 
607 422 9 12 0.44609258 
297 14 12 14 0.44606766 
752 525 6 9 0.4351162 
164 439 114 122 0.4181959 
699 542 9 18 0.3860633 
693 551 6 9 0.3753729 
769 551 7 10 0.37372747 
453 178 13 23 0.37103015 
915 296 23 16 0.31632936 
793 521 7 8 0.30132934 
