35_Basketball_playingbasketball_35_794
19
101 159 26 35 0.9999634 
284 173 29 39 0.9998499 
0 167 24 44 0.9998123 
513 136 28 38 0.99945647 
751 88 43 57 0.9990102 
837 141 32 40 0.99798006 
322 162 21 29 0.9968947 
426 174 20 29 0.99678886 
556 123 32 40 0.99549675 
602 172 21 31 0.99392277 
380 172 20 28 0.99107695 
244 179 18 33 0.9848347 
441 200 20 29 0.98130316 
186 163 17 26 0.9792474 
390 146 19 21 0.95981956 
267 148 14 24 0.95925605 
384 195 23 32 0.85057735 
145 22 21 28 0.847542 
377 190 22 34 0.42352116 
