35_Basketball_basketballgame_ball_35_256
21
528 52 63 95 0.99966466 
937 354 43 58 0.99862754 
869 330 41 52 0.9979894 
226 69 58 62 0.9979044 
760 352 48 55 0.99662423 
888 374 38 49 0.9920848 
953 166 43 49 0.9826349 
987 342 32 53 0.9759386 
952 52 29 39 0.9749179 
465 157 49 61 0.97419083 
358 153 34 48 0.9499252 
920 114 33 40 0.93184876 
364 56 40 57 0.83741534 
757 322 41 51 0.8158389 
17 249 45 89 0.7659024 
778 107 32 47 0.6138365 
50 310 106 148 0.5306017 
719 234 45 57 0.49606702 
846 183 37 58 0.40352538 
0 312 36 74 0.36054128 
847 166 36 55 0.33437312 
