35_Basketball_playingbasketball_35_362
20
622 372 19 23 0.9979411 
538 406 21 23 0.99677736 
889 427 15 19 0.9930595 
494 230 22 21 0.9723654 
17 523 11 14 0.9500686 
266 0 117 69 0.9430074 
706 465 10 14 0.85326755 
45 521 12 15 0.84831756 
929 444 12 16 0.8078316 
71 525 11 14 0.75250405 
206 487 12 14 0.6561542 
96 527 11 13 0.61138827 
139 523 11 13 0.5753205 
242 526 9 10 0.55631655 
168 521 10 11 0.48153642 
888 469 16 17 0.45795137 
158 529 11 12 0.39087537 
486 265 52 67 0.3522057 
792 495 6 9 0.34261388 
292 526 8 9 0.3105275 
