35_Basketball_basketballgame_ball_35_998
20
679 61 55 72 0.9994165 
43 388 39 52 0.9989717 
356 313 34 60 0.99818414 
124 286 26 43 0.9951497 
912 278 42 71 0.99143445 
353 94 38 80 0.98828596 
2 307 24 45 0.93003047 
41 200 26 50 0.8138831 
804 270 73 106 0.66743183 
572 130 29 50 0.6011506 
500 337 40 50 0.5960236 
231 113 22 33 0.5802075 
324 115 14 19 0.44243723 
5 606 61 101 0.42367184 
47 109 16 22 0.36435696 
74 289 26 33 0.36348912 
465 102 22 31 0.3516088 
325 405 26 45 0.33514714 
656 90 25 30 0.32731754 
594 50 22 42 0.3072107 
