21_Festival_Festival_21_275
20
966 330 17 19 0.99683964 
259 269 29 54 0.9907831 
685 230 11 15 0.9847136 
751 228 10 12 0.97485447 
997 342 19 22 0.95356786 
883 343 7 9 0.9046963 
920 350 10 13 0.783344 
867 345 12 14 0.7774807 
623 336 24 24 0.6390004 
454 340 24 23 0.62472326 
860 343 8 12 0.6182738 
788 96 10 13 0.5624555 
509 313 24 36 0.54810923 
566 338 27 29 0.49191892 
725 369 14 14 0.46959507 
322 294 49 48 0.46275634 
518 322 13 25 0.40478486 
536 314 9 13 0.37403953 
209 463 17 14 0.3552179 
687 107 10 10 0.32477224 
