21_Festival_Festival_21_42
96
141 1278 14 17 0.99726796 
593 1162 15 17 0.9948618 
697 1318 15 19 0.98154163 
898 1205 14 19 0.9778438 
774 1223 14 18 0.97575265 
593 1206 12 16 0.9729662 
17 1165 14 17 0.9717316 
97 1167 14 18 0.97113556 
76 1272 14 18 0.963457 
800 1286 14 18 0.9627753 
703 1290 14 19 0.96191555 
602 1266 12 15 0.9614813 
875 1330 14 17 0.9529807 
901 1325 15 19 0.9449251 
539 1285 13 16 0.9447753 
638 1259 13 18 0.94315594 
104 1331 16 20 0.9239917 
764 1196 13 17 0.91905385 
62 1226 14 19 0.9183979 
146 1149 13 16 0.90843326 
626 1335 12 16 0.9077802 
160 1267 12 15 0.9007222 
752 1315 14 18 0.89766705 
573 1201 13 14 0.88828987 
727 1273 14 17 0.8838105 
36 1280 18 18 0.8699966 
78 1325 13 17 0.8664998 
671 1288 14 19 0.8630951 
3 1185 13 19 0.8572449 
917 1135 12 15 0.83686453 
113 1232 12 15 0.83670455 
728 1177 13 16 0.8303101 
80 1226 12 15 0.82367074 
742 1192 13 15 0.81584024 
838 1054 10 14 0.809363 
624 1195 15 15 0.8045153 
254 1323 13 15 0.80238193 
0 1325 13 19 0.7897983 
653 1194 13 15 0.75814635 
363 992 11 15 0.7498929 
0 1267 6 15 0.7482291 
392 1143 15 16 0.7467581 
36 1073 12 13 0.73591775 
793 1013 10 13 0.71333194 
60 1266 11 18 0.71054864 
664 1260 14 17 0.710112 
866 1175 12 14 0.6989492 
61 965 11 12 0.6950544 
725 1342 12 16 0.69466645 
688 998 11 14 0.6852977 
641 1173 14 16 0.6762874 
971 1047 12 14 0.67570233 
165 1202 13 18 0.67562944 
37 1269 15 18 0.6689643 
710 1215 12 16 0.66359025 
289 1224 11 15 0.6592964 
773 1317 16 17 0.6536336 
644 1150 12 15 0.64098847 
18 1105 13 13 0.6391543 
770 1278 13 16 0.62918556 
48 1211 13 17 0.62493765 
172 1221 16 16 0.624134 
873 903 9 11 0.61246085 
683 1269 12 15 0.60986775 
228 1053 12 13 0.60972106 
192 1065 14 16 0.6042491 
179 1136 11 13 0.588759 
801 873 7 8 0.5737886 
628 1236 17 18 0.5606478 
450 1004 9 13 0.5527795 
385 1294 11 17 0.5513127 
49 1235 12 13 0.5496227 
256 990 10 11 0.5446684 
700 1191 13 16 0.5351 
835 1091 11 14 0.52508247 
328 829 8 10 0.5015988 
672 1224 12 18 0.50147325 
858 1222 11 14 0.4849733 
94 1070 10 13 0.47651637 
701 1010 9 12 0.45945945 
662 1329 12 14 0.44737923 
811 1009 11 13 0.44376865 
665 942 9 11 0.4319113 
658 1305 15 15 0.4277381 
92 1091 13 16 0.42621616 
93 1288 13 16 0.4211464 
277 833 8 10 0.41970733 
944 1157 9 14 0.41866884 
649 888 8 9 0.41093782 
828 947 9 11 0.38102058 
740 903 11 13 0.35496038 
311 930 8 10 0.3295008 
92 1348 16 18 0.31236488 
124 1225 13 15 0.3053542 
208 1056 12 12 0.30146003 
159 1087 10 13 0.30050063 
