21_Festival_Festival_21_340
30
254 354 13 25 0.9951315 
565 266 11 14 0.9843789 
661 280 10 13 0.97811025 
708 240 7 10 0.9660197 
456 234 8 12 0.95525336 
237 335 13 23 0.947124 
170 370 17 27 0.9371051 
362 264 9 14 0.9242518 
593 257 9 11 0.8988143 
17 345 18 33 0.89672965 
702 292 11 16 0.8727021 
288 234 11 16 0.81510633 
222 333 16 29 0.8089454 
740 245 9 14 0.7754199 
482 233 9 12 0.75822544 
733 244 15 16 0.71120656 
417 234 8 12 0.69438773 
125 259 6 9 0.69211847 
405 328 12 19 0.5993154 
659 332 12 19 0.55396354 
98 324 12 15 0.5327081 
479 260 16 24 0.5232566 
98 281 10 15 0.5224241 
140 309 13 25 0.5120012 
400 149 25 25 0.50527525 
621 258 8 11 0.43028814 
770 94 47 71 0.42981574 
488 257 18 28 0.37031698 
515 318 9 20 0.33555233 
381 237 8 12 0.30573073 
