21_Festival_Festival_21_604
54
10 545 18 20 0.99163294 
204 624 26 27 0.9759521 
55 561 18 23 0.96189946 
760 555 18 21 0.9510678 
73 590 16 23 0.95051676 
200 496 13 15 0.94903344 
162 625 24 23 0.948286 
924 533 14 16 0.86778325 
686 504 14 15 0.836116 
26 496 13 15 0.82040423 
731 586 15 18 0.7845043 
762 517 10 11 0.73968035 
715 510 12 13 0.6860034 
794 644 23 27 0.6840512 
33 572 13 15 0.678657 
859 512 13 14 0.6754573 
60 503 13 16 0.65219724 
945 463 13 15 0.64772993 
729 119 25 25 0.6469027 
101 537 12 17 0.63343185 
904 338 15 12 0.627766 
804 551 23 22 0.6176224 
173 491 14 16 0.6030923 
991 634 26 36 0.56968933 
272 630 27 36 0.53372216 
893 658 19 20 0.53084767 
705 575 27 30 0.5239044 
81 474 12 12 0.5103758 
645 531 14 13 0.5096996 
338 489 13 14 0.5074567 
138 474 10 12 0.49793705 
205 436 11 13 0.49704495 
5 311 24 25 0.46290705 
905 488 9 12 0.45950064 
276 625 14 16 0.45629597 
747 539 15 19 0.45191777 
809 540 12 15 0.44418362 
703 552 14 13 0.4324847 
83 39 16 17 0.418463 
744 648 13 16 0.40565458 
950 523 12 14 0.40340155 
967 464 18 19 0.39492437 
134 586 12 20 0.39058807 
739 643 19 24 0.36060846 
199 541 11 14 0.3517756 
959 564 13 19 0.34723693 
367 530 17 14 0.3463116 
40 479 12 13 0.34044537 
895 458 11 13 0.33460444 
959 641 18 25 0.32604268 
13 631 20 21 0.31109813 
794 550 18 24 0.3086527 
124 625 29 32 0.30491152 
865 595 12 13 0.30048352 
