21_Festival_Festival_21_943
21
189 194 12 14 0.96946925 
738 190 10 13 0.9593514 
708 194 10 16 0.92407084 
295 187 15 17 0.9056448 
102 178 11 16 0.8985435 
763 186 8 11 0.77670425 
168 193 8 10 0.7625991 
353 178 10 15 0.7621203 
806 190 9 13 0.7389859 
518 184 10 14 0.5547584 
111 195 12 14 0.4890517 
710 193 14 15 0.46945792 
251 186 9 13 0.4642799 
939 196 8 11 0.46202052 
804 192 9 13 0.4226866 
829 193 12 14 0.39637116 
155 198 12 13 0.38838392 
882 178 12 17 0.3876028 
212 193 9 10 0.36963654 
69 195 11 14 0.35296208 
252 190 10 11 0.31574157 
