12_Group_Team_Organized_Group_12_Group_Team_Organized_Group_12_778
65
646 299 25 30 0.99991834 
108 282 26 29 0.9998716 
586 300 24 30 0.9998591 
344 290 23 28 0.99981374 
226 280 25 29 0.99980825 
708 304 27 30 0.9998055 
171 284 24 29 0.9997967 
467 294 23 31 0.99979454 
850 191 25 28 0.99978656 
930 149 31 37 0.9997758 
466 66 20 24 0.9997639 
539 67 20 25 0.99976176 
781 302 26 31 0.99970055 
413 57 20 24 0.99967885 
893 166 23 30 0.99964595 
287 293 24 25 0.99964285 
177 213 22 26 0.99961 
653 229 22 27 0.99959534 
294 101 22 25 0.9995839 
579 58 20 26 0.9995665 
235 222 20 25 0.99956447 
231 97 20 24 0.99953353 
766 116 22 29 0.99952734 
318 73 20 25 0.999511 
807 76 20 27 0.9995097 
876 132 23 27 0.99950707 
663 89 22 28 0.99949384 
405 308 24 28 0.9994924 
903 139 24 27 0.9994836 
718 119 24 30 0.9994646 
746 92 22 28 0.99943215 
435 83 21 27 0.9994035 
60 282 25 29 0.99939775 
582 99 21 28 0.99938595 
612 229 20 27 0.9993705 
499 88 23 28 0.99933213 
164 92 20 26 0.999313 
689 75 19 24 0.99928457 
556 228 20 26 0.99927 
210 50 19 26 0.9992576 
817 140 26 29 0.9992518 
384 227 20 26 0.9992336 
707 54 20 24 0.99922824 
623 91 21 24 0.9992106 
847 130 24 30 0.99916124 
495 224 20 27 0.99913824 
517 294 24 32 0.99909234 
330 228 20 26 0.9989973 
789 94 20 22 0.99890745 
512 59 21 28 0.9989059 
276 228 21 25 0.99879175 
717 88 20 25 0.99874926 
830 99 23 26 0.9986355 
389 68 21 25 0.9985607 
252 77 17 22 0.99850345 
283 63 19 23 0.99848 
805 116 23 25 0.9983966 
693 121 22 28 0.9983908 
742 68 22 24 0.99833137 
441 226 20 27 0.998312 
345 56 20 23 0.99828476 
370 82 21 27 0.9973877 
644 78 17 24 0.9972314 
597 76 15 23 0.9909965 
660 71 17 20 0.9603142 
