12_Group_Team_Organized_Group_12_Group_Team_Organized_Group_12_283
61
233 256 23 28 0.9997234 
890 266 20 26 0.9996526 
135 333 26 30 0.99963546 
360 340 23 28 0.9995734 
441 331 22 25 0.99952054 
235 347 24 30 0.9994261 
468 234 19 22 0.9993837 
204 239 17 20 0.99923766 
588 236 19 26 0.99921 
801 241 18 22 0.99917066 
296 349 21 26 0.99906796 
846 248 19 24 0.9990569 
826 248 19 23 0.99901915 
560 239 20 26 0.99898607 
432 246 22 27 0.9989699 
735 284 19 25 0.99874616 
653 258 19 24 0.99873966 
477 269 22 25 0.99865735 
265 249 20 24 0.9985482 
70 235 20 24 0.9985251 
283 231 17 22 0.99845374 
952 264 20 21 0.99841154 
460 251 20 24 0.9983891 
575 359 21 25 0.99838054 
520 348 20 23 0.99828476 
668 234 18 20 0.9981634 
672 270 19 25 0.99815804 
626 259 19 25 0.99811906 
63 320 25 29 0.9981008 
480 214 18 22 0.9979103 
96 261 21 20 0.99786925 
359 243 19 23 0.997654 
768 244 20 24 0.99757165 
614 233 19 25 0.99741215 
307 265 20 25 0.99735343 
390 258 20 22 0.99676126 
737 230 17 22 0.99670994 
521 221 19 22 0.9962734 
673 357 20 25 0.99599564 
335 241 18 21 0.9947137 
177 261 20 23 0.99442095 
355 263 19 24 0.99409264 
307 232 17 18 0.99364775 
386 228 19 24 0.99364245 
177 227 13 17 0.9925339 
216 229 17 22 0.99199235 
709 243 18 22 0.99138594 
525 244 17 20 0.99020666 
412 244 18 20 0.98990405 
330 259 18 24 0.9884139 
148 252 18 21 0.9834647 
249 234 14 17 0.9831088 
303 250 16 19 0.9749576 
136 236 15 20 0.9748103 
108 235 21 19 0.9721782 
363 233 16 16 0.96445423 
520 260 18 23 0.9558672 
316 221 15 18 0.9557649 
701 230 14 18 0.94766986 
645 233 13 16 0.93298227 
540 249 14 20 0.56252396 
