12_Group_Large_Group_12_Group_Large_Group_12_253
51
679 324 27 32 0.9997125 
485 363 34 45 0.9996902 
500 210 21 28 0.99967 
357 227 26 35 0.9996586 
616 285 28 31 0.99964345 
972 389 33 39 0.99962604 
408 236 26 35 0.9996026 
681 237 21 28 0.99954337 
40 265 32 39 0.99954164 
797 232 23 31 0.9995307 
660 387 28 35 0.9995092 
298 228 24 32 0.9994791 
351 421 31 39 0.9994642 
161 265 31 36 0.9994307 
935 261 26 31 0.99938774 
546 336 30 37 0.9993511 
30 203 24 32 0.9993255 
262 220 21 26 0.9991999 
280 261 28 36 0.9991497 
88 243 28 34 0.9990845 
131 415 36 48 0.9990626 
709 247 23 28 0.99886096 
244 399 32 42 0.9988551 
208 196 22 30 0.9988462 
767 203 21 27 0.99881375 
24 435 30 43 0.9987043 
612 208 22 30 0.9984768 
765 262 21 25 0.99846387 
875 387 28 37 0.9983171 
460 233 25 34 0.99808997 
759 375 26 29 0.9980635 
607 324 24 31 0.9980293 
590 419 29 40 0.99797386 
636 226 24 30 0.99793327 
861 224 22 25 0.99789363 
119 200 22 29 0.99777824 
564 323 23 31 0.99755317 
732 232 21 28 0.9975018 
331 201 22 29 0.9974197 
390 428 39 45 0.99729055 
561 205 20 28 0.9965299 
212 271 30 31 0.99621 
862 250 25 34 0.99610317 
395 200 22 28 0.99486214 
159 211 27 33 0.99480397 
0 241 20 33 0.991723 
896 241 21 29 0.9908119 
458 205 22 26 0.98821217 
31 260 20 31 0.6953836 
781 236 20 28 0.63672787 
690 220 18 26 0.526438 
