12_Group_Group_12_Group_Group_12_80
21
72 142 31 39 0.9997794 
182 290 39 50 0.9996841 
932 132 30 40 0.9995963 
704 121 27 37 0.9995029 
407 102 30 40 0.9994842 
470 121 33 41 0.99926275 
872 280 33 40 0.99916685 
303 302 33 40 0.9991264 
281 116 34 41 0.999086 
768 280 33 46 0.9989003 
132 112 34 39 0.9987814 
221 126 33 40 0.99871576 
522 98 32 38 0.99870634 
349 126 32 39 0.9985464 
541 224 35 43 0.9985267 
653 215 35 48 0.99847573 
420 224 35 46 0.99836916 
804 116 31 37 0.99832684 
595 115 30 35 0.99830437 
838 168 28 38 0.99828976 
641 115 30 38 0.9981232 
