12_Group_Large_Group_12_Group_Large_Group_12_315
93
754 267 30 38 0.9996667 
495 379 32 36 0.9995504 
191 316 21 22 0.9994789 
182 409 25 29 0.9994474 
808 386 37 47 0.99930096 
600 303 25 30 0.9992878 
647 307 30 33 0.9991485 
119 345 22 25 0.99907935 
368 359 25 29 0.9990252 
156 342 22 24 0.9989704 
682 274 26 33 0.99892056 
536 331 22 28 0.99888104 
693 411 34 40 0.99881727 
926 410 21 22 0.9987418 
794 257 27 37 0.99869305 
429 347 20 24 0.9985481 
185 341 21 25 0.99846077 
504 314 20 27 0.99834096 
334 381 22 27 0.9983183 
579 404 34 46 0.9982815 
898 352 16 19 0.99821764 
883 420 21 23 0.9974686 
258 409 23 32 0.99738055 
228 334 21 25 0.9971981 
294 359 18 24 0.9970432 
311 278 17 20 0.99687743 
954 387 16 17 0.9966695 
882 392 20 25 0.9962083 
406 297 16 18 0.99598444 
387 289 16 19 0.99544036 
264 338 19 23 0.99528 
863 411 20 24 0.99515414 
116 424 26 31 0.9951106 
950 450 22 26 0.9951041 
354 280 16 18 0.99424756 
480 331 20 25 0.99416536 
447 329 18 24 0.99267405 
499 271 17 20 0.9921172 
453 281 14 18 0.99094313 
287 316 16 19 0.9904468 
371 319 19 23 0.98964393 
321 351 19 20 0.9844758 
489 304 17 21 0.98384494 
436 225 13 15 0.9825231 
132 328 20 22 0.98230594 
536 254 14 18 0.9807911 
554 237 13 17 0.97564906 
476 262 15 18 0.9754532 
415 266 14 17 0.97144014 
571 238 12 17 0.9706625 
320 323 17 20 0.96663874 
382 269 14 17 0.9665123 
476 243 14 14 0.9614953 
348 309 16 19 0.9589716 
389 314 16 21 0.95212764 
397 258 13 16 0.94926316 
456 215 12 14 0.9491157 
506 229 13 15 0.9452166 
209 339 19 24 0.9425828 
420 241 13 14 0.93045694 
446 261 13 16 0.92461514 
497 242 13 15 0.9113474 
481 220 13 15 0.9112642 
457 233 12 15 0.9102039 
429 315 16 18 0.8895868 
520 209 11 14 0.87494195 
581 220 12 14 0.8640383 
527 234 11 14 0.86390775 
613 218 11 14 0.82479703 
546 213 10 14 0.7901742 
535 209 10 13 0.71793574 
608 203 10 12 0.71053326 
220 521 91 90 0.7063917 
596 215 10 12 0.6976687 
695 142 10 12 0.6949222 
679 148 9 11 0.6632621 
498 214 11 14 0.63512206 
658 183 10 15 0.61724955 
752 131 9 12 0.61053014 
838 60 11 12 0.5988988 
611 183 10 12 0.5979067 
798 136 9 10 0.5902864 
594 188 9 12 0.5881572 
669 169 10 11 0.5520883 
706 144 9 11 0.5491004 
566 200 10 12 0.51508045 
555 212 10 13 0.5146825 
812 129 9 11 0.50526 
772 138 9 11 0.4512126 
657 163 9 9 0.40320408 
611 168 9 11 0.3945217 
838 115 10 11 0.35420877 
723 136 9 11 0.31555042 
