12_Group_Large_Group_12_Group_Large_Group_12_276
23
848 87 62 65 0.9997749 
216 238 59 72 0.99975115 
573 201 59 74 0.99951684 
441 235 57 73 0.99940026 
595 88 55 71 0.99938345 
582 25 39 50 0.9993703 
492 1 45 52 0.9991866 
297 5 41 53 0.99899477 
709 76 49 57 0.99889815 
519 80 54 62 0.9988147 
137 10 48 51 0.9986966 
322 223 59 72 0.9986203 
355 33 52 77 0.99842983 
668 261 68 78 0.9982053 
225 60 51 67 0.9975077 
438 63 52 67 0.99423754 
696 150 56 83 0.9920453 
650 65 44 52 0.980822 
0 71 31 65 0.97333187 
106 290 60 71 0.93733525 
976 23 24 31 0.8512973 
813 168 124 108 0.7236346 
52 94 46 44 0.30032796 
