12_Group_Large_Group_12_Group_Large_Group_12_228
25
203 410 15 18 0.997154 
484 398 15 20 0.9971513 
338 413 16 18 0.9966809 
294 407 14 19 0.9954234 
526 409 16 19 0.995362 
564 405 17 20 0.9953028 
781 411 16 20 0.99499375 
870 421 17 18 0.994843 
699 416 16 19 0.9945903 
155 415 16 18 0.99365944 
111 412 16 18 0.9935841 
430 415 16 20 0.99334383 
828 407 16 20 0.99244654 
654 419 17 21 0.99237 
907 414 16 19 0.99208003 
607 413 16 20 0.9915768 
247 412 16 18 0.9913475 
743 408 17 20 0.9903287 
393 413 15 18 0.99008965 
307 476 15 17 0.95691985 
464 502 14 16 0.9455787 
89 123 14 16 0.58563393 
62 0 146 125 0.51948583 
244 467 20 23 0.4632478 
466 478 11 13 0.43466526 
