12_Group_Team_Organized_Group_12_Group_Team_Organized_Group_12_186
47
401 144 25 36 0.99988616 
824 197 30 37 0.99979097 
697 220 27 32 0.99974376 
192 174 27 36 0.99974316 
448 392 30 38 0.9996611 
675 194 25 32 0.9995839 
461 190 25 31 0.9995449 
756 224 27 35 0.9995377 
860 325 30 40 0.9995271 
112 171 27 37 0.9995034 
368 192 25 33 0.99950266 
340 313 26 30 0.9994796 
200 357 34 41 0.999445 
598 359 29 38 0.9994419 
762 155 25 29 0.9994161 
972 342 28 38 0.999406 
13 179 31 39 0.99940014 
253 148 22 27 0.99938834 
716 353 30 35 0.99936014 
327 156 24 32 0.9993593 
69 155 31 38 0.9993031 
529 345 28 33 0.9992625 
310 382 28 35 0.999226 
625 203 26 31 0.99920744 
396 369 27 34 0.9992022 
269 195 26 33 0.99915993 
162 147 28 31 0.99914813 
719 175 24 30 0.9991308 
576 112 20 28 0.99911994 
516 194 24 30 0.99906844 
584 154 23 31 0.9990645 
284 169 23 25 0.9988312 
297 271 25 32 0.99873 
225 204 26 34 0.99865353 
901 194 26 32 0.9985581 
657 369 27 34 0.9985234 
449 163 21 26 0.9984849 
560 197 25 31 0.9984699 
469 309 28 33 0.99844617 
675 155 21 27 0.9982704 
495 165 23 28 0.99817216 
722 143 23 27 0.9976712 
601 185 23 32 0.9973738 
365 157 23 31 0.9972058 
512 99 21 29 0.9942861 
146 192 29 34 0.99341476 
776 448 29 32 0.40691757 
