12_Group_Team_Organized_Group_12_Group_Team_Organized_Group_12_60
20
368 166 45 58 0.9997168 
195 183 50 62 0.9996214 
112 156 46 49 0.9995952 
520 231 53 80 0.9995714 
447 168 33 48 0.99944466 
594 148 39 48 0.99941707 
823 72 56 65 0.9993235 
416 257 49 71 0.99925953 
655 179 53 75 0.9991571 
300 154 35 43 0.99891806 
927 0 73 56 0.9986732 
186 150 38 45 0.9986519 
757 121 46 44 0.99864966 
18 180 50 58 0.99847966 
524 152 42 61 0.99816775 
661 112 57 68 0.99813783 
409 558 50 34 0.7699264 
641 486 63 71 0.46902102 
334 481 41 44 0.41861904 
989 153 35 49 0.40414518 
