12_Group_Group_12_Group_Group_12_379
32
792 105 27 35 0.99989784 
296 166 28 36 0.9998448 
535 233 34 42 0.9998386 
870 171 30 36 0.9998293 
522 111 29 38 0.99980587 
360 153 30 38 0.9998 
330 242 33 41 0.9997774 
242 234 31 39 0.99976414 
615 111 27 34 0.99975866 
189 98 33 45 0.99973875 
78 232 35 40 0.9997328 
482 120 30 36 0.9997267 
382 116 29 35 0.999723 
895 226 31 43 0.9997228 
285 111 28 35 0.9997205 
430 153 34 40 0.99962974 
733 220 33 38 0.9995883 
426 247 33 43 0.9995641 
155 242 32 41 0.9995579 
580 136 29 32 0.9995459 
845 114 32 39 0.99953043 
729 133 28 31 0.9995084 
631 231 33 38 0.9995028 
764 153 29 39 0.99949443 
156 187 29 34 0.99947196 
799 242 33 41 0.9993573 
664 124 29 33 0.9992951 
638 179 28 33 0.99913067 
534 167 31 35 0.99896324 
417 100 28 30 0.998725 
226 172 28 35 0.99869174 
561 595 29 18 0.64331025 
