29_Students_Schoolkids_Students_Schoolkids_29_21
29
878 14 36 46 0.99966824 
309 85 63 82 0.9996158 
740 191 132 177 0.999539 
462 149 105 136 0.99952924 
614 54 51 70 0.99945456 
207 108 53 61 0.9993073 
113 54 40 49 0.9990657 
73 60 39 44 0.9989791 
71 144 75 85 0.99881124 
944 63 56 64 0.9985593 
768 62 50 59 0.99833614 
447 57 48 58 0.9982988 
727 36 36 45 0.9974669 
11 70 27 38 0.9964987 
154 81 46 62 0.99641234 
924 37 44 47 0.9955367 
661 28 31 38 0.99403447 
582 13 25 35 0.9925223 
807 20 29 40 0.9910773 
581 50 33 49 0.9879066 
468 23 27 31 0.9823731 
992 30 29 39 0.97903115 
436 34 36 42 0.96488047 
407 50 24 32 0.9532074 
355 74 38 45 0.9343682 
739 16 26 32 0.9307614 
508 48 33 41 0.80968374 
3 541 56 35 0.63595474 
435 385 129 146 0.5739458 
