29_Students_Schoolkids_Students_Schoolkids_29_251
21
655 269 61 73 0.9998209 
499 214 70 90 0.99966896 
263 466 68 82 0.9996245 
734 298 69 82 0.999587 
381 479 67 76 0.999559 
51 559 72 82 0.9995586 
636 168 58 74 0.99954283 
48 314 58 63 0.99948585 
483 467 59 76 0.99946016 
899 96 45 57 0.9994369 
749 495 66 84 0.9993272 
316 330 54 69 0.9991929 
909 217 64 67 0.9991725 
409 111 54 54 0.9990508 
215 267 67 68 0.9990357 
377 277 51 55 0.9989936 
114 195 58 73 0.99878806 
219 195 47 54 0.99701405 
388 211 42 48 0.9963642 
555 360 62 69 0.99360716 
507 143 43 54 0.917953 
