29_Students_Schoolkids_Students_Schoolkids_29_494
19
284 28 42 50 0.9992493 
354 238 51 60 0.99915814 
382 166 33 33 0.9986877 
298 318 54 65 0.99865675 
461 157 34 35 0.9969723 
787 130 26 34 0.9915639 
720 133 26 41 0.9912981 
824 135 21 24 0.98711 
542 146 26 32 0.98576385 
436 160 24 30 0.98446226 
608 197 25 39 0.8311858 
862 143 22 25 0.7948611 
687 331 64 93 0.6519983 
897 138 14 21 0.5363042 
765 128 16 27 0.49465382 
354 163 21 28 0.41678023 
563 165 24 31 0.41213322 
658 145 18 30 0.35047978 
555 249 27 27 0.30074778 
