47_Matador_Bullfighter_matadorbullfighting_47_731
94
424 170 20 21 0.99259347 
575 139 21 26 0.98977566 
12 167 13 13 0.9752366 
996 129 14 14 0.9348497 
362 164 12 13 0.82396823 
974 136 12 13 0.8013196 
198 161 10 11 0.8000042 
29 152 12 13 0.75781655 
1006 4 11 14 0.7572676 
73 149 12 13 0.73015666 
141 10 11 13 0.7265453 
645 151 11 13 0.7245912 
313 200 87 104 0.6966935 
389 148 11 11 0.67284137 
973 140 13 15 0.66850907 
963 72 10 12 0.6612563 
103 120 11 13 0.6538164 
231 6 10 11 0.65057063 
528 181 13 17 0.6306285 
721 134 11 13 0.6225487 
1 148 12 14 0.61619097 
991 79 11 13 0.61490643 
166 158 11 12 0.6082104 
39 127 12 14 0.5959407 
34 97 11 13 0.5897486 
164 6 9 12 0.5852871 
369 154 12 13 0.58474666 
883 129 11 13 0.5834995 
1014 86 10 12 0.5756561 
563 118 15 19 0.572445 
907 135 11 13 0.571698 
986 104 12 14 0.5699153 
914 109 11 13 0.56102735 
0 4 7 13 0.5604411 
680 113 12 14 0.5568346 
781 136 10 14 0.552187 
0 80 7 12 0.5482464 
123 144 12 13 0.5460014 
189 8 13 13 0.5448431 
128 6 10 12 0.5307262 
259 4 11 13 0.5245671 
839 85 11 13 0.521924 
190 138 11 14 0.520201 
523 124 11 15 0.5145376 
923 90 11 14 0.5141076 
287 12 10 11 0.5123759 
496 115 13 15 0.5073837 
279 143 10 14 0.50673926 
302 133 12 14 0.5031578 
326 143 13 15 0.50018203 
51 83 11 12 0.49085253 
972 47 10 13 0.47995493 
403 133 12 13 0.47698447 
70 67 11 12 0.4720194 
755 87 12 15 0.46716556 
58 174 12 15 0.46470055 
461 147 12 13 0.4628949 
494 62 11 13 0.46282968 
1011 51 10 12 0.46159217 
978 36 10 11 0.44762596 
626 108 11 14 0.4313816 
403 0 9 10 0.4207634 
783 79 10 12 0.41649342 
950 113 12 14 0.41267672 
767 126 10 13 0.41061267 
86 101 10 12 0.39568403 
83 123 11 13 0.39322278 
85 21 10 11 0.39244625 
947 39 10 11 0.3903296 
613 150 11 14 0.38665825 
390 4 10 12 0.38375092 
944 50 10 12 0.38367373 
178 4 11 11 0.38053292 
851 96 10 12 0.37522 
890 101 11 14 0.3741788 
82 141 12 14 0.35626173 
250 6 10 12 0.3555244 
692 91 11 11 0.34980837 
832 111 11 13 0.34610793 
19 135 12 13 0.34383646 
871 112 11 14 0.32855275 
515 70 10 13 0.32632563 
413 157 12 12 0.32327005 
646 119 10 12 0.32146615 
29 78 10 11 0.3200516 
429 105 10 12 0.31978068 
363 12 10 11 0.31912145 
361 117 10 12 0.31471977 
302 1 10 12 0.31328574 
339 6 11 13 0.31290126 
165 124 10 12 0.306134 
347 108 11 12 0.3059308 
969 91 11 12 0.3036408 
642 28 11 11 0.30240965 
