54_Rescue_rescuepeople_54_581
67
91 337 11 12 0.96807677 
906 371 11 13 0.96054757 
167 351 10 14 0.9551728 
213 330 11 14 0.94218093 
0 335 8 12 0.9259737 
968 191 9 13 0.9032665 
98 359 10 11 0.8980506 
1014 373 10 12 0.8927299 
315 339 10 12 0.88787496 
692 191 9 13 0.88638157 
815 367 9 11 0.88497126 
597 354 9 14 0.88287014 
420 330 10 14 0.87980646 
937 197 8 12 0.8794474 
372 352 11 14 0.8792209 
540 336 9 13 0.8707418 
804 194 8 10 0.8531848 
234 193 10 13 0.84993976 
691 373 9 12 0.84630567 
841 369 10 11 0.8431477 
815 182 9 12 0.8389202 
888 312 8 12 0.8340943 
480 316 11 13 0.808413 
234 352 10 11 0.8078894 
262 330 11 13 0.80370146 
479 353 9 13 0.79930276 
974 423 10 12 0.77610064 
959 195 8 11 0.7634964 
106 193 8 12 0.7475534 
624 187 10 12 0.74056613 
452 192 9 11 0.7305887 
849 182 10 11 0.728256 
742 371 10 12 0.71428084 
287 192 9 10 0.7082242 
33 184 9 12 0.6989618 
654 199 7 10 0.6970983 
963 308 9 11 0.69584966 
363 360 8 11 0.6876996 
903 208 8 10 0.6849212 
249 186 8 11 0.67257124 
882 196 8 11 0.6689735 
505 181 10 12 0.6677232 
539 369 8 11 0.6673045 
641 365 11 13 0.66454244 
323 197 8 11 0.6211805 
997 369 10 12 0.6131702 
361 342 8 11 0.60291314 
56 348 8 12 0.5984231 
194 184 8 10 0.5956777 
304 191 9 11 0.59486413 
435 183 9 11 0.59280944 
211 202 8 10 0.58189905 
976 201 8 11 0.5715639 
791 364 10 12 0.5705602 
538 317 10 12 0.5450607 
749 198 7 11 0.5307251 
479 179 8 11 0.52226424 
404 180 9 11 0.5100161 
875 377 8 12 0.496079 
385 189 9 9 0.49334913 
915 200 7 11 0.43243784 
202 329 10 11 0.4116062 
9 189 6 12 0.40115303 
921 318 7 9 0.3958144 
621 363 8 11 0.36941332 
109 222 8 8 0.33401832 
333 355 8 11 0.3204011 
