54_Rescue_rescuepeople_54_159
20
887 28 29 37 0.9781877 
483 423 28 39 0.9199316 
713 85 23 25 0.91383255 
690 111 25 32 0.8903637 
423 229 17 19 0.8701727 
352 113 20 27 0.86894524 
795 80 17 22 0.82322294 
634 115 17 21 0.7978407 
811 61 17 23 0.7645214 
809 36 19 23 0.7455258 
775 103 22 24 0.73108155 
780 32 20 24 0.66252416 
299 206 18 23 0.6183272 
519 180 17 25 0.6068692 
797 101 26 31 0.5552802 
914 73 20 29 0.4709355 
588 94 24 28 0.43933144 
752 130 28 30 0.3618248 
674 113 25 30 0.34752274 
845 4 28 39 0.34386972 
