28_Sports_Fan_Sports_Fan_28_7
49
471 648 114 142 0.998708 
84 862 70 99 0.9983082 
873 1127 99 145 0.9970638 
939 845 71 105 0.9942457 
589 636 33 37 0.99298143 
144 676 59 58 0.99193054 
152 875 45 69 0.9883052 
56 788 46 46 0.9837946 
203 663 41 45 0.98276836 
841 538 22 27 0.9805222 
539 601 36 38 0.9458201 
298 433 20 24 0.9328559 
815 810 31 41 0.92652476 
978 666 33 35 0.9071641 
196 560 29 33 0.8929671 
653 580 24 38 0.790666 
6 565 35 45 0.7800438 
262 347 21 23 0.7442388 
168 528 24 30 0.7157912 
819 540 19 20 0.7101926 
805 416 21 22 0.70858365 
605 511 20 20 0.692732 
91 564 42 54 0.6454131 
189 416 26 26 0.6423331 
282 365 19 20 0.6337137 
710 542 23 36 0.59228534 
928 693 44 44 0.5899695 
999 491 17 22 0.5564897 
25 293 20 22 0.5532189 
61 503 26 35 0.54785794 
494 591 22 23 0.50139 
33 385 21 25 0.4395555 
211 361 24 22 0.41708857 
863 352 19 20 0.41509855 
194 305 21 21 0.41499847 
883 297 18 19 0.41271606 
320 636 49 70 0.40161714 
571 629 25 34 0.39300862 
1005 343 17 18 0.3802063 
115 353 23 22 0.36799398 
665 634 33 44 0.36437002 
1001 579 23 37 0.36313212 
41 325 21 20 0.3598422 
7 192 15 20 0.35651726 
213 303 18 19 0.33878577 
940 276 17 19 0.33351627 
1006 233 16 21 0.32882586 
0 854 30 112 0.32791016 
290 278 14 20 0.30283782 
