23_Shoppers_Shoppers_23_459
21
781 125 8 12 0.8647102 
254 491 9 12 0.8557041 
277 431 7 9 0.82247376 
49 127 11 17 0.75183237 
325 417 7 9 0.74930733 
135 123 10 14 0.6984546 
775 107 7 10 0.6690595 
104 116 12 15 0.5971841 
668 506 12 19 0.5936938 
110 113 12 17 0.57051814 
8 750 13 18 0.563627 
52 125 11 18 0.5419262 
469 750 7 11 0.5198508 
306 417 8 10 0.51975524 
888 480 8 11 0.40086246 
78 488 26 19 0.39403105 
338 136 6 8 0.35893714 
466 750 8 10 0.3578719 
11 752 16 15 0.33235565 
255 432 6 8 0.3225941 
652 523 11 16 0.31081387 
