23_Shoppers_Shoppers_23_43
21
357 231 64 74 0.9995541 
572 147 46 57 0.99871576 
167 230 61 69 0.99839574 
155 392 66 85 0.99623847 
939 123 28 30 0.9936625 
921 199 59 68 0.9861631 
68 147 34 39 0.9784788 
76 211 35 66 0.9212717 
22 146 28 34 0.86432874 
789 141 27 35 0.84417486 
380 132 26 48 0.8090911 
859 141 39 53 0.7653727 
974 117 23 29 0.7506337 
796 135 35 44 0.7008468 
603 121 33 47 0.6274743 
726 331 43 51 0.5847635 
872 139 21 27 0.5434001 
232 143 28 31 0.5252257 
440 394 37 56 0.4234711 
863 141 26 35 0.36253074 
806 138 38 44 0.3073099 
