18_Concerts_Concerts_18_151
62
783 146 18 23 0.9990645 
997 332 20 23 0.9986504 
472 324 17 18 0.99864715 
897 203 19 24 0.9986272 
122 332 18 24 0.99853873 
872 147 18 24 0.9983096 
152 401 18 20 0.9982309 
203 91 15 19 0.99803776 
475 204 17 25 0.99789906 
852 62 17 21 0.99773955 
955 151 16 18 0.9975102 
560 202 19 21 0.99733126 
870 257 20 26 0.9972766 
980 272 18 24 0.99679035 
88 285 15 19 0.9967014 
590 324 20 26 0.9964888 
727 318 20 28 0.9964414 
102 105 16 20 0.9963206 
755 261 18 23 0.99621993 
331 262 20 24 0.99612975 
695 146 17 22 0.9961105 
582 270 18 17 0.99582493 
720 59 17 23 0.9957754 
399 150 18 20 0.9949285 
504 138 18 23 0.9945749 
742 414 19 25 0.99424666 
587 145 18 21 0.99399817 
8 349 18 26 0.9937844 
131 88 16 21 0.9933442 
34 80 14 17 0.9933361 
671 257 17 22 0.9919503 
209 266 19 24 0.98913354 
784 201 19 21 0.9887754 
472 262 17 17 0.9884863 
345 81 17 17 0.986405 
464 70 16 17 0.9861822 
95 427 16 23 0.9849555 
106 56 13 15 0.9822989 
1009 203 15 19 0.9822923 
592 71 15 17 0.9820563 
305 397 19 24 0.97285265 
65 76 12 15 0.96934044 
889 438 11 21 0.9676817 
70 99 14 15 0.9642547 
338 207 15 16 0.95729715 
986 59 16 22 0.9511838 
7 111 14 16 0.9448315 
362 337 17 20 0.930549 
714 435 18 26 0.91461766 
225 330 21 22 0.9066801 
501 338 15 25 0.8848412 
851 326 21 25 0.8630463 
264 431 16 23 0.86196244 
130 428 12 17 0.82522666 
867 413 15 21 0.78886104 
837 449 12 11 0.7067729 
871 176 13 15 0.6599882 
19 98 11 14 0.6145431 
886 64 9 13 0.49588823 
15 80 11 14 0.4513914 
706 443 22 20 0.33081576 
493 72 10 13 0.32655355 
