18_Concerts_Concerts_18_602
63
480 400 28 31 0.9992156 
297 529 38 55 0.99919003 
897 479 42 61 0.9990833 
773 334 16 20 0.99898213 
330 505 36 56 0.9989359 
369 393 28 42 0.9987319 
167 405 24 30 0.99849963 
309 386 25 33 0.9984451 
556 384 34 43 0.99828404 
452 346 15 20 0.9981717 
458 487 28 40 0.99801105 
249 302 19 26 0.9978326 
938 374 37 50 0.9974511 
407 391 18 26 0.99697876 
837 340 16 21 0.9963946 
39 345 18 23 0.99405473 
79 421 20 26 0.993393 
108 257 12 15 0.99312544 
871 372 20 25 0.9927769 
142 256 14 19 0.99051416 
232 299 14 21 0.9890859 
473 361 20 25 0.98847044 
189 261 10 17 0.9876151 
23 339 14 18 0.9867557 
263 260 12 16 0.9854418 
346 380 17 24 0.9802924 
301 254 14 16 0.97755927 
50 264 11 16 0.9679285 
259 537 26 43 0.9640736 
141 405 22 27 0.96345806 
396 326 11 16 0.9582056 
522 339 14 17 0.95255727 
51 382 22 27 0.94882864 
519 324 12 15 0.94299287 
192 366 16 19 0.94109535 
681 354 12 18 0.9402366 
438 329 12 17 0.9321149 
133 395 15 23 0.93062687 
739 373 17 22 0.9297665 
615 268 9 12 0.90818316 
710 340 16 19 0.9000895 
512 392 18 25 0.88615113 
568 333 13 15 0.8702705 
211 275 11 14 0.8606378 
332 267 11 16 0.83369404 
408 287 10 15 0.8302042 
87 720 21 28 0.81575394 
347 334 18 17 0.8120134 
652 348 14 14 0.7768283 
666 341 18 25 0.77431643 
778 658 39 36 0.7714236 
120 408 13 16 0.73493564 
842 354 13 18 0.64951706 
367 272 12 16 0.61817205 
481 262 9 13 0.59538966 
367 280 14 18 0.574656 
338 330 16 19 0.56376976 
583 259 9 13 0.51434785 
906 352 10 15 0.47322792 
170 266 11 17 0.4234371 
926 342 13 14 0.41428766 
546 277 9 12 0.41253605 
394 359 17 28 0.33147797 
