26_Soldier_Drilling_Soldiers_Drilling_26_204
22
369 255 30 38 0.99108875 
439 199 19 23 0.9804971 
450 142 16 18 0.924895 
662 237 24 30 0.87176055 
500 106 13 13 0.85127765 
598 118 12 13 0.8480627 
946 114 12 12 0.79323936 
965 149 16 18 0.7465316 
976 113 13 11 0.69225067 
1015 127 9 11 0.6334018 
586 86 9 12 0.59511524 
194 79 11 11 0.55259115 
238 67 11 12 0.5376004 
854 290 38 37 0.50520664 
623 159 11 14 0.48511082 
722 372 41 43 0.41646424 
924 304 22 21 0.41184673 
759 156 26 43 0.3695197 
783 218 28 43 0.34779057 
986 122 12 11 0.33276346 
1012 147 11 12 0.32821748 
890 277 19 19 0.3161017 
