7_Cheering_Cheering_7_171
27
383 405 18 24 0.9968233 
24 389 18 22 0.8153591 
77 415 20 28 0.81456554 
728 286 15 16 0.76874214 
292 268 17 21 0.6077542 
425 309 17 24 0.59079957 
553 293 17 19 0.56380594 
984 370 17 22 0.5533786 
156 92 16 19 0.5007406 
344 217 17 20 0.48576608 
59 59 16 20 0.48557612 
848 280 17 22 0.47306612 
602 260 17 20 0.4447464 
751 256 16 19 0.44328365 
123 415 17 22 0.43307126 
83 423 21 25 0.42737514 
523 207 17 20 0.42031866 
131 171 17 19 0.40809947 
19 77 17 20 0.40187317 
549 261 15 20 0.39558595 
891 365 17 17 0.38829824 
633 331 16 18 0.3840459 
87 89 16 20 0.3706668 
148 115 17 18 0.35814637 
436 282 17 21 0.3474105 
586 297 15 16 0.33147734 
955 328 14 16 0.31757286 
