7_Cheering_Cheering_7_345
21
352 402 24 27 0.99798346 
554 352 23 28 0.99693155 
581 392 27 29 0.99580824 
264 393 23 29 0.995503 
858 356 23 31 0.99144745 
795 393 25 33 0.9898274 
253 369 24 29 0.98781174 
602 187 27 39 0.9864611 
227 377 23 29 0.97820103 
2 309 20 31 0.971309 
465 390 20 30 0.9603292 
758 373 24 30 0.92911774 
451 150 25 43 0.90135074 
879 375 19 25 0.8204308 
89 378 18 24 0.8113506 
897 355 29 31 0.7451199 
27 374 19 28 0.38537353 
161 407 20 27 0.3756858 
861 400 20 32 0.36579037 
611 326 18 24 0.35242462 
242 422 20 30 0.3089933 
