7_Cheering_Cheering_7_536
30
508 260 48 43 0.94744146 
638 261 51 44 0.8893331 
727 225 38 39 0.88319254 
521 339 42 58 0.86528 
702 279 87 79 0.8434968 
872 264 29 30 0.83767074 
929 295 45 33 0.8365247 
843 282 37 39 0.8342432 
997 391 24 38 0.8059859 
324 304 31 33 0.7420524 
996 240 26 38 0.73059726 
242 231 32 34 0.69016135 
213 263 33 31 0.6890797 
131 232 33 30 0.6778264 
896 243 32 30 0.6320514 
95 241 31 26 0.6182874 
602 238 37 37 0.6158146 
203 224 27 26 0.6145043 
28 243 30 23 0.6117501 
254 314 26 30 0.59083366 
313 224 29 27 0.58534986 
175 254 30 32 0.5284471 
0 340 31 37 0.52137214 
0 231 25 28 0.5192459 
331 258 31 30 0.5140331 
127 250 35 31 0.4313871 
48 225 35 24 0.36318973 
455 276 33 33 0.32914495 
632 269 61 58 0.3264967 
729 251 53 47 0.30093434 
