48_Parachutist_Paratrooper_Parachutist_Paratrooper_48_1015
33
94 126 42 61 0.9997229 
859 320 55 53 0.99888176 
966 193 21 22 0.99762565 
981 307 43 42 0.9973539 
326 385 39 42 0.99715924 
676 346 45 48 0.9967997 
552 358 37 39 0.99557424 
631 349 35 37 0.995316 
850 208 22 22 0.9925965 
179 382 28 34 0.9914471 
545 239 22 24 0.9907863 
279 261 20 26 0.99049395 
455 223 22 25 0.98920995 
344 211 24 27 0.9880959 
633 207 19 24 0.9867112 
220 405 32 36 0.9858306 
960 317 28 30 0.98347384 
706 224 21 20 0.9741509 
238 273 20 21 0.97358453 
569 224 17 23 0.9678905 
223 244 22 27 0.9458567 
463 362 37 42 0.9152554 
924 322 32 38 0.89953613 
793 329 35 38 0.891014 
765 211 20 21 0.8835398 
453 351 23 28 0.84875894 
601 248 16 19 0.74816674 
3 280 16 17 0.5546723 
851 339 19 29 0.48222244 
519 419 15 17 0.4820805 
787 215 16 19 0.44382706 
426 364 23 32 0.36959574 
740 230 15 15 0.30189186 
