49_Greeting_peoplegreeting_49_53
20
222 331 44 73 0.99960667 
172 284 37 63 0.9989235 
668 208 48 71 0.9989033 
437 336 53 74 0.9987018 
330 643 67 92 0.9982297 
349 337 39 65 0.99812704 
799 397 61 78 0.99711657 
709 292 33 59 0.99683374 
86 381 59 82 0.9931967 
566 166 43 70 0.99105304 
331 228 46 60 0.98574686 
777 671 61 88 0.96916056 
688 383 41 67 0.9681589 
827 328 44 68 0.96779275 
848 276 44 73 0.8810927 
105 338 55 85 0.7951756 
226 143 24 27 0.69606876 
507 276 42 55 0.61456215 
230 264 40 55 0.56519026 
227 217 33 54 0.5647027 
