56_Voter_peoplevoting_56_410
28
471 431 17 21 0.9917881 
271 468 17 23 0.99026334 
177 434 19 19 0.98997706 
121 453 18 17 0.98091197 
422 451 16 21 0.9792947 
366 435 18 19 0.97275317 
492 446 16 16 0.9693663 
550 447 15 16 0.9638225 
744 478 15 18 0.927603 
29 426 22 22 0.92685187 
691 478 17 18 0.92617494 
323 443 13 15 0.9260975 
422 429 17 19 0.9068593 
938 425 15 17 0.9062526 
59 447 15 17 0.86637217 
827 429 17 19 0.85254586 
284 441 16 19 0.7983152 
933 457 22 24 0.66596884 
643 453 16 17 0.65838134 
526 426 15 16 0.648694 
416 428 23 29 0.566208 
746 432 22 27 0.5086013 
320 414 15 16 0.47242668 
596 436 15 18 0.40558589 
614 460 19 24 0.39797172 
581 417 17 26 0.3357257 
585 420 13 17 0.3160954 
448 428 12 16 0.31275558 
