56_Voter_peoplevoting_56_781
20
364 198 61 72 0.9921846 
650 155 32 36 0.9473513 
371 82 57 88 0.79594463 
777 123 27 33 0.76681066 
286 107 47 54 0.7638196 
180 97 88 68 0.75171685 
647 124 31 32 0.6891719 
833 129 14 19 0.60610026 
948 135 21 21 0.5353201 
96 80 69 86 0.48372787 
367 121 69 48 0.4774497 
430 123 32 34 0.38750055 
942 121 29 38 0.37066624 
595 132 25 23 0.37052467 
106 102 62 44 0.36526194 
600 139 21 18 0.35522228 
260 104 79 66 0.35477412 
786 127 25 31 0.3334223 
824 127 21 24 0.31176153 
174 73 147 103 0.3096415 
