56_Voter_peoplevoting_56_122
28
931 77 41 58 0.98398584 
297 14 23 32 0.9816399 
836 61 41 49 0.9789893 
84 69 33 38 0.9720043 
527 13 35 34 0.9554643 
487 19 31 37 0.9543049 
905 32 36 51 0.9123719 
438 36 27 38 0.91103363 
421 139 25 28 0.9103707 
908 196 73 44 0.8743174 
690 50 38 57 0.87129545 
403 9 23 31 0.8506584 
561 70 51 57 0.8448679 
270 115 50 56 0.8442228 
867 269 20 24 0.8130302 
713 183 83 80 0.7630995 
699 46 45 52 0.7531423 
211 37 20 25 0.7237603 
800 12 26 33 0.6923233 
71 136 102 69 0.65423614 
991 335 33 31 0.55907756 
148 53 33 45 0.5407576 
964 10 32 39 0.4954678 
834 76 34 29 0.44125253 
485 4 21 32 0.38909072 
273 132 60 44 0.36832938 
460 0 22 22 0.36381882 
664 546 56 61 0.35193774 
