4_Dancing_Dancing_4_489
41
808 25 33 39 0.9998685 
670 101 42 54 0.99976987 
530 60 39 53 0.9996599 
422 59 39 51 0.9996427 
483 104 39 53 0.9995801 
888 101 36 44 0.9995759 
779 239 46 56 0.9995555 
129 117 40 52 0.99950445 
188 75 40 59 0.99948895 
173 240 50 62 0.9994547 
602 211 46 61 0.9994313 
275 242 44 57 0.9994154 
254 134 39 52 0.9994019 
907 45 38 42 0.9994005 
400 123 43 56 0.99937326 
297 66 38 49 0.99935585 
706 285 41 51 0.99935013 
346 83 34 44 0.9993086 
915 136 39 50 0.99921644 
618 77 37 49 0.99907 
540 232 41 53 0.9988933 
689 28 39 49 0.99881613 
750 108 40 48 0.99850214 
759 41 33 40 0.99832803 
396 241 43 52 0.99826825 
830 112 38 45 0.99806446 
938 11 18 21 0.9976246 
901 2 16 20 0.9974093 
873 25 17 18 0.9974088 
982 21 17 17 0.9966239 
61 34 16 21 0.99433726 
24 18 15 20 0.98663515 
164 21 17 19 0.9860869 
851 4 15 17 0.971117 
108 24 16 18 0.95084184 
51 20 15 20 0.9503671 
152 11 13 18 0.8658348 
601 462 34 33 0.8032731 
2 0 12 10 0.7685445 
141 0 17 9 0.40836954 
84 22 14 14 0.375727 
