50_Celebration_Or_Party_houseparty_50_432
35
628 826 31 38 0.99965036 
720 840 38 45 0.9995933 
630 73 37 51 0.9995901 
470 318 24 36 0.99955624 
394 320 17 23 0.9994562 
619 280 19 25 0.9991849 
719 34 54 80 0.9991843 
336 283 29 43 0.9989849 
417 64 23 34 0.9989172 
511 841 38 42 0.9988034 
566 826 31 38 0.9987643 
540 286 20 32 0.9982962 
314 59 23 39 0.99809843 
313 612 24 32 0.9980153 
402 601 24 34 0.9977963 
500 65 37 69 0.99734604 
354 73 17 28 0.9972887 
480 597 25 36 0.9963928 
252 612 25 39 0.9938054 
376 57 16 23 0.9918972 
695 272 21 30 0.99049544 
443 71 22 34 0.9793484 
568 85 20 30 0.9430099 
149 565 12 16 0.94254935 
251 317 19 30 0.9343248 
492 61 15 21 0.91953874 
142 853 13 13 0.9054759 
838 325 10 17 0.85833925 
294 869 14 25 0.78558475 
888 350 10 13 0.72268885 
282 326 20 36 0.6652598 
14 825 11 15 0.6365782 
478 586 16 24 0.53358823 
177 564 11 15 0.52970976 
986 321 11 15 0.49097347 
