50_Celebration_Or_Party_houseparty_50_609
60
142 260 42 45 0.9999285 
215 350 65 77 0.99976593 
287 243 43 56 0.9992606 
890 176 19 24 0.99897975 
212 212 32 45 0.9988091 
128 239 27 36 0.9987134 
413 234 25 34 0.9974027 
801 211 21 30 0.9970974 
842 192 22 28 0.99386483 
993 253 31 54 0.9935766 
599 252 28 43 0.9909457 
538 275 41 54 0.9660908 
225 193 20 25 0.9642794 
474 178 25 40 0.95985615 
767 186 21 31 0.9550905 
309 332 44 65 0.94054365 
788 160 13 15 0.9380698 
994 122 13 15 0.91526634 
637 168 12 18 0.9146793 
834 172 13 16 0.91449654 
89 222 20 38 0.90056556 
144 221 25 30 0.8872117 
274 181 19 27 0.876861 
872 173 11 15 0.87339246 
740 157 13 17 0.86041653 
678 190 19 32 0.8518061 
890 133 12 15 0.83408046 
747 185 19 28 0.833491 
82 343 27 56 0.8328479 
333 205 18 31 0.8246796 
820 167 13 17 0.8197065 
549 164 12 16 0.803376 
807 189 19 23 0.79306823 
853 228 24 28 0.78056854 
1005 149 14 15 0.7775837 
712 191 16 23 0.7675176 
530 124 12 15 0.6804886 
930 128 10 14 0.65382135 
872 275 29 56 0.6337687 
360 170 15 25 0.61773264 
833 133 12 16 0.5878931 
445 164 13 17 0.586738 
340 188 13 19 0.5436463 
181 219 18 29 0.4838456 
964 192 14 15 0.48194316 
577 122 11 15 0.4441669 
557 208 24 34 0.3864932 
601 188 13 20 0.37509713 
562 137 9 15 0.3637864 
709 264 38 55 0.36367106 
882 154 10 13 0.3573931 
538 153 13 18 0.3568011 
278 187 19 26 0.3561218 
796 171 14 17 0.34338966 
401 153 12 19 0.33308372 
537 130 13 18 0.32498148 
464 140 15 26 0.31604218 
720 238 30 39 0.315444 
334 194 18 30 0.30892375 
986 137 12 15 0.30758545 
