28_Sports_Fan_Sports_Fan_28_7
67
468 648 118 146 0.99955386 
83 862 70 102 0.9993943 
881 1131 92 138 0.99859303 
589 635 33 39 0.99851865 
56 786 47 50 0.99745876 
840 538 26 29 0.99733233 
946 849 63 97 0.99622464 
143 675 59 60 0.9953376 
150 873 46 74 0.9913071 
196 559 30 35 0.99030954 
298 433 21 25 0.98915976 
978 666 32 36 0.9864183 
652 579 24 38 0.9847542 
605 511 20 20 0.9814232 
204 662 41 45 0.97891563 
168 527 23 33 0.9771968 
7 566 34 43 0.97696346 
539 599 38 43 0.9697817 
927 691 44 48 0.9677259 
91 568 38 49 0.95514405 
820 1210 58 109 0.9492309 
819 541 20 20 0.942969 
819 810 28 38 0.93236387 
190 419 24 23 0.92322946 
806 416 20 22 0.90451086 
264 347 18 22 0.89690924 
192 304 21 23 0.88140756 
117 352 20 25 0.8692792 
719 730 44 66 0.8589796 
284 365 18 20 0.8583325 
998 490 19 24 0.82596654 
710 542 23 34 0.7979558 
884 297 16 20 0.7963606 
32 385 21 26 0.7926778 
63 502 24 35 0.78290075 
49 224 18 21 0.7604255 
25 293 20 23 0.7313911 
8 189 15 22 0.7229081 
315 638 38 61 0.68209064 
670 632 30 44 0.6755856 
584 87 18 20 0.638879 
864 351 18 21 0.6364743 
972 295 16 19 0.6333616 
924 232 15 18 0.57393605 
491 586 27 32 0.56702447 
220 222 16 18 0.5049156 
978 523 18 30 0.49869993 
198 130 14 16 0.4983377 
284 276 19 21 0.48299375 
54 266 18 19 0.47206664 
0 854 25 106 0.46918488 
704 108 15 19 0.4690141 
787 422 16 20 0.46572286 
776 698 18 21 0.46454355 
86 201 19 20 0.44527298 
141 260 17 21 0.4295539 
212 361 22 23 0.41600037 
873 221 13 17 0.38651824 
915 649 28 27 0.34794405 
37 125 15 19 0.3367323 
880 400 17 21 0.33640987 
516 91 15 17 0.3280107 
921 309 16 18 0.32444936 
811 818 31 37 0.32436013 
75 236 16 20 0.31779173 
777 379 15 19 0.31135893 
983 592 29 33 0.30704758 
