16_Award_Ceremony_Awards_Ceremony_16_141
22
140 260 34 53 0.9998418 
94 258 33 56 0.999742 
544 299 24 35 0.9995245 
604 310 23 35 0.9993513 
391 237 43 57 0.99927074 
186 276 35 49 0.999225 
634 321 23 29 0.99773717 
567 309 24 37 0.9956078 
24 243 29 60 0.99301577 
349 242 33 61 0.9920989 
0 229 31 59 0.9848814 
435 256 35 59 0.98320746 
464 260 27 38 0.982959 
504 284 23 39 0.9715665 
957 36 24 33 0.87050015 
398 462 39 45 0.6405785 
496 281 22 38 0.5963308 
273 53 46 106 0.59322375 
12 237 33 56 0.5203702 
33 305 29 37 0.45302805 
614 429 13 17 0.41610155 
441 327 25 38 0.3814585 
