16_Award_Ceremony_Awards_Ceremony_16_73
67
408 144 37 49 0.99956006 
727 89 40 53 0.99919873 
259 121 37 46 0.9991775 
204 54 18 24 0.9987167 
618 145 36 50 0.99855274 
316 74 35 39 0.9980141 
90 71 19 24 0.9970277 
267 78 17 22 0.9912531 
603 22 14 16 0.98779476 
863 37 15 19 0.9863708 
701 1 15 17 0.9833609 
720 42 18 21 0.98235655 
653 22 16 19 0.97347724 
569 79 16 16 0.9704292 
852 20 16 20 0.9677856 
623 73 14 16 0.9660808 
991 0 15 17 0.9628178 
641 81 16 16 0.9583501 
536 46 15 17 0.95492244 
240 58 14 17 0.9499618 
987 33 15 20 0.9492743 
638 46 13 17 0.9463913 
18 74 20 26 0.94472283 
493 62 13 17 0.93185776 
719 14 16 17 0.9244292 
564 29 15 17 0.92330873 
364 50 16 19 0.91247183 
6 81 16 18 0.9107337 
461 61 15 17 0.9060778 
445 53 14 18 0.89315176 
170 58 11 15 0.8840333 
619 31 13 16 0.8781887 
813 31 13 17 0.8370197 
183 67 18 24 0.83492696 
473 30 13 15 0.82595 
428 79 19 22 0.8124441 
786 36 12 14 0.79699856 
698 43 14 18 0.7954769 
411 62 18 24 0.7709965 
686 26 13 16 0.74874735 
657 65 12 15 0.7360682 
570 52 13 15 0.6970723 
594 71 16 21 0.6730098 
135 59 16 21 0.67098826 
611 62 13 18 0.66870016 
240 84 14 20 0.66842157 
492 25 13 14 0.6333635 
772 0 13 14 0.6319827 
973 21 11 16 0.6134356 
143 59 17 21 0.61193645 
700 33 13 16 0.60662514 
559 30 12 16 0.553371 
417 48 12 13 0.5525746 
458 50 13 14 0.5392193 
678 534 13 16 0.5374484 
792 136 18 25 0.4952664 
909 111 17 42 0.4801136 
534 64 12 15 0.47458628 
530 36 11 14 0.4290531 
343 38 13 13 0.4242903 
597 78 13 17 0.42063028 
390 41 14 19 0.39405102 
211 332 11 15 0.3873508 
346 58 17 22 0.37126735 
749 38 18 22 0.35218352 
510 51 18 19 0.32054776 
122 61 18 22 0.31648347 
