1_Handshaking_Handshaking_1_579
82
78 360 34 33 0.9997284 
414 331 34 37 0.9996493 
145 310 32 41 0.9989261 
277 308 25 27 0.9974758 
499 405 31 40 0.99618644 
396 380 32 39 0.9961731 
471 347 28 38 0.99597967 
584 320 33 38 0.99575293 
883 273 28 39 0.99549097 
649 278 31 40 0.99458706 
596 419 32 41 0.994187 
941 429 34 38 0.9920642 
788 411 32 40 0.99126536 
530 310 28 37 0.9907958 
676 361 34 45 0.99051267 
236 195 25 31 0.98603386 
859 344 31 43 0.98501056 
384 278 25 31 0.9841914 
171 283 24 27 0.9816974 
750 303 28 36 0.9781762 
439 308 27 36 0.97651654 
491 282 27 34 0.9757381 
180 314 31 34 0.97420925 
131 151 21 23 0.97398585 
776 352 30 41 0.9720221 
585 249 28 38 0.9649975 
636 194 24 33 0.96127856 
325 349 32 35 0.9575412 
120 253 24 28 0.95681155 
890 475 32 49 0.954525 
26 201 23 28 0.95176715 
529 236 23 29 0.93366 
273 213 24 35 0.93078864 
1003 229 20 36 0.92839265 
838 504 28 47 0.91830724 
625 233 27 37 0.91469187 
307 258 22 27 0.9083992 
891 171 26 35 0.90689063 
4 256 21 26 0.89579827 
361 193 24 34 0.890932 
860 256 24 35 0.8829938 
88 209 23 28 0.8570913 
150 205 22 27 0.85131073 
485 159 20 22 0.84239405 
6 387 37 37 0.83329636 
376 176 20 26 0.831577 
829 242 25 30 0.8041455 
175 242 23 26 0.7919897 
531 193 22 28 0.78975165 
587 203 21 27 0.7692909 
718 158 20 24 0.7580344 
312 294 33 41 0.7503956 
733 143 19 24 0.7402907 
499 199 19 26 0.7104804 
643 170 20 23 0.6889388 
923 291 22 27 0.6826196 
907 145 20 26 0.67114097 
739 188 24 28 0.65370655 
26 252 20 28 0.64294094 
32 161 20 24 0.62415797 
399 206 19 26 0.60499066 
948 158 20 24 0.59731025 
74 188 19 22 0.59171915 
463 225 22 27 0.57338816 
662 187 20 25 0.572099 
221 179 19 23 0.56316423 
975 189 24 29 0.55388147 
255 394 24 30 0.5465001 
244 145 18 26 0.52745503 
109 303 23 27 0.510218 
875 236 22 28 0.4953599 
100 180 20 24 0.47918865 
1007 132 17 28 0.44308743 
329 205 20 27 0.4354536 
569 186 19 27 0.38053304 
561 140 19 22 0.37820587 
75 166 22 25 0.37780532 
707 341 22 33 0.3643216 
264 143 18 23 0.3571839 
886 142 18 23 0.3219162 
198 231 21 25 0.31910247 
158 186 23 27 0.30022728 
