6_Funeral_Funeral_6_696
26
678 117 61 81 0.9998795 
561 60 63 93 0.9998739 
407 92 57 56 0.9998723 
895 129 46 59 0.9998604 
460 170 60 81 0.9997738 
814 143 51 71 0.9997515 
968 167 53 65 0.99971575 
266 150 26 33 0.9996706 
160 189 33 45 0.999161 
59 194 27 33 0.9989472 
118 185 29 37 0.99856156 
4 174 27 32 0.99833494 
330 175 27 35 0.99697614 
557 204 54 90 0.9960019 
94 182 25 35 0.9955214 
22 199 24 33 0.9887827 
22 162 20 24 0.96223205 
364 175 21 28 0.961688 
219 172 20 27 0.9587934 
90 155 21 25 0.94742244 
389 150 25 34 0.944281 
59 175 22 24 0.8357312 
957 155 25 35 0.8350527 
804 160 23 27 0.8076471 
294 161 15 25 0.60325176 
170 161 19 23 0.48978665 
