6_Funeral_Funeral_6_618
25
731 472 125 170 0.9983511 
530 1192 91 103 0.97491384 
527 2059 254 167 0.97433454 
639 3356 126 140 0.9562419 
350 485 46 66 0.9506232 
260 2475 80 98 0.9195298 
912 4310 112 132 0.9033521 
88 2479 67 91 0.7809129 
174 515 32 60 0.756756 
520 1205 103 155 0.63268995 
321 3266 268 452 0.61890095 
152 505 53 92 0.5845256 
292 489 37 49 0.5744328 
140 488 51 96 0.5629814 
540 2051 120 164 0.52379894 
203 490 40 47 0.49876764 
265 498 45 41 0.49869 
693 2497 158 99 0.48624665 
238 2478 76 119 0.4672754 
80 498 32 63 0.46272618 
511 3430 52 32 0.4224796 
718 2516 112 65 0.41587272 
105 2476 46 71 0.4104353 
396 570 38 58 0.34928 
220 2515 86 76 0.30011895 
