6_Funeral_Funeral_6_109
35
248 220 28 32 0.9994357 
121 215 32 40 0.99847203 
388 310 26 35 0.9984303 
353 224 26 32 0.9983302 
195 213 30 39 0.9968502 
422 239 24 26 0.9882401 
913 220 20 22 0.9812169 
593 300 24 29 0.9799454 
452 299 23 29 0.9772511 
302 226 25 31 0.97449446 
659 295 21 25 0.9644955 
738 250 20 22 0.9609624 
302 197 21 26 0.95912576 
458 223 22 30 0.95643616 
272 223 22 30 0.9398993 
802 251 20 22 0.92982113 
487 215 19 23 0.914386 
586 226 22 25 0.9107869 
572 327 20 23 0.8996628 
645 216 20 25 0.8904309 
521 230 19 25 0.8757835 
718 293 21 28 0.866097 
617 219 20 22 0.8626415 
369 205 20 26 0.8580936 
881 234 18 20 0.83071405 
697 246 17 21 0.69175595 
411 204 21 23 0.6899997 
714 250 18 20 0.6392575 
547 219 20 22 0.63160753 
499 230 18 24 0.5434689 
330 219 20 25 0.5366491 
568 210 18 22 0.48317033 
832 241 21 20 0.45257705 
778 228 17 20 0.45058504 
486 246 20 22 0.40803337 
