3_Riot_Riot_3_958
30
520 44 27 35 0.99942565 
137 3 26 33 0.99923897 
236 11 26 35 0.9991272 
67 2 28 32 0.9990682 
373 34 24 30 0.9987294 
13 8 36 43 0.9985201 
108 30 27 33 0.99841 
54 23 26 31 0.99742436 
402 21 39 51 0.99689204 
335 36 22 29 0.9959235 
924 72 24 34 0.99566215 
571 113 41 63 0.9944636 
864 19 35 42 0.9943679 
773 39 35 37 0.99370956 
708 30 24 33 0.98838216 
951 58 28 37 0.976847 
209 28 23 24 0.9750503 
666 55 20 27 0.9657607 
824 48 24 27 0.95501053 
313 36 20 27 0.93517745 
497 33 23 28 0.9280364 
606 47 17 19 0.91370285 
287 39 19 23 0.78998744 
753 65 22 26 0.7506498 
185 20 19 22 0.6063187 
967 19 21 26 0.5826513 
486 280 32 35 0.4632223 
975 19 19 28 0.41049463 
308 0 17 13 0.36087513 
578 52 23 26 0.32054263 
