3_Riot_Riot_3_725
21
727 262 27 31 0.9987431 
386 277 25 35 0.9977704 
815 247 28 31 0.997246 
297 248 20 25 0.99648714 
463 243 23 26 0.9959894 
307 222 21 23 0.9945399 
262 239 21 25 0.9943257 
389 230 23 26 0.99271035 
518 284 23 26 0.9889607 
635 216 39 43 0.9826569 
733 232 21 24 0.97729915 
277 214 19 23 0.973267 
325 240 18 23 0.96702373 
408 234 18 21 0.6804128 
898 155 13 15 0.6342544 
940 151 14 16 0.52687025 
541 119 18 22 0.45802903 
861 152 15 18 0.44085813 
821 661 16 12 0.35277626 
532 129 10 15 0.32875547 
768 249 14 18 0.32578483 
