39_Ice_Skating_Ice_Skating_39_1047
27
243 111 57 68 0.9994123 
746 145 59 72 0.9990233 
879 174 26 30 0.97225124 
589 194 23 28 0.91908336 
831 142 24 33 0.9166369 
812 74 22 30 0.90049237 
498 196 22 30 0.87562096 
458 160 21 26 0.87442935 
530 129 19 27 0.85090476 
725 79 21 27 0.8469521 
528 173 20 27 0.8303021 
241 19 19 25 0.8105223 
735 1 24 30 0.78423816 
967 192 25 30 0.7646065 
937 72 22 28 0.7506704 
307 15 20 24 0.6734848 
7 14 21 25 0.6203672 
880 11 20 22 0.58631885 
180 18 19 25 0.58554626 
880 38 20 27 0.57697576 
938 147 21 31 0.55689865 
671 0 21 23 0.5434352 
60 22 19 24 0.5306884 
601 131 18 22 0.5111233 
124 21 19 23 0.44977352 
944 4 19 24 0.4402818 
1009 76 15 29 0.31922528 
