16_Award_Ceremony_Awards_Ceremony_16_4
24
370 303 15 22 0.966153 
381 281 11 14 0.6837997 
14 253 12 13 0.65684325 
631 264 7 10 0.65397704 
860 283 11 22 0.6295552 
41 260 11 13 0.60940325 
864 282 13 22 0.6039442 
957 270 13 14 0.5649062 
512 333 19 41 0.55914503 
910 270 10 14 0.5426132 
560 330 19 34 0.53069544 
1013 241 11 13 0.5034954 
29 0 178 70 0.4717876 
82 258 15 21 0.44541234 
767 344 20 28 0.43840906 
455 296 11 17 0.42274657 
957 271 20 22 0.41354373 
856 262 9 11 0.3726753 
443 3 332 142 0.36622244 
302 296 10 19 0.35885656 
87 258 15 20 0.34916085 
1001 273 23 40 0.3307414 
76 338 18 40 0.321681 
766 339 29 36 0.319255 
