16_Award_Ceremony_Awards_Ceremony_16_73
66
725 88 42 53 0.9997634 
408 145 37 49 0.9996624 
259 122 37 46 0.99963105 
317 74 31 37 0.99946207 
618 144 36 50 0.99905235 
204 54 18 23 0.99745685 
91 71 18 24 0.99299943 
720 42 18 21 0.9853092 
268 78 16 21 0.9850426 
987 33 14 20 0.98019546 
569 76 18 19 0.96986145 
864 37 15 18 0.9619333 
640 80 17 19 0.93936527 
170 58 12 15 0.93888766 
624 73 13 16 0.9243734 
6 81 15 18 0.9225702 
365 50 14 17 0.9225642 
491 61 15 19 0.9177464 
445 52 15 19 0.91682184 
536 46 15 18 0.89614576 
184 67 16 22 0.89581466 
993 0 12 16 0.8936311 
565 28 15 20 0.8907658 
653 22 15 19 0.8887413 
461 61 14 16 0.88763344 
241 59 14 16 0.8842077 
603 22 14 16 0.87707055 
432 82 14 15 0.87639314 
814 31 12 15 0.86773926 
686 26 13 17 0.85295814 
617 31 14 16 0.8370359 
852 21 13 17 0.8325907 
239 82 14 22 0.8255902 
597 78 13 16 0.8233393 
908 109 18 41 0.81180173 
701 1 15 17 0.80407274 
472 29 13 17 0.7969009 
638 46 14 17 0.7767521 
720 15 14 16 0.7757268 
20 75 17 21 0.77301687 
414 62 14 24 0.77250534 
570 52 13 16 0.7483989 
973 22 11 16 0.7421957 
698 43 14 17 0.73235047 
345 61 16 21 0.7091651 
344 38 13 15 0.7059794 
890 33 12 17 0.7039677 
610 64 12 15 0.6920836 
366 9 10 14 0.6831716 
875 16 11 15 0.68007 
134 61 15 19 0.6531908 
534 66 12 16 0.6239091 
786 37 11 14 0.5744747 
392 42 13 17 0.54358876 
140 62 14 18 0.5385721 
773 0 12 14 0.53316075 
834 37 12 17 0.5172977 
343 86 16 23 0.47599515 
751 41 17 21 0.46945065 
610 58 14 18 0.4466317 
52 61 15 18 0.38166517 
1004 20 17 26 0.3739478 
642 17 13 16 0.37262002 
558 30 12 17 0.35093096 
125 61 12 13 0.31729272 
657 64 13 16 0.3054373 
