9_Press_Conference_Press_Conference_9_655
29
499 222 38 44 0.99996996 
661 214 41 61 0.9998172 
885 210 29 40 0.99980766 
366 227 29 39 0.9996487 
957 212 29 44 0.9995778 
794 243 48 60 0.9994276 
199 188 24 32 0.99924743 
758 204 27 41 0.99908733 
161 203 27 32 0.9988066 
306 200 25 33 0.9972013 
134 221 23 33 0.9969285 
847 187 24 32 0.9965731 
62 206 24 29 0.99626994 
726 190 25 27 0.9959189 
942 182 29 40 0.9955455 
420 190 22 31 0.9944364 
394 196 22 27 0.9907713 
651 202 23 31 0.9878572 
579 212 30 35 0.9866961 
136 200 23 24 0.98018 
233 218 22 26 0.966067 
465 191 19 23 0.9476368 
115 216 22 22 0.90503085 
547 185 22 27 0.89908475 
708 188 21 28 0.831612 
345 210 19 30 0.7331339 
487 200 22 30 0.6580326 
1009 203 15 42 0.5830881 
109 195 19 25 0.53447175 
