17_Ceremony_Ceremony_17_171
29
256 245 66 84 0.999634 
525 21 37 46 0.9995479 
396 301 84 104 0.9993383 
580 1 33 39 0.9992411 
23 223 58 72 0.99907744 
7 133 37 41 0.999076 
331 145 51 61 0.9989637 
721 63 48 72 0.9988417 
152 47 31 43 0.9988318 
292 31 28 40 0.9988133 
477 166 49 67 0.9986388 
94 125 32 43 0.9984937 
522 325 89 112 0.9984831 
646 318 91 128 0.998382 
516 84 44 51 0.99821776 
267 56 35 46 0.99810237 
196 233 57 80 0.9974917 
634 157 57 63 0.9970139 
763 49 47 74 0.99692446 
666 75 43 59 0.9966601 
247 149 40 51 0.9949346 
455 137 46 65 0.99381953 
149 232 48 68 0.9912286 
961 157 63 109 0.9894042 
302 156 41 53 0.9881017 
941 376 83 150 0.9808851 
692 187 45 61 0.93906957 
145 87 19 24 0.7881639 
857 239 75 78 0.30208504 
