41_Swimming_Swimming_41_243
19
82 101 164 122 0.9996549 
905 244 59 70 0.999549 
742 235 59 71 0.9994917 
114 732 60 63 0.99749124 
505 784 42 53 0.99450964 
249 643 26 34 0.92174643 
545 803 48 54 0.8793638 
628 880 45 48 0.8421263 
422 757 39 39 0.84056723 
759 888 65 66 0.76444674 
659 881 53 45 0.64901215 
559 805 45 45 0.54172915 
481 754 35 34 0.51957715 
258 607 21 24 0.4915206 
764 914 52 43 0.44907126 
637 875 68 57 0.41498622 
233 598 20 20 0.37602395 
764 885 53 44 0.3677197 
419 759 53 70 0.31591263 
