20_Family_Group_Family_Group_20_556
20
356 260 43 53 0.99980575 
504 279 37 49 0.99980193 
433 252 42 64 0.9996911 
121 311 47 60 0.99968636 
672 253 38 49 0.99966586 
413 358 47 52 0.9996481 
730 354 40 52 0.99964726 
932 237 41 50 0.99958855 
624 270 41 53 0.9995578 
268 326 47 53 0.9995214 
605 431 40 50 0.9994106 
779 267 32 35 0.9992374 
124 239 53 67 0.99906355 
209 492 45 49 0.9987233 
246 559 44 50 0.9986766 
241 296 35 42 0.998553 
701 499 40 45 0.9984257 
181 233 42 54 0.99827325 
742 231 41 53 0.99801815 
350 317 34 36 0.997387 
