29_Students_Schoolkids_Students_Schoolkids_29_251
23
485 469 58 75 0.99973506 
637 171 61 75 0.9996302 
411 112 47 53 0.9994074 
500 216 68 88 0.9993604 
908 217 63 69 0.9992449 
319 331 52 67 0.9991548 
382 479 67 75 0.9990428 
899 95 48 59 0.99892503 
264 461 66 91 0.998787 
750 500 68 83 0.99802786 
376 274 53 58 0.9977598 
658 272 59 73 0.99772793 
116 195 56 74 0.9976185 
734 295 72 89 0.997543 
217 266 65 72 0.99740016 
220 192 43 48 0.9968491 
49 312 58 68 0.99672997 
53 560 69 81 0.9964042 
549 354 68 67 0.9938167 
380 208 49 52 0.9233798 
522 140 51 55 0.92270374 
508 140 46 58 0.8217741 
57 335 56 68 0.35819888 
