29_Students_Schoolkids_Students_Schoolkids_29_494
25
785 126 30 37 0.9988293 
354 242 50 56 0.9980636 
381 165 34 35 0.9978739 
294 331 58 54 0.99762946 
285 30 41 48 0.99106944 
437 161 23 29 0.98260605 
720 130 25 43 0.982476 
465 155 27 32 0.9333662 
824 132 22 27 0.92533654 
543 145 24 35 0.91979414 
905 138 32 33 0.61533684 
596 416 30 38 0.5681885 
350 164 21 28 0.5308793 
504 151 23 32 0.5160466 
288 566 51 50 0.46499944 
859 139 28 34 0.4561142 
613 201 45 41 0.39131647 
380 658 46 56 0.37444714 
893 126 21 34 0.35820946 
610 196 27 41 0.3580227 
566 405 57 51 0.35046527 
812 136 34 28 0.34219754 
557 162 41 42 0.3409197 
295 246 21 27 0.30795872 
684 340 65 77 0.3063855 
