29_Students_Schoolkids_Students_Schoolkids_29_489
19
442 229 114 145 0.9999032 
616 135 89 109 0.99990106 
825 54 54 71 0.9998047 
518 10 44 59 0.99948406 
402 58 34 52 0.991467 
111 24 45 52 0.96764296 
586 0 25 44 0.9240684 
285 11 35 55 0.90114266 
17 181 43 105 0.7624517 
299 4 42 73 0.7156411 
169 145 109 93 0.57587516 
601 486 73 65 0.51737356 
250 74 63 49 0.47457626 
448 297 112 79 0.45418304 
937 87 87 103 0.44245514 
877 0 42 23 0.4378189 
894 0 37 25 0.41349208 
699 70 44 55 0.4000277 
3 156 73 128 0.3285101 
