29_Students_Schoolkids_Students_Schoolkids_29_358
22
844 411 19 24 0.9989963 
268 365 18 19 0.99848676 
489 383 17 20 0.997894 
940 422 23 25 0.997445 
624 376 19 25 0.997335 
670 391 19 21 0.98796123 
572 391 18 22 0.9870482 
339 446 17 17 0.9843975 
249 434 17 20 0.98118055 
712 373 20 23 0.9809702 
496 423 20 21 0.98092425 
283 436 18 23 0.9804946 
363 425 15 18 0.9797117 
887 401 20 20 0.9694146 
800 411 19 21 0.9159301 
768 387 22 26 0.88736457 
546 379 18 21 0.8805267 
309 439 16 19 0.8711194 
533 402 25 21 0.8478819 
434 404 14 16 0.84692615 
694 388 17 23 0.45537668 
493 410 28 33 0.34304222 
