58_Hockey_icehockey_puck_58_221
20
256 330 42 60 0.999509 
654 467 51 56 0.9991793 
0 697 54 67 0.99916196 
5 456 48 62 0.9990841 
576 32 43 57 0.9986964 
740 158 33 54 0.9984634 
114 455 47 62 0.9962555 
456 526 71 86 0.9955486 
87 587 45 56 0.990546 
96 357 60 78 0.9900449 
206 470 48 71 0.9881755 
203 201 38 53 0.9821016 
0 193 35 60 0.9619006 
819 144 38 49 0.9520935 
49 72 44 46 0.9347308 
0 74 30 46 0.9216115 
117 84 35 60 0.8287703 
478 458 43 51 0.7913132 
896 476 29 53 0.6111409 
47 194 41 56 0.39728877 
