58_Hockey_icehockey_puck_58_825
22
296 118 27 35 0.99990714 
213 115 26 37 0.999821 
597 114 26 34 0.99979895 
343 211 31 45 0.99976605 
714 120 28 37 0.99969804 
573 232 31 39 0.99968183 
792 218 32 40 0.9996748 
640 104 25 32 0.99961424 
685 221 29 38 0.9995716 
769 102 27 34 0.99956745 
93 385 47 46 0.99954164 
821 117 29 38 0.99946815 
251 110 26 34 0.999435 
347 105 25 32 0.99936754 
212 228 31 44 0.9993544 
106 109 29 38 0.9992737 
498 124 27 34 0.9992105 
451 88 28 29 0.99917775 
546 99 26 35 0.9991678 
478 217 27 40 0.9989561 
391 115 25 32 0.99865 
841 397 40 46 0.9979705 
