58_Hockey_icehockey_puck_58_212
49
598 79 52 70 0.99750715 
138 161 26 30 0.9965029 
177 156 25 32 0.9961378 
63 173 22 30 0.9891016 
943 155 21 27 0.9349937 
648 48 20 24 0.9201171 
990 158 21 25 0.9107181 
219 75 23 26 0.9025025 
497 41 23 25 0.90124595 
513 82 24 27 0.90088224 
255 118 25 30 0.8982634 
138 76 24 28 0.8639522 
238 30 20 25 0.8482527 
379 74 20 25 0.8467395 
855 157 18 25 0.8322045 
775 50 16 22 0.74596655 
538 324 44 62 0.6947017 
429 83 22 24 0.6813213 
403 10 16 19 0.67755 
359 132 20 24 0.66156536 
203 35 21 25 0.6136697 
913 119 18 23 0.6105525 
958 94 14 16 0.60997134 
188 0 19 15 0.6036537 
869 56 14 16 0.58534557 
374 47 17 23 0.5693028 
970 110 19 24 0.54971033 
434 123 22 25 0.5127741 
877 18 18 22 0.5062229 
929 89 18 21 0.49619636 
38 33 21 26 0.48795247 
599 7 15 20 0.47491595 
972 108 16 16 0.4736352 
291 38 17 22 0.45856065 
788 91 20 27 0.45672935 
828 84 23 27 0.45655683 
420 53 15 17 0.4341447 
997 103 13 14 0.4317394 
990 21 14 16 0.42096353 
431 8 17 24 0.40424877 
129 41 20 20 0.397595 
255 91 25 27 0.39677453 
110 42 14 18 0.3651365 
998 45 12 14 0.35687155 
964 56 17 22 0.34186453 
0 175 11 27 0.32508197 
256 13 18 23 0.32096982 
938 14 12 19 0.3097709 
65 85 17 26 0.302347 
