58_Hockey_icehockey_puck_58_835
24
678 249 29 40 0.99975044 
246 242 33 44 0.9996693 
852 407 36 46 0.9996606 
163 399 36 46 0.9996568 
562 403 33 49 0.9995708 
770 255 30 42 0.9994923 
353 238 35 44 0.99945194 
149 242 31 43 0.9994282 
311 411 33 43 0.9993494 
703 405 34 44 0.9992774 
599 246 29 36 0.99921024 
444 238 33 41 0.99919754 
439 409 37 54 0.9990538 
52 306 35 50 0.9987539 
356 178 30 37 0.9986842 
515 242 30 36 0.99861336 
290 175 28 38 0.9985923 
552 183 29 35 0.99831545 
450 179 28 35 0.9981482 
878 304 29 41 0.9977264 
693 199 28 36 0.99719393 
217 180 28 38 0.9970778 
626 196 26 33 0.9962907 
763 211 28 39 0.99537814 
