58_Hockey_icehockey_puck_58_245
23
812 54 28 36 0.999863 
474 117 30 35 0.9998528 
254 207 29 37 0.9998455 
383 106 27 35 0.99981374 
200 226 32 40 0.99979824 
841 199 27 36 0.99977785 
611 73 28 34 0.9997774 
353 206 28 37 0.99977726 
677 55 30 37 0.99972945 
734 65 28 37 0.99970347 
199 121 28 35 0.99963844 
884 43 28 39 0.9996363 
105 95 28 38 0.9996183 
901 169 30 39 0.9995902 
614 195 30 38 0.999585 
610 368 29 38 0.9995809 
528 100 30 39 0.9995802 
438 197 30 38 0.9993844 
282 77 27 37 0.9993806 
410 81 29 39 0.99928856 
678 292 28 37 0.9992281 
154 76 29 34 0.9992054 
99 190 33 36 0.9990356 
