58_Hockey_icehockey_puck_58_262
21
50 328 13 19 0.9477455 
322 411 12 17 0.9014984 
204 332 15 18 0.9005065 
469 254 13 17 0.86790705 
385 239 11 15 0.864498 
326 352 10 16 0.85724145 
324 330 12 15 0.854663 
537 248 13 17 0.81907904 
347 273 11 15 0.81185776 
551 228 11 13 0.80387837 
468 186 11 15 0.80259943 
778 487 14 18 0.7980568 
270 321 11 16 0.7692992 
350 249 12 16 0.75946164 
207 238 10 13 0.65213823 
568 214 10 13 0.65183663 
324 237 10 14 0.650932 
429 204 11 14 0.6159564 
784 236 15 12 0.38967958 
353 664 17 20 0.35955882 
23 49 9 12 0.33190084 
