9_Press_Conference_Press_Conference_9_12
20
933 207 34 49 0.9992387 
107 220 33 37 0.9988967 
389 313 21 25 0.998137 
617 289 14 18 0.98320836 
804 435 32 52 0.9816564 
263 305 18 21 0.9745691 
674 260 15 20 0.97273177 
568 287 13 16 0.96604186 
182 258 18 18 0.9607181 
512 292 14 16 0.9105287 
317 318 22 23 0.90094334 
204 340 19 29 0.88369477 
198 313 21 22 0.86371833 
115 382 27 42 0.8052433 
829 303 22 22 0.74741465 
421 342 19 27 0.7396146 
321 236 18 21 0.6913028 
455 490 40 63 0.6413075 
470 342 17 32 0.62521327 
52 244 9 11 0.30537662 
