9_Press_Conference_Press_Conference_9_35
19
687 213 15 20 0.99237436 
188 191 18 22 0.9893337 
601 197 14 14 0.98340017 
623 216 14 18 0.9800403 
955 216 27 37 0.9745258 
267 306 23 36 0.9599908 
400 187 13 15 0.9586459 
854 142 12 16 0.94475603 
304 284 16 25 0.9421205 
956 192 30 36 0.9371558 
289 210 12 16 0.8850644 
200 289 14 18 0.8510211 
377 213 11 15 0.8505415 
214 404 53 28 0.7960644 
312 216 12 15 0.7878525 
377 244 11 16 0.7013195 
332 211 12 13 0.60627466 
367 314 19 35 0.5178855 
371 243 15 16 0.46804935 
