53_Raid_policeraid_53_599
22
137 138 62 116 0.99592125 
821 311 18 25 0.9941216 
356 303 28 35 0.9941193 
836 271 15 17 0.99152094 
242 325 24 29 0.9908573 
581 267 18 22 0.9904467 
639 328 19 23 0.94092596 
622 266 13 18 0.8395599 
666 253 13 18 0.82266295 
301 510 34 30 0.78130805 
720 238 13 19 0.78070927 
768 326 19 21 0.6063672 
855 299 14 19 0.5859702 
618 253 11 15 0.51784164 
502 299 19 19 0.5104116 
464 292 17 22 0.46619698 
480 287 17 15 0.40573725 
764 327 18 16 0.32258713 
505 301 23 22 0.3152737 
525 274 14 17 0.311996 
474 284 20 20 0.31124195 
60 151 82 125 0.30201685 
