53_Raid_policeraid_53_543
20
585 186 91 121 0.9996325 
732 223 50 62 0.9985216 
76 262 41 45 0.99849796 
396 253 26 45 0.9865357 
795 220 51 82 0.98504835 
0 178 39 90 0.9839542 
49 166 21 22 0.98208296 
486 292 18 20 0.9551915 
519 284 21 22 0.91585517 
530 286 19 24 0.8424768 
167 163 18 23 0.8336069 
152 299 27 29 0.77594656 
543 348 17 25 0.7012016 
456 286 19 27 0.5839796 
919 625 95 59 0.4904277 
546 289 12 15 0.49016806 
924 275 50 59 0.45519495 
274 0 54 29 0.44285178 
539 286 19 22 0.44072542 
334 263 20 25 0.30503848 
