39_Ice_Skating_Ice_Skating_39_992
40
834 123 52 69 0.9994436 
536 723 73 88 0.9993912 
116 38 53 70 0.99938965 
823 481 50 58 0.9993297 
420 16 58 68 0.9993104 
293 836 65 83 0.9992785 
612 268 49 58 0.9988065 
741 0 64 58 0.99879044 
167 279 53 58 0.9986518 
955 576 57 69 0.9986345 
385 380 44 58 0.9980812 
462 267 48 49 0.9980621 
937 248 47 61 0.9979803 
726 733 59 66 0.99793786 
906 24 42 57 0.99777955 
381 141 50 57 0.9977736 
902 713 50 62 0.99759185 
9 638 55 66 0.9974197 
801 254 52 57 0.9974195 
773 601 61 70 0.9972615 
159 806 48 67 0.997255 
303 256 62 72 0.99680233 
26 384 50 51 0.9966878 
665 469 59 77 0.99633384 
569 371 51 54 0.99476457 
729 370 46 55 0.9933821 
330 473 57 65 0.99163955 
284 54 45 47 0.9901488 
215 174 51 60 0.9881065 
281 673 74 88 0.9870226 
211 616 56 64 0.9736979 
995 458 29 64 0.9734041 
286 426 35 59 0.97134656 
472 157 54 50 0.95849156 
337 370 33 43 0.94702816 
998 130 26 55 0.676369 
591 86 37 45 0.6215955 
226 826 42 49 0.37021044 
97 147 38 58 0.36934316 
92 467 64 77 0.32982326 
