39_Ice_Skating_Ice_Skating_39_661
23
808 360 16 20 0.9967734 
411 423 23 24 0.99624157 
223 266 9 13 0.9640421 
195 258 11 14 0.95781773 
18 296 11 12 0.95429444 
473 303 8 12 0.8007212 
442 313 8 12 0.7981938 
97 325 11 14 0.79186416 
444 509 26 17 0.77628064 
75 235 10 11 0.7691718 
1 372 13 17 0.73464894 
251 252 8 11 0.6521377 
0 262 5 13 0.64657384 
794 207 6 9 0.59723026 
371 203 7 11 0.5119264 
755 394 15 23 0.4619123 
162 297 12 15 0.42621875 
720 227 6 10 0.3929038 
342 188 6 8 0.39233184 
855 376 9 17 0.36631823 
168 297 13 15 0.31251505 
161 295 11 13 0.3088159 
467 185 6 8 0.30629838 
