39_Ice_Skating_Ice_Skating_39_1029
29
653 230 12 19 0.972529 
393 256 10 14 0.9275792 
238 272 10 13 0.92087597 
268 256 10 13 0.9118898 
463 254 11 13 0.90938103 
108 248 11 14 0.90217894 
209 252 10 14 0.8953391 
754 223 16 20 0.8829061 
423 254 9 12 0.8746791 
297 253 10 13 0.8674895 
818 244 11 12 0.8336253 
926 213 12 15 0.8328313 
351 255 10 14 0.8031509 
525 241 9 14 0.79957914 
491 244 9 15 0.7968081 
740 223 13 18 0.7795467 
418 269 10 13 0.68117684 
602 236 14 17 0.62343794 
710 228 11 17 0.6223511 
325 259 8 12 0.5810055 
558 248 11 16 0.48545533 
696 237 9 13 0.42514247 
184 249 7 11 0.3910272 
359 66 11 13 0.364883 
375 263 8 9 0.35637602 
815 227 12 16 0.33678752 
313 72 12 17 0.32090446 
140 248 9 13 0.3191059 
372 262 8 10 0.309385 
