13_Interview_Interview_Sequences_13_867
20
285 401 35 47 0.9996698 
385 261 236 347 0.996431 
214 454 22 28 0.9920176 
881 426 24 32 0.98498607 
173 418 20 28 0.9706919 
241 414 25 32 0.92480433 
23 459 20 27 0.8179411 
999 369 15 21 0.81020766 
124 447 15 20 0.7337965 
16 441 18 23 0.69678324 
920 464 24 34 0.60994405 
101 382 21 27 0.48411468 
96 43 76 123 0.47414067 
10 441 18 22 0.40034065 
627 39 11 14 0.38357833 
1013 366 11 16 0.38223818 
883 325 23 26 0.3461802 
228 428 16 23 0.3432944 
179 419 22 26 0.34322244 
598 62 11 16 0.31909043 
