43_Row_Boat_Canoe_43_325
23
989 364 18 20 0.9990839 
691 397 18 21 0.99686855 
797 415 18 22 0.99525034 
184 383 16 23 0.9867069 
917 422 17 20 0.9866868 
384 386 13 16 0.9478832 
321 406 11 17 0.93406665 
600 2 150 95 0.7598269 
600 399 10 14 0.7024511 
146 382 11 17 0.6689784 
450 410 12 15 0.66146564 
375 325 8 12 0.5736699 
495 384 11 16 0.5194487 
384 378 9 15 0.4967461 
602 407 15 13 0.49205762 
248 387 12 17 0.47438097 
571 406 12 17 0.46059334 
418 0 51 30 0.41847807 
255 381 14 15 0.41714442 
603 400 13 16 0.34803048 
315 357 8 11 0.34257543 
385 377 14 21 0.33513203 
610 395 13 18 0.3294485 
