17_Ceremony_Ceremony_17_944
24
840 457 12 17 0.9981639 
813 457 11 18 0.9972892 
516 425 10 15 0.99383026 
472 427 11 16 0.9899276 
0 523 15 30 0.9866816 
199 466 10 15 0.97950554 
954 552 27 41 0.9754705 
416 49 152 77 0.96102804 
173 471 10 14 0.95638096 
276 474 11 17 0.94945097 
637 448 7 15 0.9074964 
865 600 58 55 0.8927215 
758 452 9 14 0.8920365 
234 461 9 15 0.79487735 
153 465 10 16 0.73807776 
207 536 10 19 0.5540108 
718 458 9 13 0.49684602 
883 523 9 21 0.45752355 
149 467 10 15 0.44448867 
230 515 7 13 0.436328 
488 430 10 14 0.38408634 
704 542 26 26 0.37863705 
495 433 9 13 0.33382118 
152 542 19 20 0.30472344 
