17_Ceremony_Ceremony_17_218
39
249 497 40 58 0.9996958 
856 420 32 42 0.9996935 
253 384 33 41 0.9996618 
55 312 34 42 0.99963903 
155 367 34 40 0.9996202 
292 318 30 41 0.9996 
822 325 30 38 0.99957544 
642 473 44 57 0.99956244 
10 365 36 45 0.99950504 
326 482 36 47 0.9994955 
46 514 42 52 0.9994248 
183 311 31 41 0.99941325 
703 424 35 40 0.9993893 
641 322 29 35 0.99937755 
765 462 39 57 0.9993772 
513 520 46 62 0.99935824 
871 373 31 38 0.9993338 
197 428 42 57 0.9993056 
389 529 41 50 0.9992667 
364 408 37 45 0.9992493 
41 418 33 42 0.99923897 
462 460 33 37 0.9991277 
493 399 31 41 0.9990727 
891 506 42 49 0.99907035 
962 421 35 39 0.99906534 
549 433 31 39 0.9988146 
925 350 30 37 0.99868554 
134 551 42 52 0.9986644 
724 302 24 33 0.99866235 
564 331 25 34 0.99845743 
940 485 37 42 0.9984231 
514 328 27 34 0.99825317 
763 362 27 35 0.9973762 
67 457 44 53 0.9971705 
368 361 31 38 0.9930923 
631 437 32 42 0.9910732 
907 681 80 64 0.9862272 
804 463 26 38 0.9830224 
999 361 25 43 0.9827764 
