17_Ceremony_Ceremony_17_171
33
580 0 32 40 0.99984646 
653 315 91 133 0.9997708 
522 325 91 111 0.99967575 
396 307 88 99 0.9995066 
258 242 65 87 0.9994918 
95 124 31 44 0.99936134 
8 132 36 43 0.9992561 
332 141 51 64 0.9992489 
267 55 34 47 0.9989033 
23 221 59 71 0.99849665 
525 21 38 53 0.9984353 
152 48 31 43 0.99830663 
198 234 54 78 0.9980356 
245 149 41 50 0.99802905 
292 32 29 37 0.9979532 
668 75 38 55 0.99780005 
721 62 48 72 0.99751055 
517 84 42 50 0.997454 
958 161 66 106 0.99692446 
938 380 86 146 0.9968676 
477 163 49 69 0.9967949 
456 138 48 65 0.9962172 
637 153 52 68 0.9933302 
302 157 37 53 0.98648167 
151 235 48 66 0.9860671 
762 49 48 73 0.96252227 
691 184 43 60 0.78565824 
866 242 64 75 0.7361334 
144 86 20 27 0.66599894 
311 151 41 55 0.4160635 
459 151 58 70 0.38904977 
722 38 84 97 0.35653284 
624 4 48 60 0.35016632 
