17_Ceremony_Ceremony_17_253
27
466 311 12 23 0.73670113 
74 408 11 16 0.71575457 
338 340 19 31 0.70138747 
429 322 7 13 0.64648575 
771 355 10 15 0.61414593 
51 426 11 15 0.5560554 
367 319 14 22 0.55327356 
847 347 8 12 0.5443798 
883 701 13 15 0.52863437 
904 359 9 12 0.49617502 
680 93 6 9 0.45190784 
665 173 16 29 0.44154075 
638 683 10 13 0.4280422 
216 586 20 29 0.41000733 
816 344 7 12 0.40610832 
315 344 7 12 0.40016276 
744 380 9 15 0.3954537 
102 381 10 14 0.38083798 
255 599 13 15 0.37663046 
868 457 10 13 0.3689344 
75 385 9 14 0.36832833 
976 127 11 18 0.3457185 
91 451 11 14 0.3232239 
765 752 12 11 0.31606796 
288 478 9 14 0.31463826 
122 477 11 14 0.30378306 
361 313 19 30 0.30341175 
