2_Demonstration_Political_Rally_2_57
35
213 145 32 45 0.9998884 
782 148 28 40 0.9996371 
492 165 32 42 0.99955624 
945 168 28 36 0.99952626 
895 255 33 40 0.99949944 
384 122 29 36 0.9993381 
827 124 30 41 0.99929464 
527 154 30 38 0.9990976 
79 139 32 45 0.9990175 
360 142 31 39 0.99886096 
588 131 35 48 0.9986222 
275 145 31 37 0.9984818 
147 133 31 37 0.9981305 
664 179 29 42 0.9980915 
757 144 28 37 0.9973412 
444 76 20 27 0.99644923 
917 170 26 32 0.9947299 
276 203 31 41 0.9946708 
486 304 48 66 0.9933868 
638 147 25 35 0.9913794 
260 131 20 29 0.98863846 
929 215 24 28 0.964269 
6 128 22 34 0.96175027 
489 136 21 30 0.9536848 
932 154 22 26 0.93987185 
0 122 20 44 0.9300172 
465 153 22 34 0.9180988 
107 153 18 26 0.8934005 
285 121 18 25 0.4708382 
105 119 28 41 0.45609766 
427 149 17 27 0.44269285 
104 125 21 28 0.402077 
551 172 19 31 0.3970547 
26 143 15 26 0.39160475 
115 126 21 31 0.372159 
