2_Demonstration_Political_Rally_2_319
40
618 456 35 47 0.9993716 
119 445 23 30 0.99768126 
157 486 24 34 0.9904084 
670 445 22 32 0.9885718 
715 534 32 44 0.97988003 
392 465 23 34 0.9789589 
836 569 44 63 0.96789205 
856 429 14 25 0.94951886 
43 565 27 42 0.931212 
137 685 24 38 0.921425 
215 446 19 27 0.9081211 
276 462 22 33 0.9040739 
972 525 31 30 0.90261143 
874 386 12 17 0.877423 
299 473 19 30 0.8666515 
455 437 19 26 0.8589856 
46 455 21 30 0.8472585 
537 448 19 27 0.81640875 
997 489 15 23 0.79354244 
56 454 23 32 0.77517873 
310 522 21 35 0.7124078 
467 393 16 20 0.70096815 
783 416 10 17 0.67363304 
36 456 25 31 0.5909376 
55 372 11 13 0.5390365 
362 420 11 17 0.48420778 
512 480 15 25 0.47557345 
238 376 13 15 0.44472718 
677 396 14 19 0.44158927 
954 397 11 17 0.41549134 
894 392 13 15 0.3892997 
0 395 8 18 0.383054 
145 406 11 17 0.3704814 
311 422 13 14 0.3602526 
761 400 15 18 0.34583482 
273 451 14 16 0.3394804 
720 477 29 29 0.33494607 
177 413 17 23 0.32521972 
580 527 36 43 0.31147122 
495 380 13 15 0.30861056 
