2_Demonstration_Protesters_2_912
33
836 326 27 36 0.99963903 
146 434 24 28 0.9990895 
880 333 25 32 0.998596 
997 354 25 28 0.9977296 
718 275 33 44 0.99669385 
596 312 26 38 0.99467516 
41 349 15 19 0.99395883 
352 347 19 25 0.9934667 
477 311 25 32 0.9919269 
171 363 16 20 0.99139214 
526 315 15 20 0.945471 
547 313 18 22 0.93718916 
617 319 17 22 0.9187443 
255 338 13 15 0.88235617 
635 320 13 16 0.8610351 
646 346 14 16 0.8588823 
261 386 19 38 0.8376121 
66 348 11 16 0.8270679 
790 336 14 18 0.80653393 
131 372 11 18 0.79821444 
511 336 19 32 0.6662214 
300 350 14 16 0.6596026 
268 337 10 13 0.6091705 
369 329 12 15 0.58318275 
651 328 12 13 0.5296146 
510 304 14 20 0.48911485 
440 312 10 14 0.4211364 
918 338 10 15 0.41077614 
190 339 11 14 0.40022227 
636 533 20 20 0.40020195 
608 315 19 28 0.3768646 
932 260 9 11 0.32943255 
952 309 13 17 0.3208791 
