2_Demonstration_Demonstration_Or_Protest_2_102
19
424 605 27 35 0.9988746 
264 583 24 25 0.9879654 
672 544 22 25 0.97660065 
950 488 20 21 0.9729339 
757 576 20 22 0.9633615 
979 512 19 22 0.96226645 
403 607 19 32 0.92986286 
636 581 19 25 0.82303256 
80 606 22 24 0.80622536 
239 583 19 27 0.79649514 
697 537 18 23 0.55437434 
313 578 13 17 0.4988784 
800 528 13 15 0.4813559 
41 657 13 17 0.43340296 
246 587 17 21 0.39552286 
774 540 13 18 0.39191455 
677 670 19 13 0.38673198 
844 526 13 15 0.38662702 
842 577 20 29 0.35350004 
