2_Demonstration_Protesters_2_493
100
386 148 39 45 0.9995011 
772 129 35 41 0.99944395 
92 114 26 30 0.99918693 
302 155 37 47 0.9991425 
31 68 23 28 0.99907434 
719 131 37 45 0.999035 
255 99 23 26 0.99903166 
456 130 38 47 0.99813616 
923 158 35 47 0.9977423 
555 131 37 44 0.99755836 
160 81 22 25 0.996929 
374 97 25 32 0.9968953 
846 141 34 41 0.99621993 
279 115 28 33 0.99610585 
80 90 24 24 0.9951133 
67 62 21 27 0.9946666 
637 106 22 27 0.99462116 
19 99 23 27 0.99427223 
313 85 23 27 0.992211 
877 208 42 56 0.99153554 
201 80 22 26 0.9876501 
341 115 34 38 0.9874259 
650 172 45 56 0.9855004 
710 111 27 29 0.98251384 
267 73 23 29 0.9810035 
935 128 36 45 0.98060364 
130 85 20 23 0.97961676 
135 104 23 26 0.9724645 
918 75 22 29 0.9707873 
987 151 37 48 0.96631896 
292 67 21 28 0.96094745 
869 93 23 30 0.95830554 
340 90 22 27 0.9554329 
734 91 25 27 0.94879633 
409 113 25 28 0.9395065 
963 69 18 21 0.9369699 
210 116 21 28 0.9301892 
216 184 46 70 0.9243919 
469 118 25 29 0.9199007 
821 74 25 31 0.91231585 
246 82 20 25 0.9095209 
217 65 19 22 0.9016284 
662 61 21 24 0.8968234 
745 48 15 18 0.896109 
433 70 19 24 0.8907164 
0 86 14 29 0.890109 
836 75 21 28 0.8887156 
542 76 21 23 0.8863885 
386 72 19 22 0.8796426 
650 91 20 26 0.87728107 
186 116 26 30 0.870258 
927 48 16 21 0.8650939 
751 192 31 38 0.8599333 
545 54 13 15 0.8484465 
784 83 22 32 0.83902645 
482 60 19 23 0.8128743 
718 79 17 19 0.8113743 
605 86 21 25 0.80168366 
523 114 27 37 0.7992465 
582 128 22 32 0.7981449 
568 52 14 15 0.7924366 
175 108 23 26 0.7923991 
420 35 13 16 0.79123026 
520 65 18 21 0.78309894 
582 57 22 25 0.7625547 
0 379 79 197 0.7576801 
386 48 17 20 0.75387526 
833 180 33 59 0.7381181 
253 46 13 15 0.7318112 
950 52 16 19 0.73044646 
713 368 76 105 0.7245091 
614 65 21 24 0.70216143 
884 62 19 26 0.6967846 
545 113 29 31 0.69419533 
845 17 12 15 0.6933286 
437 35 11 14 0.686295 
0 130 29 43 0.68558705 
802 20 13 16 0.6773775 
761 45 15 16 0.67045635 
843 48 17 20 0.65851045 
160 45 14 17 0.6363538 
906 120 32 47 0.6349377 
185 57 16 20 0.6216543 
303 47 18 20 0.61909485 
564 30 12 14 0.60660815 
637 52 17 21 0.60169536 
14 58 17 21 0.59753454 
704 49 18 20 0.5967141 
522 88 19 23 0.57141054 
97 55 13 16 0.5701349 
0 480 80 96 0.557294 
0 46 11 19 0.5508051 
334 42 11 15 0.5430215 
228 83 21 29 0.5372898 
501 12 9 11 0.5367169 
464 461 91 98 0.5343146 
485 242 30 53 0.52365917 
34 51 13 15 0.51853687 
913 14 13 13 0.51574445 
469 35 11 14 0.50488365 
