2_Demonstration_Demonstration_Or_Protest_2_200
48
73 266 37 49 0.99963653 
84 132 31 40 0.9993554 
809 494 51 54 0.99933064 
276 219 38 44 0.999329 
15 364 39 50 0.9992818 
852 324 38 50 0.9989692 
786 382 46 56 0.99876773 
178 224 31 38 0.9985696 
389 223 20 34 0.9979936 
288 166 26 36 0.99149513 
904 0 14 15 0.9860096 
222 188 29 42 0.98293036 
844 132 20 26 0.9820294 
942 299 41 56 0.9723846 
318 361 39 73 0.9589245 
887 163 23 28 0.9545681 
538 167 21 35 0.9348415 
684 35 16 22 0.91692364 
23 70 15 20 0.9157281 
310 98 13 16 0.9019693 
891 295 32 47 0.8978098 
358 149 20 34 0.8944718 
400 48 14 19 0.8783306 
462 11 13 16 0.85731 
356 25 13 16 0.80646497 
927 69 19 26 0.80070657 
90 29 12 20 0.7996229 
952 172 36 41 0.7950102 
275 67 14 19 0.7167071 
18 126 17 22 0.6918162 
354 117 13 23 0.68561107 
502 6 11 15 0.6492376 
909 117 19 22 0.6425167 
389 152 24 40 0.5747717 
487 42 13 15 0.57429594 
406 478 45 46 0.5577455 
50 160 21 29 0.5380995 
668 377 35 69 0.4788859 
337 196 28 43 0.45892513 
2 88 16 23 0.38885203 
1004 79 20 34 0.38407132 
85 0 20 18 0.35074282 
907 152 18 26 0.337168 
298 354 34 34 0.32115194 
721 448 31 44 0.3156513 
366 113 13 18 0.31413826 
395 165 23 32 0.3126868 
668 416 68 106 0.30703887 
