2_Demonstration_Political_Rally_2_410
37
2 526 64 78 0.9997862 
635 449 93 112 0.9997594 
352 430 43 47 0.999741 
247 503 77 82 0.9997216 
502 492 40 51 0.99958616 
466 455 37 43 0.9995753 
727 471 50 62 0.9995229 
855 419 41 46 0.99950826 
183 494 46 58 0.99934894 
932 451 29 31 0.99874026 
509 428 17 22 0.9960484 
561 510 41 75 0.99586177 
805 448 21 23 0.994189 
115 421 20 25 0.98622394 
8 420 33 27 0.9759134 
608 435 17 23 0.97549415 
954 427 20 19 0.9718095 
150 415 13 15 0.9246098 
830 427 18 22 0.88049805 
176 411 10 12 0.7274875 
120 401 15 15 0.7198972 
252 419 13 15 0.70054156 
206 416 13 16 0.66762286 
287 419 9 8 0.62794304 
257 419 13 16 0.6243408 
328 421 9 9 0.6072548 
409 421 10 13 0.5487603 
564 420 12 19 0.5301787 
24 381 22 22 0.49508747 
218 412 13 14 0.455272 
1010 414 11 11 0.39420918 
895 439 16 19 0.38499305 
1008 426 13 15 0.37144977 
534 419 9 12 0.3157547 
404 450 13 17 0.307735 
216 417 11 14 0.3024051 
129 500 22 25 0.30070418 
