2_Demonstration_Demonstrators_2_28
73
457 395 23 34 0.99988925 
38 393 33 38 0.9998456 
263 451 22 30 0.99976915 
515 444 27 35 0.9997348 
332 515 31 41 0.99964726 
754 431 22 30 0.99962616 
172 381 26 33 0.99959666 
596 505 36 44 0.9995796 
603 384 22 29 0.99941146 
250 395 22 30 0.9992894 
386 428 26 33 0.99927765 
88 478 33 46 0.9991622 
659 605 51 61 0.99913967 
179 516 39 49 0.998825 
978 477 27 37 0.99880385 
844 513 41 52 0.9987363 
331 444 22 32 0.99831307 
490 389 20 27 0.99738747 
893 438 24 39 0.9970482 
32 360 29 32 0.99541914 
40 540 39 60 0.9953916 
443 371 18 27 0.9952435 
368 381 16 22 0.9942595 
670 377 17 25 0.9914893 
685 450 20 24 0.9905252 
65 353 17 22 0.9863825 
295 426 24 31 0.98346245 
286 369 17 23 0.98196584 
177 595 53 74 0.9800307 
868 397 21 31 0.97880894 
563 368 15 22 0.97793454 
495 561 32 52 0.97665036 
477 367 19 25 0.9765123 
549 362 14 23 0.97624946 
263 361 18 25 0.9744786 
647 367 15 21 0.9734554 
423 352 14 19 0.97140896 
138 418 20 27 0.9685407 
456 345 13 17 0.93292576 
587 363 15 21 0.9324753 
572 341 11 16 0.9299581 
136 369 20 24 0.9080416 
262 387 18 26 0.9036323 
239 342 12 16 0.9017256 
911 424 17 20 0.8945332 
436 496 30 40 0.8836755 
0 364 15 22 0.8771808 
770 351 11 19 0.8733259 
216 369 15 19 0.8717222 
620 362 14 21 0.87037736 
570 396 13 22 0.8579683 
700 576 35 58 0.84239674 
330 342 13 19 0.8397454 
595 356 10 17 0.8263668 
1006 440 18 37 0.82403535 
840 388 12 21 0.8174413 
758 353 12 18 0.788377 
497 368 14 18 0.7814804 
808 390 12 19 0.7634815 
217 338 11 16 0.74405533 
192 354 12 15 0.72683233 
438 463 21 33 0.71063226 
563 320 9 12 0.646269 
689 376 13 19 0.6418582 
717 400 15 21 0.5517449 
755 408 19 26 0.48439312 
14 345 14 17 0.48332307 
619 319 9 14 0.45832607 
967 368 10 14 0.4196724 
693 359 13 17 0.38105464 
526 343 8 13 0.37814814 
937 403 17 23 0.34177357 
154 368 21 29 0.32673872 
