2_Demonstration_Demonstration_Or_Protest_2_430
21
109 236 48 72 0.9996662 
608 128 45 66 0.9987054 
490 127 56 97 0.9986375 
288 201 50 81 0.9959961 
768 140 40 64 0.9929264 
680 109 55 97 0.9921353 
353 176 46 66 0.99130076 
235 209 38 47 0.98934793 
857 206 54 83 0.97167385 
142 378 38 51 0.8769794 
0 367 62 74 0.7181573 
824 467 34 41 0.71516156 
858 166 49 73 0.69189465 
917 401 29 21 0.6653419 
0 133 20 73 0.66074 
962 508 57 68 0.6195067 
656 95 36 73 0.56617904 
663 107 56 86 0.37018383 
359 410 36 46 0.36089352 
808 545 36 31 0.32728463 
994 350 17 24 0.30356997 
