2_Demonstration_Political_Rally_2_264
49
389 551 15 20 0.9874796 
786 457 12 16 0.9236727 
930 594 22 30 0.9175024 
531 514 12 16 0.8958844 
679 588 15 23 0.89415383 
989 524 13 16 0.88906753 
738 604 16 20 0.8585389 
443 501 13 21 0.84228843 
624 566 16 24 0.8350016 
732 437 10 15 0.8227961 
652 467 13 17 0.7916265 
396 425 13 15 0.7642529 
335 400 10 14 0.7572221 
613 471 11 17 0.7482373 
649 578 11 20 0.74512815 
582 460 13 20 0.7428815 
93 357 12 14 0.74145854 
337 459 15 15 0.73005056 
603 516 12 19 0.72248363 
997 488 27 52 0.6774878 
511 416 11 14 0.5853721 
1014 408 10 14 0.57126194 
960 572 34 51 0.55695075 
986 524 11 16 0.53294045 
55 346 11 13 0.5186789 
445 350 11 15 0.51109207 
533 508 14 21 0.4999965 
361 526 12 15 0.49673676 
959 386 10 12 0.4885879 
708 503 14 22 0.48155043 
549 334 12 14 0.48027268 
601 367 9 14 0.48012015 
327 555 16 26 0.45029885 
211 361 16 21 0.439816 
919 386 10 11 0.42856026 
463 348 12 15 0.42809376 
514 414 11 14 0.41778165 
191 363 12 14 0.41107652 
499 508 13 21 0.40575632 
491 578 12 16 0.40310565 
355 429 11 13 0.4009519 
156 334 11 14 0.39650342 
279 348 10 13 0.3716565 
313 511 15 18 0.36423406 
882 417 10 15 0.35129726 
494 330 12 15 0.3434364 
479 398 11 13 0.32116428 
42 363 11 13 0.31482467 
637 583 11 19 0.3108983 
