2_Demonstration_Protesters_2_822
22
724 378 81 117 0.99969125 
206 382 44 60 0.99963784 
299 342 50 75 0.9995035 
678 359 38 51 0.99909925 
30 363 39 55 0.9990564 
940 385 33 39 0.998919 
100 419 55 76 0.9935033 
1003 369 16 21 0.9923463 
138 367 25 32 0.98506725 
595 432 46 72 0.98123014 
979 365 14 19 0.9698046 
457 402 23 38 0.7363113 
853 473 37 61 0.7343297 
517 396 22 41 0.72936827 
1010 401 14 28 0.5492721 
0 395 29 70 0.5298859 
431 402 27 40 0.5001631 
1011 472 12 11 0.4601124 
82 391 20 26 0.45072347 
192 369 15 21 0.4320574 
0 357 28 58 0.41847566 
666 391 14 25 0.39375237 
