2_Demonstration_Demonstration_Or_Protest_2_644
33
232 64 25 33 0.9992866 
103 237 28 38 0.9990545 
821 279 22 27 0.9985769 
148 182 22 30 0.99771273 
878 313 27 31 0.99654007 
932 277 21 23 0.99573815 
767 289 26 32 0.9933382 
851 271 21 25 0.9922956 
835 142 18 24 0.98969495 
644 239 17 20 0.98631513 
404 241 20 27 0.97605366 
22 33 17 21 0.95977116 
175 173 20 28 0.9238972 
430 232 19 28 0.8974023 
446 281 20 25 0.86004657 
368 248 17 24 0.8523001 
560 271 28 35 0.78413564 
671 262 23 28 0.7458733 
334 90 17 29 0.6966632 
211 48 15 18 0.64776987 
979 277 19 24 0.64759064 
235 220 13 18 0.61537796 
521 276 21 32 0.59901226 
658 270 22 26 0.5598066 
296 237 13 18 0.554901 
473 160 15 19 0.5506117 
965 279 19 24 0.52964973 
528 150 15 19 0.42490453 
513 251 14 19 0.40097955 
428 303 20 26 0.3982503 
462 231 17 26 0.3965753 
481 275 15 19 0.39580694 
717 249 24 32 0.3879672 
