2_Demonstration_Protesters_2_561
100
201 82 17 21 0.9994661 
747 233 16 22 0.9992662 
286 91 16 21 0.9981147 
598 500 18 17 0.99722517 
444 464 18 18 0.99697864 
139 313 19 21 0.9965513 
864 498 19 22 0.9964898 
952 654 18 22 0.9957118 
888 190 16 23 0.9945754 
400 131 18 19 0.99452424 
792 457 18 22 0.9938564 
131 216 16 18 0.99360484 
177 393 18 21 0.99359715 
941 503 21 23 0.9915433 
710 238 18 21 0.99114215 
497 483 19 21 0.9910183 
802 493 15 20 0.9909394 
491 135 18 22 0.9906002 
552 138 19 22 0.98975664 
40 412 17 20 0.9870374 
447 140 16 19 0.9865871 
534 129 17 24 0.9858122 
463 379 16 22 0.98545945 
584 459 19 21 0.9840553 
766 526 20 20 0.98351926 
236 291 18 22 0.98343915 
289 440 16 19 0.98338866 
340 447 15 19 0.9795441 
105 386 16 19 0.9787234 
577 415 19 22 0.9785807 
643 380 17 20 0.978234 
719 470 17 19 0.97752106 
775 227 17 18 0.97639287 
544 495 17 19 0.97589874 
738 514 20 23 0.97387356 
424 367 19 24 0.9717568 
187 358 17 21 0.97116417 
103 429 17 20 0.9711514 
755 444 16 19 0.97103506 
19 325 16 20 0.9693667 
782 412 16 22 0.96882445 
161 424 16 19 0.96812826 
679 428 18 21 0.96793973 
439 286 19 22 0.9667477 
501 324 16 18 0.9658185 
643 220 17 23 0.96518743 
724 411 15 18 0.9642374 
665 500 15 18 0.96252614 
27 378 16 20 0.96018916 
624 443 15 19 0.9583988 
649 424 14 20 0.95612234 
94 322 18 17 0.94943094 
300 337 17 22 0.94622433 
17 262 15 18 0.945333 
849 535 18 21 0.9431311 
900 520 16 18 0.94261986 
263 236 15 18 0.94185996 
434 438 15 18 0.9353695 
866 608 14 17 0.9310387 
837 450 13 21 0.9310379 
178 307 17 22 0.92975837 
309 408 13 18 0.92696124 
872 644 15 18 0.9197068 
546 305 18 21 0.91824913 
645 470 17 22 0.9137788 
849 414 14 18 0.9117277 
930 237 15 19 0.9114991 
119 360 17 16 0.9063245 
899 662 12 20 0.89869475 
813 264 17 18 0.893706 
581 383 18 22 0.8834902 
394 256 13 20 0.8825181 
255 389 15 20 0.8629226 
95 222 14 17 0.86133546 
287 319 15 19 0.8531462 
825 427 14 20 0.843347 
860 316 15 20 0.83827114 
211 446 15 18 0.8293996 
701 420 11 16 0.82443446 
993 462 15 18 0.8235404 
229 464 18 15 0.81812304 
409 302 14 16 0.81493145 
218 260 13 18 0.81188846 
25 303 14 15 0.81084514 
767 389 16 19 0.8074057 
322 87 18 24 0.75033075 
237 374 13 16 0.7078303 
479 303 15 19 0.69053054 
735 368 14 16 0.6567398 
953 534 18 22 0.647024 
0 334 8 19 0.57802856 
370 337 18 20 0.547359 
981 25 16 17 0.5395185 
376 394 20 26 0.5303457 
76 269 14 16 0.5207035 
936 482 13 16 0.50297266 
117 202 12 14 0.4917556 
924 457 14 13 0.48203737 
834 398 16 20 0.48082536 
915 469 12 15 0.4734384 
