2_Demonstration_Demonstration_Or_Protest_2_58
84
316 125 24 32 0.9998753 
148 157 31 37 0.99984705 
285 383 56 86 0.999819 
302 301 51 65 0.9997794 
589 172 33 43 0.99977046 
654 316 49 76 0.9997652 
767 270 46 57 0.99975795 
451 313 54 73 0.99972266 
517 230 43 61 0.9996871 
941 193 37 47 0.9996586 
160 231 47 52 0.999616 
786 444 64 78 0.9995983 
248 239 43 62 0.9995826 
211 69 18 24 0.99953437 
165 297 51 76 0.9995078 
700 247 37 49 0.99949753 
0 168 28 48 0.9994716 
983 147 27 30 0.99946815 
335 178 33 43 0.99941266 
90 152 34 36 0.9994105 
46 242 58 62 0.99928147 
965 283 47 51 0.9992424 
866 240 41 56 0.99921787 
184 89 21 24 0.99912626 
863 117 25 29 0.9991246 
26 510 102 112 0.9990808 
836 170 37 45 0.99894625 
106 54 16 20 0.9988952 
317 221 40 50 0.99806064 
46 42 19 20 0.99754685 
77 83 20 23 0.996424 
157 115 26 29 0.9940382 
691 49 14 18 0.9916192 
623 264 38 57 0.99002343 
695 78 16 19 0.98965734 
775 195 33 39 0.9894181 
584 569 45 81 0.98589516 
382 295 38 52 0.98266566 
161 52 16 16 0.9790462 
112 85 18 21 0.9769027 
826 143 22 28 0.9697212 
634 104 19 26 0.96778584 
15 83 15 18 0.9655969 
511 79 12 19 0.96484053 
770 34 12 16 0.96320087 
691 1 9 12 0.95205545 
545 94 14 23 0.95177156 
350 62 13 16 0.9487067 
518 174 22 32 0.9475945 
744 14 9 12 0.94708323 
128 52 14 16 0.93402547 
251 74 20 24 0.9250529 
456 58 12 18 0.9058347 
0 53 12 17 0.90439975 
474 173 19 33 0.8729302 
392 130 20 30 0.86940616 
326 1 10 12 0.8570071 
350 37 10 14 0.8438841 
295 0 10 12 0.8213924 
704 0 8 11 0.80991125 
149 81 14 18 0.8088259 
472 119 18 28 0.7990988 
242 5 10 12 0.79299486 
597 246 34 51 0.7442532 
641 76 14 20 0.7194309 
1000 0 10 8 0.7129507 
969 0 11 7 0.7091819 
535 3 12 14 0.6786789 
818 4 11 12 0.67756134 
778 147 21 29 0.6752443 
355 0 9 9 0.627454 
671 3 8 12 0.6111809 
688 170 34 47 0.5942928 
192 434 32 58 0.58423376 
1007 4 11 14 0.573765 
359 8 8 13 0.5153711 
544 198 36 46 0.5116865 
784 0 10 10 0.47087958 
778 235 34 41 0.42281428 
460 172 34 43 0.3838331 
910 322 36 54 0.3719058 
353 38 11 14 0.3497482 
459 1 9 12 0.33894032 
428 234 24 37 0.3166614 
