2_Demonstration_Demonstration_Or_Protest_2_32
44
457 1067 47 63 0.999811 
525 1149 66 91 0.99954635 
240 1239 80 113 0.99947494 
729 1101 58 70 0.9992551 
169 1078 54 77 0.99923897 
631 1063 26 37 0.99916995 
518 1060 26 36 0.99796957 
893 1020 29 30 0.99705136 
428 1033 31 43 0.9965526 
271 1056 39 49 0.9912042 
528 1111 36 48 0.990419 
49 1044 48 55 0.98864216 
702 1099 36 54 0.97705954 
301 1096 59 69 0.97656894 
287 1077 40 61 0.9572489 
1 1254 56 112 0.9539641 
336 1032 28 36 0.95275027 
866 1105 30 34 0.8394182 
751 1077 20 22 0.8220981 
421 6 352 377 0.81631887 
370 1034 20 25 0.80507416 
937 1080 19 23 0.7989429 
577 1078 22 27 0.76054406 
823 1098 26 36 0.73886204 
972 1121 20 33 0.7376166 
291 1030 30 34 0.70694065 
669 1069 20 26 0.6372369 
963 1064 17 23 0.6115714 
547 1046 16 28 0.56884134 
981 1060 15 22 0.5542552 
1 299 156 448 0.5240774 
776 1060 16 22 0.49549487 
726 9 277 362 0.48070127 
171 1037 17 26 0.42152822 
446 1010 18 25 0.41011447 
1008 1101 16 22 0.40805632 
833 1100 19 32 0.40442744 
491 1018 16 22 0.39685515 
1 1031 28 38 0.39597356 
124 1028 32 43 0.35145003 
991 1035 17 20 0.32274905 
398 1027 23 33 0.3199467 
18 192 61 70 0.31696418 
603 1046 16 21 0.30609336 
