2_Demonstration_Political_Rally_2_329
64
498 143 21 21 0.9998822 
482 310 81 108 0.99975747 
138 343 60 71 0.99974185 
930 283 64 73 0.9997354 
925 212 32 36 0.9997023 
801 205 41 50 0.9996842 
463 239 39 47 0.9996731 
648 233 38 49 0.99962735 
770 178 26 29 0.99957246 
746 396 90 123 0.99956924 
877 162 32 39 0.99953103 
196 193 38 45 0.99950194 
267 198 41 46 0.99937075 
615 209 26 36 0.9989266 
129 178 30 35 0.99888855 
309 309 65 76 0.9988079 
865 329 64 84 0.9985654 
833 182 27 34 0.9984006 
694 325 44 50 0.9980392 
123 230 50 60 0.99785304 
565 144 17 21 0.9977622 
1 194 31 42 0.9965946 
328 179 31 31 0.99632746 
475 135 19 21 0.9956391 
849 225 26 33 0.99369204 
666 187 27 34 0.9923822 
464 148 16 17 0.98553455 
781 285 41 41 0.98396415 
902 144 13 14 0.98352814 
300 184 25 30 0.9829964 
954 192 23 28 0.98183286 
59 170 19 23 0.9759951 
843 130 16 17 0.97327423 
966 146 13 15 0.9687715 
583 225 31 32 0.95153975 
539 147 23 25 0.94682956 
998 139 12 13 0.9352674 
949 143 13 14 0.93082654 
971 224 30 35 0.8475196 
70 133 11 14 0.84618026 
745 121 13 14 0.83341146 
58 203 27 43 0.813505 
989 221 21 31 0.7790482 
769 129 11 14 0.763346 
13 135 10 12 0.7617664 
70 151 13 18 0.7323605 
24 147 15 17 0.71543247 
111 155 11 16 0.6968537 
935 138 11 12 0.6909568 
863 137 11 14 0.6854979 
814 124 12 14 0.6786615 
782 117 11 14 0.6766272 
696 183 23 28 0.6718421 
1012 150 11 13 0.64534676 
610 163 18 24 0.64207464 
918 147 11 14 0.5510378 
51 134 10 12 0.5424534 
30 149 13 15 0.52413803 
803 133 10 13 0.50688064 
906 125 11 12 0.45387146 
742 129 11 14 0.41308942 
462 135 10 15 0.36525154 
0 368 33 61 0.32165343 
743 123 14 19 0.31246918 
