2_Demonstration_Political_Rally_2_137
24
907 276 27 37 0.99994755 
234 294 70 102 0.9998362 
12 366 84 127 0.99981266 
396 276 27 38 0.99969566 
758 269 35 47 0.9988432 
842 263 28 36 0.9971693 
930 263 24 36 0.99560815 
650 274 38 52 0.99410015 
783 274 33 46 0.99335915 
0 304 22 49 0.9914315 
295 288 66 97 0.98969716 
421 315 51 70 0.9885845 
474 277 27 33 0.95184433 
715 274 16 25 0.93355453 
200 278 33 47 0.91069454 
734 268 18 24 0.887806 
374 275 21 29 0.8573264 
564 324 27 46 0.8498695 
608 319 35 42 0.7081169 
467 273 23 35 0.48183417 
507 272 21 30 0.39017108 
79 281 24 29 0.38306072 
380 634 48 47 0.37637597 
372 326 36 52 0.34774357 
