2_Demonstration_Demonstration_Or_Protest_2_173
46
505 214 37 61 0.99982697 
273 274 33 49 0.99982685 
869 210 40 55 0.9997764 
168 315 41 57 0.9997706 
670 277 48 69 0.99963343 
107 247 40 54 0.99945897 
847 290 50 69 0.99943644 
584 234 38 55 0.99934274 
363 295 35 55 0.9992617 
53 355 42 55 0.99924254 
775 186 31 50 0.9991053 
256 252 30 44 0.99833703 
460 228 32 46 0.9978787 
354 228 25 36 0.99770206 
829 164 20 31 0.99566627 
175 226 19 25 0.9943348 
654 207 34 48 0.99392384 
672 153 18 26 0.99314547 
0 301 24 49 0.9880498 
742 160 19 28 0.9867312 
320 208 16 24 0.9865211 
361 192 14 20 0.9820939 
207 239 22 28 0.9663653 
452 208 24 30 0.91794705 
548 168 13 18 0.9067975 
17 242 14 16 0.90458006 
641 169 15 23 0.8956888 
94 213 23 28 0.8878303 
515 193 23 29 0.88768554 
185 275 30 36 0.870756 
224 206 14 20 0.83790267 
5 216 12 18 0.75905854 
166 216 12 19 0.755207 
4 252 15 20 0.74150187 
251 225 16 20 0.74009705 
577 188 14 21 0.7188022 
136 210 12 17 0.70286244 
288 195 14 18 0.684498 
440 193 12 18 0.65433717 
473 193 12 19 0.53604734 
181 206 11 16 0.5046255 
718 157 11 17 0.5033773 
492 163 13 16 0.49105328 
167 206 11 15 0.463105 
212 197 11 16 0.40522993 
899 182 16 21 0.33651218 
