2_Demonstration_Demonstrators_2_314
32
259 271 26 29 0.9893912 
205 270 29 31 0.9877104 
244 393 31 48 0.9264742 
113 293 47 44 0.87294793 
111 262 30 27 0.8618228 
400 257 32 35 0.84494644 
413 260 28 30 0.82264626 
677 25 25 22 0.78124344 
605 353 38 75 0.73648304 
765 297 24 25 0.72922415 
568 306 36 39 0.7140873 
635 42 16 17 0.669912 
531 251 21 27 0.66827303 
245 710 45 56 0.65063024 
81 489 43 67 0.58168626 
6 472 37 61 0.5749057 
580 305 43 43 0.5514878 
523 307 21 35 0.5431118 
872 396 37 56 0.5301585 
747 355 24 34 0.52278894 
257 247 33 25 0.5111277 
565 44 14 16 0.49827018 
483 306 22 34 0.46810338 
14 381 37 65 0.38760027 
1 316 26 40 0.38508925 
443 526 42 50 0.3612812 
244 266 25 31 0.34407622 
208 678 51 80 0.33197704 
780 375 94 125 0.3216775 
226 689 31 53 0.31594536 
381 281 21 31 0.30961388 
749 359 34 34 0.30665067 
