2_Demonstration_Protesters_2_92
22
246 300 30 38 0.99794894 
826 327 35 53 0.991217 
259 432 55 71 0.9911889 
742 354 54 74 0.9903593 
686 337 35 47 0.95910096 
92 514 65 127 0.94498974 
651 296 24 33 0.93931395 
589 321 20 29 0.90160084 
380 311 24 32 0.88368744 
345 331 20 28 0.8803706 
465 297 23 35 0.84524775 
117 310 20 23 0.8046438 
279 336 31 33 0.7897802 
200 327 21 33 0.78533274 
91 295 11 15 0.7350759 
429 303 14 17 0.7186586 
318 311 24 39 0.5836719 
663 297 21 32 0.5006567 
496 313 23 36 0.42569774 
960 449 26 37 0.32215348 
161 318 14 19 0.3052662 
308 309 27 48 0.30041862 
