2_Demonstration_Political_Rally_2_985
19
784 550 152 190 0.9997763 
552 474 59 72 0.9995993 
118 447 30 35 0.9975733 
358 400 27 36 0.994669 
392 394 17 29 0.98646855 
982 374 35 40 0.97323686 
316 413 43 90 0.9645572 
77 540 16 20 0.9606196 
94 551 17 17 0.91079956 
655 297 14 16 0.8644489 
89 422 23 26 0.8618255 
16 442 27 37 0.8476672 
112 555 16 21 0.8140786 
639 294 13 17 0.8061537 
625 288 12 16 0.79613614 
6 414 14 15 0.44009104 
141 825 205 324 0.42326778 
5 456 37 47 0.3672054 
788 295 13 18 0.33792895 
