2_Demonstration_Demonstrators_2_517
33
137 287 78 92 0.9998841 
780 296 76 89 0.9998704 
502 111 42 48 0.9998636 
167 125 47 53 0.99983764 
704 129 51 59 0.9997774 
654 147 27 45 0.99971884 
108 95 27 30 0.99963796 
803 110 34 40 0.99945444 
465 356 64 81 0.9993973 
789 88 26 30 0.99921477 
987 86 26 27 0.9990803 
885 99 37 33 0.9989692 
921 108 24 21 0.9960886 
261 121 41 63 0.99538404 
427 76 15 19 0.9890893 
218 106 23 29 0.9780427 
767 67 15 17 0.9676713 
477 114 24 37 0.9412274 
698 82 12 16 0.8962252 
586 126 23 28 0.8955945 
239 92 14 17 0.8863457 
616 71 12 15 0.8658407 
245 82 13 15 0.7931725 
485 98 13 16 0.75377697 
181 85 13 18 0.71025205 
516 86 13 16 0.6214693 
569 89 18 20 0.60280716 
530 69 9 10 0.5494229 
563 73 8 11 0.54423106 
217 100 15 18 0.49408314 
855 85 19 23 0.38657072 
216 101 20 26 0.38331532 
281 108 19 29 0.3379804 
