2_Demonstration_Demonstrators_2_329
20
250 91 63 83 0.9998827 
374 97 26 34 0.99957484 
204 46 47 61 0.99954957 
859 168 40 43 0.99940586 
114 32 36 49 0.9990133 
133 87 47 55 0.9980134 
931 183 34 37 0.9968831 
956 191 25 33 0.99562305 
729 168 23 28 0.99549496 
666 150 26 31 0.9945147 
791 191 20 27 0.99279803 
708 166 25 38 0.98122865 
26 0 49 56 0.9809568 
981 220 24 29 0.9638511 
62 45 34 46 0.8605639 
681 230 28 37 0.6650578 
621 157 10 14 0.5823603 
606 175 10 15 0.5823434 
816 203 13 16 0.49079952 
1005 218 17 25 0.42862844 
