2_Demonstration_Political_Rally_2_641
19
117 126 49 68 0.99979144 
430 178 48 68 0.9996768 
8 146 44 56 0.9993661 
573 157 50 74 0.999191 
516 158 38 63 0.99793965 
203 134 43 56 0.9953454 
649 154 34 65 0.994495 
722 155 39 77 0.9933027 
293 128 45 86 0.9848518 
603 138 38 62 0.9589237 
818 153 37 66 0.9422423 
946 177 31 46 0.86020046 
909 149 27 48 0.8514128 
992 218 31 52 0.81835896 
391 163 42 56 0.7991848 
348 232 30 49 0.50315166 
404 168 39 57 0.3814713 
851 133 25 65 0.32885027 
537 106 24 36 0.31987095 
