2_Demonstration_Protesters_2_826
27
892 239 65 76 0.9998498 
627 72 33 44 0.99981207 
546 167 41 53 0.99945325 
607 144 32 38 0.9993807 
702 205 52 61 0.9989826 
581 73 28 35 0.9983689 
500 154 28 37 0.9979699 
56 91 30 31 0.99712104 
564 56 17 24 0.99414515 
517 68 16 20 0.9783718 
227 103 17 22 0.9665995 
545 105 15 24 0.9510791 
425 88 15 22 0.9295248 
514 121 24 31 0.9061604 
212 83 15 17 0.9016155 
550 65 12 17 0.85365057 
535 73 13 17 0.8095138 
617 67 12 15 0.79073775 
90 82 13 17 0.71764755 
181 119 13 16 0.59270364 
405 87 11 17 0.5925697 
360 91 22 23 0.5830774 
255 67 12 14 0.5501378 
685 71 17 35 0.5088764 
421 582 19 28 0.48795074 
357 91 17 21 0.38775113 
336 136 26 41 0.36791682 
