2_Demonstration_Demonstrators_2_781
19
463 201 40 52 0.99980444 
546 142 55 80 0.99971694 
253 169 52 68 0.99955326 
392 195 24 33 0.999188 
929 230 28 28 0.99914265 
695 219 45 55 0.99894446 
924 270 42 42 0.99867034 
535 213 37 43 0.9982529 
533 191 19 25 0.99134856 
861 247 14 15 0.9823124 
240 129 29 49 0.97487396 
756 257 24 27 0.92907697 
815 229 22 18 0.75543034 
888 243 16 18 0.72941995 
760 225 23 24 0.675052 
124 225 16 19 0.5761642 
129 214 12 18 0.46776003 
106 229 18 17 0.40973014 
998 244 16 17 0.3272584 
