2_Demonstration_Protesters_2_131
72
124 617 20 23 0.9976324 
211 618 18 24 0.9965411 
460 616 20 27 0.9960759 
480 560 13 19 0.99496055 
189 562 13 16 0.9942023 
956 557 16 19 0.991803 
24 640 21 27 0.9913406 
34 598 20 23 0.98990285 
183 588 16 20 0.9877834 
43 571 21 20 0.98756915 
866 568 18 23 0.9864456 
266 584 14 18 0.9861413 
87 586 19 19 0.98576397 
296 627 17 22 0.98456 
977 573 17 21 0.97349656 
306 555 12 17 0.9719872 
415 583 13 20 0.97111523 
131 584 14 19 0.9693858 
378 609 16 31 0.95678174 
722 618 22 24 0.9417501 
997 535 11 13 0.93579495 
628 602 12 20 0.935233 
556 551 9 15 0.93009514 
1010 563 11 16 0.91802734 
789 534 9 12 0.91417146 
362 561 9 13 0.90930307 
36 539 14 15 0.89098996 
315 591 17 25 0.88714075 
218 553 12 14 0.8859858 
667 581 10 18 0.88455075 
410 542 9 14 0.8836629 
895 558 13 15 0.84014684 
885 611 13 21 0.8257999 
937 526 10 11 0.8227364 
404 520 9 12 0.8087448 
747 556 10 19 0.794819 
740 546 10 15 0.7829778 
465 535 9 12 0.7741736 
920 613 15 21 0.77012837 
146 537 11 13 0.76123756 
711 544 10 14 0.76013297 
508 641 15 31 0.74867874 
623 522 8 11 0.73353565 
694 548 9 16 0.71027184 
866 516 9 12 0.6939486 
958 527 9 12 0.67621654 
255 526 9 10 0.6675012 
266 664 25 19 0.667021 
610 553 8 14 0.61811846 
824 517 10 12 0.613996 
582 562 7 18 0.60297465 
171 542 9 12 0.57033724 
134 526 8 10 0.5693997 
904 518 9 12 0.5646527 
183 523 8 10 0.5591734 
1000 519 10 11 0.53211796 
61 531 9 12 0.49189097 
712 572 8 16 0.47760054 
675 566 11 14 0.43914688 
752 524 7 13 0.42225528 
343 564 12 15 0.4178244 
320 525 7 9 0.39053375 
220 515 9 10 0.3720808 
725 508 6 9 0.35955286 
791 533 10 13 0.35528237 
881 519 10 11 0.35374317 
725 631 22 26 0.34023553 
743 508 7 9 0.33350796 
906 548 13 17 0.33249977 
130 0 24 26 0.33038896 
767 504 8 9 0.32206613 
216 570 9 12 0.30287877 
