2_Demonstration_Protesters_2_508
24
948 173 35 39 0.99909854 
956 108 24 35 0.9981521 
718 167 35 40 0.99671185 
180 208 28 31 0.9959097 
787 137 25 29 0.98000056 
935 158 21 27 0.97779703 
317 181 27 36 0.97238773 
989 143 23 32 0.9617583 
238 176 29 41 0.9611171 
653 156 23 25 0.927342 
867 142 27 39 0.919792 
96 176 23 32 0.8832197 
568 230 40 46 0.7416449 
543 170 22 34 0.6767849 
271 77 15 16 0.6419287 
697 176 32 50 0.518123 
668 153 19 25 0.5033383 
631 158 19 23 0.45969373 
30 183 18 25 0.45232394 
778 149 17 23 0.4214226 
431 200 20 21 0.41078752 
254 178 17 39 0.35952073 
758 293 42 59 0.33826512 
784 143 22 27 0.30823636 
