2_Demonstration_Demonstration_Or_Protest_2_225
76
321 440 17 23 0.9809878 
136 411 14 19 0.97984535 
857 428 15 23 0.975754 
445 430 15 19 0.96591127 
205 455 15 17 0.96470094 
945 434 14 20 0.9511907 
986 503 13 17 0.94901806 
884 436 15 18 0.93265504 
354 442 15 17 0.9008278 
501 434 15 16 0.88558644 
227 438 14 16 0.8685127 
917 387 13 15 0.85816866 
463 411 14 16 0.82334375 
993 404 12 17 0.81015426 
920 410 12 16 0.810116 
698 423 16 22 0.7973202 
257 409 15 21 0.7852958 
558 425 16 20 0.78142434 
39 404 17 21 0.7450585 
584 409 13 16 0.74384487 
1015 401 9 17 0.7112793 
804 434 12 16 0.6838743 
867 416 11 14 0.661209 
1015 531 9 11 0.65815115 
990 384 12 14 0.6314592 
783 365 9 13 0.6288339 
1010 501 10 15 0.6222525 
631 408 12 16 0.61481 
105 423 13 18 0.6073056 
56 401 12 18 0.6031771 
223 437 14 16 0.5989758 
590 395 10 12 0.5895407 
732 430 15 18 0.5690266 
273 388 13 15 0.55774933 
662 414 14 18 0.55637395 
271 436 13 16 0.54277676 
414 350 9 12 0.5304428 
870 424 11 17 0.5253044 
798 434 13 16 0.52318394 
359 344 9 14 0.5218427 
401 409 12 15 0.5216831 
429 414 13 16 0.51442397 
176 283 15 23 0.51225567 
319 397 13 16 0.50681025 
849 410 13 16 0.49077836 
574 402 11 14 0.4870652 
466 368 12 16 0.47719246 
177 415 14 18 0.4666637 
90 425 18 23 0.4658192 
905 364 12 14 0.4647797 
111 401 11 17 0.45780137 
254 392 13 16 0.45393354 
710 392 10 13 0.45369923 
766 394 11 16 0.44953758 
817 414 16 21 0.44445786 
179 411 14 19 0.4308542 
863 355 10 14 0.4231211 
678 426 12 15 0.42147797 
346 346 10 13 0.41777956 
994 342 9 12 0.41087207 
658 416 12 18 0.40980983 
249 297 12 17 0.4026915 
322 368 13 16 0.38854605 
1014 503 9 14 0.38668814 
604 396 11 11 0.36763233 
893 446 12 16 0.3647446 
891 364 11 18 0.35988632 
915 432 11 18 0.35970747 
100 424 15 19 0.35502526 
633 405 16 20 0.35389167 
288 351 12 16 0.3377577 
275 435 13 16 0.32801938 
382 372 12 14 0.31888098 
802 359 12 16 0.31282336 
685 460 12 17 0.30655244 
367 330 9 11 0.30126515 
