2_Demonstration_Demonstrators_2_307
100
113 254 12 16 0.8976487 
298 188 9 14 0.8760414 
78 431 12 15 0.8746672 
491 587 15 19 0.84868526 
178 151 11 13 0.84699446 
1012 81 9 12 0.8469231 
912 307 12 14 0.8317664 
198 89 10 13 0.8277662 
389 395 13 16 0.82559854 
32 158 12 15 0.8135262 
203 454 12 16 0.8094819 
283 344 11 16 0.8052473 
916 281 13 10 0.804672 
343 220 11 14 0.8017097 
741 59 11 13 0.79994917 
702 78 10 13 0.7986663 
89 118 10 13 0.7905372 
66 480 12 16 0.7902936 
467 82 10 13 0.78681946 
102 503 11 16 0.7818269 
650 118 9 13 0.7742152 
440 211 10 12 0.74129766 
872 270 12 14 0.736408 
927 197 10 13 0.7339688 
191 381 11 15 0.7196984 
72 85 9 11 0.71897167 
240 200 10 15 0.71797 
206 497 11 17 0.7048645 
174 232 12 16 0.70314187 
844 212 10 13 0.69412506 
855 17 9 11 0.68766534 
624 536 13 16 0.6873158 
876 46 10 13 0.68519497 
724 23 9 12 0.680178 
245 67 9 13 0.67958236 
149 437 13 20 0.6783097 
644 87 10 12 0.6622073 
555 35 9 12 0.6576548 
675 121 10 12 0.6575138 
817 219 10 13 0.6564176 
799 210 10 12 0.65339756 
403 72 9 12 0.65326935 
908 216 9 13 0.6467909 
837 457 12 15 0.6432365 
436 72 9 12 0.64150757 
155 266 9 15 0.6365028 
426 334 12 15 0.6333051 
483 46 10 13 0.6320957 
258 97 9 13 0.6230375 
152 19 10 12 0.6144387 
796 5 9 14 0.6134776 
587 92 11 13 0.6112874 
450 143 10 12 0.6105405 
523 73 11 14 0.6029255 
250 168 10 13 0.6025451 
355 123 10 13 0.6000749 
743 115 10 12 0.59887254 
1006 350 10 16 0.59414035 
706 9 8 12 0.5865464 
724 177 8 11 0.5860033 
618 171 9 11 0.5850494 
484 325 9 12 0.5822358 
534 313 11 13 0.5815127 
429 103 8 12 0.5761614 
608 58 10 13 0.57050407 
862 308 10 12 0.5689762 
135 3 9 12 0.56003547 
617 104 10 13 0.5576862 
620 31 9 11 0.53964096 
923 238 10 15 0.53625417 
379 93 10 13 0.535605 
331 156 9 11 0.53475195 
684 39 8 11 0.5229364 
947 262 11 13 0.51355505 
347 34 9 11 0.48888937 
847 324 12 15 0.4883636 
987 334 13 14 0.4869951 
753 168 10 13 0.48634735 
43 49 9 12 0.47487622 
987 89 9 11 0.473728 
641 189 10 11 0.4700519 
585 552 13 16 0.46734414 
355 10 9 13 0.46283698 
99 36 8 13 0.46148467 
267 150 14 15 0.44613415 
775 0 10 11 0.44145894 
835 238 9 12 0.43688965 
527 34 10 13 0.43666247 
946 325 10 14 0.43117353 
764 557 15 22 0.42844048 
652 0 9 9 0.4252427 
671 52 10 10 0.42319414 
685 94 9 13 0.4182757 
370 78 10 12 0.41545197 
818 501 12 14 0.40359107 
964 566 13 18 0.40135518 
114 27 8 10 0.40046623 
743 223 11 14 0.39879096 
796 40 9 11 0.39227992 
915 260 11 14 0.39212012 
