2_Demonstration_Political_Rally_2_5
75
749 411 28 32 0.99704117 
866 451 30 31 0.9914253 
182 232 33 38 0.98969424 
319 232 24 41 0.98923475 
685 395 37 36 0.97293186 
750 298 33 32 0.97127324 
671 334 22 22 0.96040285 
477 275 17 20 0.93608886 
650 311 20 20 0.9124153 
102 297 17 19 0.891593 
886 328 18 18 0.8915812 
677 290 19 22 0.88839984 
120 455 44 57 0.88546604 
806 450 26 26 0.86475813 
876 363 21 23 0.8592752 
632 351 19 20 0.85766697 
773 471 36 36 0.8522896 
516 367 16 16 0.82118297 
34 259 17 19 0.8202997 
711 421 19 23 0.8108247 
56 297 20 20 0.80980736 
822 377 29 42 0.7859051 
991 432 32 39 0.7841988 
35 274 20 21 0.74000776 
717 264 18 19 0.7396608 
815 423 20 22 0.7337948 
557 357 18 20 0.7253483 
786 306 14 17 0.71869844 
800 469 28 33 0.6783611 
723 383 20 27 0.6734338 
999 117 11 12 0.661164 
782 395 22 28 0.6540126 
594 400 23 24 0.64840484 
906 175 9 10 0.6047641 
585 280 18 27 0.5957844 
957 365 14 13 0.57859886 
843 425 20 23 0.5767615 
862 184 10 11 0.5680695 
718 330 20 22 0.5575327 
437 111 33 55 0.52412444 
949 171 11 13 0.5072576 
699 242 12 12 0.50643075 
55 291 17 20 0.50399625 
867 421 23 25 0.49860433 
495 227 11 13 0.49543697 
851 225 11 13 0.47515175 
799 175 9 11 0.44849718 
928 175 10 9 0.44726723 
979 174 10 10 0.4379209 
975 347 12 12 0.43022454 
58 223 13 14 0.42736614 
906 409 22 25 0.42233628 
944 302 14 14 0.4201308 
513 359 22 24 0.419854 
620 293 19 24 0.4187629 
38 314 18 17 0.39556044 
949 380 19 22 0.39037186 
801 454 31 38 0.38768914 
813 243 11 13 0.38693234 
1003 176 9 11 0.38397196 
617 329 22 23 0.38362798 
744 249 12 13 0.37381917 
0 299 9 21 0.3711281 
368 300 15 19 0.36795703 
795 161 9 12 0.36569592 
990 166 11 12 0.35574034 
667 195 12 14 0.3541826 
30 479 29 33 0.34874085 
789 386 23 24 0.34555864 
248 259 25 31 0.34131265 
18 229 12 13 0.34065625 
929 358 17 23 0.3406432 
674 266 19 19 0.31458268 
480 370 12 12 0.3094083 
749 263 18 19 0.30345234 
