2_Demonstration_Protesters_2_525
100
552 484 31 37 0.99971706 
658 485 34 36 0.9996425 
714 361 23 24 0.9992223 
848 425 26 30 0.99918574 
759 458 28 31 0.99884796 
877 519 38 40 0.998765 
655 429 28 26 0.99834716 
297 489 29 35 0.9982918 
203 381 22 28 0.9979437 
999 398 24 27 0.9979361 
762 400 24 27 0.99772614 
483 436 27 33 0.9976036 
578 403 24 27 0.9973896 
415 514 33 38 0.9972914 
232 487 25 29 0.99713326 
994 459 30 34 0.99712163 
919 376 21 23 0.9970542 
325 416 26 27 0.9969887 
388 437 23 27 0.9968856 
845 396 20 22 0.9966754 
54 433 26 31 0.99650455 
947 432 26 27 0.9938711 
918 480 32 31 0.9931681 
249 370 21 24 0.99210465 
949 349 23 26 0.9889607 
79 380 21 24 0.9889381 
1 372 21 25 0.9872673 
967 247 18 21 0.9794071 
765 303 16 18 0.9783611 
725 205 14 16 0.9752059 
672 322 15 18 0.97395194 
480 397 17 23 0.96865606 
105 352 19 19 0.96806693 
524 395 18 22 0.9675713 
781 342 17 19 0.9675693 
312 384 18 25 0.95838153 
811 228 14 18 0.95720196 
989 381 18 21 0.9521929 
849 367 18 20 0.95128274 
833 339 16 19 0.9348284 
795 363 17 20 0.9303158 
644 218 13 16 0.9292428 
686 219 14 18 0.9281029 
865 228 13 16 0.91626835 
784 319 15 16 0.90893656 
717 331 16 19 0.9052848 
1004 238 20 21 0.894171 
593 344 16 18 0.89306825 
996 226 13 16 0.8909275 
722 224 13 17 0.8858512 
561 208 10 13 0.88524985 
318 326 15 18 0.8834842 
339 347 18 23 0.8825055 
61 344 17 19 0.87169737 
776 232 13 15 0.8621965 
185 337 14 17 0.8598866 
413 314 12 14 0.85862046 
525 207 10 13 0.8577048 
598 211 10 15 0.85590166 
446 210 11 13 0.84880996 
249 311 12 15 0.845652 
862 330 13 16 0.83224493 
0 345 13 17 0.8161972 
243 293 11 13 0.80308145 
32 321 13 14 0.796385 
83 513 24 27 0.788398 
712 309 14 17 0.78826106 
367 323 15 17 0.78583795 
889 237 13 15 0.78487253 
577 299 12 13 0.78420216 
80 315 14 16 0.7808561 
474 295 12 13 0.7789726 
147 388 22 19 0.7728208 
167 288 11 13 0.7690293 
54 299 10 12 0.7614215 
526 278 11 13 0.75714284 
912 235 16 18 0.75552416 
638 298 15 16 0.7554653 
214 298 11 13 0.7528031 
441 293 11 13 0.7491537 
898 350 17 17 0.745947 
144 372 20 24 0.74176484 
769 218 13 17 0.73757327 
124 321 13 14 0.73628527 
456 309 12 14 0.7329084 
958 235 14 14 0.72775054 
468 329 16 18 0.72477835 
145 339 13 17 0.7241073 
362 307 11 15 0.71224064 
614 212 13 15 0.7118218 
455 270 11 13 0.7058941 
75 279 10 12 0.6908143 
371 292 11 13 0.68636394 
55 411 20 22 0.68230206 
408 207 9 12 0.68030655 
501 318 13 15 0.67788416 
393 212 10 12 0.67227423 
420 336 16 17 0.6721678 
502 284 11 13 0.6719177 
664 308 15 18 0.67103124 
