2_Demonstration_Demonstration_Or_Protest_2_420
60
309 168 31 46 0.9989328 
720 158 32 51 0.9983125 
407 221 47 87 0.9967303 
418 131 27 34 0.99566454 
598 165 27 51 0.995203 
808 182 31 43 0.99214864 
693 135 23 29 0.9918419 
473 159 40 46 0.98128486 
369 166 30 49 0.9804623 
908 111 15 20 0.96782994 
977 132 23 28 0.95941955 
518 142 24 33 0.95047367 
570 163 22 34 0.9164314 
641 124 25 29 0.87717605 
987 143 23 28 0.85663134 
104 101 11 11 0.8548069 
410 105 10 12 0.84234667 
122 157 17 31 0.8390516 
909 169 26 30 0.82432204 
985 188 30 43 0.8080685 
168 198 33 36 0.77181226 
515 112 11 15 0.7516966 
0 284 52 73 0.7513354 
841 161 26 49 0.74345326 
105 269 66 83 0.7375265 
207 125 13 19 0.7273222 
859 97 10 11 0.6961191 
208 260 34 79 0.6822538 
77 183 28 45 0.6804273 
745 266 36 70 0.65171343 
169 105 11 11 0.651086 
973 111 13 13 0.6457118 
307 108 14 25 0.6208171 
508 87 10 13 0.6091445 
13 121 12 13 0.5791275 
599 100 9 12 0.57365245 
20 145 19 24 0.55652475 
766 100 8 9 0.55420053 
463 92 8 12 0.49871865 
256 128 18 26 0.4899517 
556 92 13 13 0.47135842 
529 100 8 9 0.4623947 
861 117 14 16 0.4431612 
872 89 8 8 0.4406519 
15 189 21 22 0.4381585 
213 149 17 27 0.42489606 
659 181 37 46 0.41773206 
63 143 11 16 0.39256328 
1006 98 10 11 0.39147112 
408 101 9 14 0.3811559 
706 117 12 11 0.3678062 
839 154 16 21 0.35917592 
262 133 17 22 0.34013546 
790 115 10 11 0.33828276 
772 119 15 12 0.33378947 
1 85 6 8 0.330855 
127 161 14 24 0.32464105 
48 121 14 17 0.31519863 
631 103 9 10 0.31508684 
752 96 8 9 0.3042217 
