2_Demonstration_Demonstration_Or_Protest_2_606
31
903 263 59 63 0.9996172 
218 295 43 63 0.99941945 
444 221 39 52 0.99940133 
764 257 63 65 0.99933964 
44 257 45 46 0.9992778 
335 276 77 103 0.99926215 
188 247 27 38 0.999257 
635 245 55 59 0.99903774 
825 236 39 46 0.9989858 
547 299 75 106 0.99852836 
504 235 41 67 0.99814737 
220 240 38 45 0.997747 
706 220 24 31 0.9972146 
106 310 43 41 0.99593484 
712 257 34 46 0.9956626 
147 256 23 28 0.9908703 
5 279 40 44 0.9884559 
745 270 37 52 0.96026874 
1000 279 24 57 0.9006058 
312 235 46 52 0.8983221 
289 239 21 30 0.8799926 
1008 226 16 29 0.7976436 
115 241 23 30 0.7392046 
627 237 21 39 0.71859354 
100 238 20 26 0.54085904 
725 236 25 29 0.5161028 
967 239 15 21 0.4659861 
264 163 13 18 0.42446646 
111 240 19 25 0.40447408 
130 195 25 35 0.3353121 
257 200 18 26 0.31097665 
