2_Demonstration_Protesters_2_460
22
789 69 31 36 0.9998933 
484 237 37 42 0.99982697 
884 203 27 37 0.9998056 
841 68 28 35 0.999746 
34 66 29 30 0.9997416 
805 178 37 46 0.9996069 
273 232 42 51 0.99946076 
73 89 29 34 0.99941075 
482 99 38 43 0.99940014 
638 57 44 49 0.9993924 
437 75 21 22 0.9990728 
162 81 19 24 0.9985636 
958 94 19 32 0.9962627 
132 73 18 22 0.9959894 
707 62 21 32 0.9943532 
993 90 16 17 0.9513499 
955 81 18 23 0.82612777 
974 74 11 14 0.8025992 
281 76 13 16 0.7220073 
145 191 24 29 0.6004393 
750 92 12 14 0.3461054 
1013 196 11 16 0.30879357 
