2_Demonstration_Demonstration_Or_Protest_2_895
55
675 332 30 41 0.99993956 
488 351 50 64 0.99908304 
275 305 23 31 0.998771 
23 285 20 25 0.9970546 
374 319 21 29 0.99217963 
804 305 23 26 0.990859 
633 338 26 36 0.9676586 
138 272 14 19 0.96210366 
68 282 17 22 0.95639473 
299 312 16 20 0.95448273 
618 329 18 33 0.93394864 
207 302 17 17 0.89771837 
966 307 14 16 0.87189054 
808 338 20 32 0.86028904 
423 311 19 27 0.83705175 
454 288 12 17 0.8016423 
208 374 23 40 0.7874398 
333 312 21 25 0.76032376 
198 273 13 15 0.73313624 
113 285 19 22 0.7236813 
608 281 13 15 0.69647 
296 293 18 20 0.69008404 
341 278 13 20 0.6849126 
866 324 15 16 0.6633981 
0 282 10 17 0.6626795 
828 291 20 22 0.6182195 
465 302 13 16 0.6003886 
677 274 12 14 0.5926482 
522 292 12 16 0.5574601 
56 269 13 15 0.54872924 
415 280 13 15 0.5123658 
832 343 27 23 0.4576812 
215 283 14 14 0.45634297 
135 314 22 24 0.44770822 
382 275 13 14 0.44695866 
47 297 20 26 0.4357343 
925 308 14 14 0.42927334 
563 279 12 12 0.42160472 
531 276 11 12 0.42139623 
228 318 19 25 0.41802695 
327 292 13 13 0.393716 
867 327 21 26 0.3888168 
120 258 10 14 0.38605523 
306 332 18 27 0.37508792 
242 50 25 24 0.37486503 
239 338 29 43 0.3627069 
465 302 19 23 0.3483072 
788 348 21 28 0.34577596 
407 282 13 14 0.34423807 
369 266 9 12 0.32921386 
207 306 20 24 0.32228103 
569 351 22 31 0.3191998 
747 298 15 18 0.31665313 
728 278 10 12 0.3097094 
450 302 14 23 0.30472618 
