2_Demonstration_Demonstrators_2_188
22
2 421 38 50 0.99974674 
378 452 89 124 0.99960965 
189 288 35 44 0.9986059 
223 346 49 56 0.9983103 
876 363 31 43 0.9980236 
288 337 37 52 0.9976891 
227 241 32 44 0.9975387 
483 381 39 49 0.99742496 
781 1106 88 88 0.99593073 
153 409 42 54 0.9861647 
391 346 37 43 0.86546546 
276 1311 205 283 0.852201 
822 281 31 42 0.77301747 
309 272 27 42 0.7538407 
1007 361 16 21 0.6250905 
978 371 17 25 0.59904134 
926 367 19 30 0.5938841 
852 221 22 30 0.5862744 
356 368 31 40 0.57100606 
547 408 21 35 0.5482997 
564 406 37 39 0.48423648 
107 354 19 25 0.35468385 
