2_Demonstration_Demonstration_Or_Protest_2_816
39
94 65 39 47 0.999808 
499 158 37 48 0.9996524 
139 283 51 62 0.99949014 
14 168 43 51 0.99946314 
815 81 38 47 0.99945706 
721 0 41 52 0.99945194 
861 169 43 54 0.9993599 
679 201 42 54 0.9991646 
323 210 36 45 0.99911374 
306 0 40 39 0.998803 
349 270 46 63 0.9986823 
685 68 33 43 0.9986772 
575 122 41 49 0.9986687 
219 259 47 64 0.9982498 
357 396 46 62 0.99747616 
305 151 39 46 0.9973839 
181 194 45 55 0.9973695 
446 63 36 50 0.99719703 
780 284 46 57 0.99344665 
632 172 36 53 0.991958 
793 228 39 46 0.9900996 
643 146 36 38 0.9819358 
640 9 36 55 0.9795618 
462 223 45 58 0.9781899 
430 195 35 50 0.97279274 
489 5 28 28 0.9247599 
365 3 23 29 0.9221835 
888 0 26 31 0.9082328 
973 154 33 32 0.9060604 
187 161 39 48 0.8742808 
392 0 26 30 0.86077225 
161 0 32 24 0.76851594 
987 82 36 53 0.6794679 
620 120 26 34 0.6632476 
0 34 23 55 0.5094432 
608 224 43 68 0.5033989 
107 0 38 26 0.48475406 
0 0 17 21 0.34300017 
758 0 35 28 0.32638606 
