2_Demonstration_Demonstration_Or_Protest_2_158
24
515 182 45 58 0.99976224 
472 233 29 31 0.9987191 
856 240 20 21 0.9981731 
986 217 34 39 0.99429023 
676 254 12 15 0.9895208 
174 248 32 44 0.9575807 
183 217 22 27 0.93849134 
2 193 35 44 0.92227656 
743 264 60 67 0.9092251 
500 237 15 19 0.88381517 
252 260 12 12 0.87679076 
60 266 15 15 0.8673523 
104 255 13 15 0.8553774 
370 239 19 25 0.81956095 
393 252 14 17 0.71189004 
57 255 13 12 0.66479564 
695 259 8 11 0.63440657 
798 245 20 19 0.5975399 
639 253 7 11 0.5634022 
805 249 15 15 0.43318775 
34 248 11 13 0.43026605 
123 243 13 16 0.3764418 
179 216 33 42 0.32837617 
825 239 12 13 0.31714693 
