13_Interview_Interview_On_Location_13_313
34
263 355 22 29 0.9996387 
177 371 23 30 0.9996377 
309 348 22 30 0.9994423 
800 362 25 34 0.99943703 
598 371 26 31 0.99922836 
452 496 27 36 0.9991905 
830 336 25 32 0.999141 
591 476 25 33 0.9987319 
559 363 26 31 0.9985436 
774 333 22 31 0.99851924 
220 445 25 33 0.99836797 
880 319 24 33 0.99835473 
494 363 25 28 0.9982222 
296 476 27 33 0.99815875 
625 339 22 30 0.9979893 
659 337 25 31 0.99757653 
656 475 25 32 0.99665546 
930 344 25 32 0.9965641 
412 365 23 28 0.9958333 
212 362 20 29 0.9944929 
364 351 21 28 0.9944883 
960 350 25 33 0.9941367 
805 320 23 30 0.9931728 
115 350 25 25 0.99312276 
154 354 20 28 0.9927154 
738 333 23 30 0.9917917 
636 322 26 28 0.962353 
517 360 20 30 0.94184643 
393 360 16 21 0.89826334 
34 352 35 36 0.8961445 
289 408 12 15 0.76938254 
207 343 25 35 0.70326024 
52 353 36 37 0.70043635 
786 123 15 19 0.31012088 
