13_Interview_Interview_2_People_Visible_13_252
21
806 272 33 44 0.99938977 
864 524 31 38 0.999225 
621 26 60 87 0.9989281 
32 28 52 64 0.99877316 
325 556 44 59 0.9983955 
108 550 47 65 0.99831843 
871 14 63 81 0.99815744 
224 14 30 40 0.998038 
578 507 34 46 0.9978167 
19 260 28 31 0.99742246 
84 286 28 33 0.9953875 
435 12 23 29 0.9878776 
504 283 24 28 0.98276204 
273 265 24 28 0.9790354 
26 301 21 22 0.8186433 
549 348 14 15 0.7117094 
304 363 22 30 0.60801554 
986 394 20 27 0.47622097 
707 211 72 122 0.47518432 
725 265 48 55 0.4209088 
545 351 17 22 0.3722067 
