13_Interview_Interview_Sequences_13_867
22
282 400 37 49 0.9996215 
378 237 247 374 0.9992023 
879 424 27 34 0.9856279 
216 455 20 25 0.98056215 
172 419 22 26 0.9680636 
109 52 61 90 0.848321 
998 371 15 19 0.7759453 
22 458 21 27 0.7748494 
239 414 23 28 0.7065538 
598 62 12 14 0.60749984 
124 447 14 19 0.5951248 
628 39 11 13 0.53849316 
0 482 12 28 0.5320732 
10 440 17 22 0.5257884 
882 324 23 25 0.5139965 
378 240 177 225 0.48377007 
1013 366 11 15 0.48171398 
10 444 24 30 0.46764606 
600 64 14 17 0.41012394 
946 289 50 65 0.37237254 
388 585 280 242 0.34738603 
555 70 9 13 0.33495677 
