20_Family_Group_Family_Group_20_294
24
842 251 34 41 0.9996575 
136 386 39 49 0.99951863 
652 360 30 37 0.9993742 
279 220 35 40 0.99909174 
677 258 31 38 0.99878806 
791 184 35 48 0.9986119 
584 226 28 35 0.99846125 
465 303 30 36 0.9982735 
562 276 32 36 0.99820423 
534 176 31 38 0.9980848 
655 217 29 36 0.99769515 
386 312 30 36 0.99727887 
213 231 38 46 0.997267 
775 271 33 40 0.9970151 
484 205 33 42 0.9968997 
174 181 33 40 0.9966653 
550 361 29 33 0.9966619 
238 333 30 36 0.9965843 
353 230 33 46 0.99634784 
396 184 32 37 0.99550337 
701 194 30 38 0.99548775 
381 223 33 42 0.99393576 
743 246 30 41 0.99203354 
117 265 31 32 0.9767736 
