20_Family_Group_Family_Group_20_672
62
868 310 44 50 0.99938035 
755 344 42 50 0.9983864 
309 251 35 44 0.99745053 
688 274 43 49 0.9972699 
167 491 38 45 0.99668354 
108 486 39 48 0.99647 
213 302 42 51 0.9962681 
358 275 40 47 0.99618334 
362 221 32 39 0.99574417 
562 269 38 48 0.99509394 
641 238 35 43 0.9945609 
275 290 38 47 0.99216086 
191 222 37 45 0.99183077 
474 266 40 48 0.9911005 
310 866 28 36 0.9901916 
306 143 32 42 0.98990685 
802 283 37 46 0.9878913 
509 202 33 41 0.98642886 
435 153 35 43 0.98616207 
607 211 34 44 0.9824859 
101 264 43 51 0.9820404 
749 227 35 44 0.981978 
143 271 35 45 0.981505 
424 269 39 41 0.98117685 
574 488 39 46 0.9803115 
663 142 33 39 0.9779634 
281 215 34 38 0.9759075 
537 209 29 39 0.9746753 
238 494 37 43 0.9740131 
350 1026 28 31 0.96435016 
428 837 26 31 0.9640632 
588 340 36 44 0.95821184 
401 230 29 38 0.95589113 
450 1026 28 37 0.9554334 
370 347 42 45 0.9550834 
740 889 26 35 0.94897795 
680 183 26 30 0.94871336 
825 843 27 34 0.94741845 
853 845 28 36 0.946874 
569 875 28 35 0.9438834 
646 1033 29 35 0.93406385 
255 1022 25 32 0.9286995 
714 182 30 42 0.9173735 
680 865 26 35 0.9167368 
206 862 26 33 0.9142147 
306 824 27 30 0.9118586 
263 872 27 35 0.89602584 
108 944 27 35 0.8896056 
496 837 27 34 0.88870656 
393 875 28 29 0.8883099 
355 846 26 35 0.8558148 
507 1014 34 36 0.78657556 
740 1044 25 31 0.7488839 
90 862 26 32 0.74449277 
131 871 24 31 0.74403214 
608 845 25 33 0.74024427 
810 899 24 35 0.72509795 
231 864 22 30 0.72347695 
820 1048 26 28 0.64671594 
457 829 24 31 0.6240738 
684 243 32 37 0.49599448 
515 1035 26 26 0.3379672 
