37_Soccer_soccer_ball_37_269
22
741 235 29 35 0.9998559 
910 130 27 34 0.99970466 
165 252 32 41 0.999645 
100 134 29 34 0.99958295 
663 228 27 35 0.9995813 
174 123 28 36 0.99952793 
621 134 25 33 0.9994848 
242 247 28 35 0.9994142 
549 138 24 35 0.99939466 
325 233 30 42 0.99922085 
832 142 26 33 0.9991818 
595 248 28 40 0.99914575 
687 143 27 32 0.999131 
412 267 29 40 0.99899775 
510 240 31 38 0.99882334 
406 125 25 34 0.99859935 
832 242 29 34 0.99824095 
899 230 26 35 0.998221 
267 137 30 35 0.99806625 
336 133 26 34 0.9977859 
769 154 24 28 0.99777114 
492 122 26 33 0.9975534 
