11_Meeting_Meeting_11_Meeting_Meeting_11_774
19
13 603 52 58 0.99943954 
567 472 20 27 0.99300224 
449 435 18 26 0.9520376 
403 436 20 29 0.92008287 
600 441 20 28 0.9131548 
540 467 21 26 0.9106163 
499 419 19 26 0.89148974 
741 395 19 22 0.87929004 
301 420 17 24 0.86317277 
708 413 18 23 0.80515826 
233 410 17 22 0.7213707 
271 400 18 22 0.68177974 
471 389 17 23 0.6500601 
425 407 17 20 0.5860977 
765 389 16 20 0.49683067 
392 409 17 21 0.45408735 
348 417 16 20 0.44426867 
296 387 15 17 0.37349445 
127 386 16 20 0.32810995 
