16_Award_Ceremony_Awards_Ceremony_16_73
60
617 146 36 48 0.9993192 
409 145 35 48 0.99905974 
259 123 36 45 0.998741 
725 88 42 54 0.99631196 
316 71 34 40 0.9962173 
204 54 19 24 0.9911198 
90 71 19 25 0.9718731 
987 33 16 19 0.96642894 
19 74 18 23 0.915297 
990 0 15 17 0.8943005 
268 78 16 21 0.8816357 
721 41 18 22 0.86137205 
184 67 17 22 0.8533393 
864 37 15 18 0.85278213 
5 80 17 19 0.84227943 
624 72 14 17 0.8350513 
569 79 15 16 0.8129305 
241 59 13 17 0.8062059 
446 54 13 17 0.7710336 
563 29 16 18 0.7459443 
365 50 15 17 0.72637546 
609 61 14 18 0.7101607 
719 15 16 15 0.6984043 
462 60 13 17 0.69499016 
492 61 14 19 0.6944866 
537 47 14 17 0.6859398 
813 31 13 16 0.67049694 
701 1 15 17 0.65520656 
472 30 12 14 0.6532871 
700 33 14 16 0.6518058 
170 58 11 15 0.6467668 
431 81 14 17 0.64350647 
617 30 14 17 0.63843924 
910 109 16 37 0.6247445 
687 27 14 15 0.6121258 
491 25 12 14 0.6096752 
640 80 17 17 0.6051406 
652 22 17 20 0.6018103 
699 41 15 18 0.59783995 
596 77 14 17 0.59640115 
343 37 12 15 0.5930748 
604 22 13 16 0.58491045 
143 59 15 19 0.5840372 
852 21 14 17 0.5803712 
570 52 14 15 0.5750695 
639 46 14 17 0.5417547 
655 39 15 16 0.5401847 
240 82 15 23 0.51248795 
137 59 14 19 0.5017925 
773 0 12 14 0.47928366 
972 21 12 17 0.45300084 
419 49 12 13 0.4305293 
656 65 13 15 0.40504572 
415 62 14 25 0.3976362 
749 38 19 21 0.37350768 
1002 18 18 22 0.36692306 
366 9 10 13 0.3665791 
875 18 11 13 0.36083004 
344 88 15 22 0.34622794 
348 64 12 16 0.30008855 
