36_Football_americanfootball_ball_36_6
33
565 125 14 16 0.99828917 
612 254 15 17 0.996734 
938 153 15 18 0.9963511 
407 157 15 18 0.9962728 
300 172 15 19 0.9955087 
354 271 14 17 0.99289554 
442 197 22 25 0.9923213 
596 214 15 19 0.99061346 
250 169 15 15 0.9897854 
25 153 13 17 0.98806727 
995 150 14 14 0.9876271 
129 102 32 47 0.98711616 
398 195 14 17 0.9860853 
356 169 14 16 0.9784958 
250 272 17 19 0.9784259 
376 217 14 19 0.9729743 
646 233 14 13 0.96517223 
613 165 13 15 0.9537536 
574 273 13 14 0.95204324 
493 196 13 15 0.9466423 
969 256 14 19 0.93230975 
653 162 14 17 0.92786545 
804 121 32 47 0.88323385 
494 174 12 13 0.8120621 
448 180 14 16 0.80201995 
477 237 39 50 0.7486024 
869 153 23 27 0.684825 
545 213 19 23 0.68443877 
251 172 15 18 0.54079473 
449 177 13 12 0.5106902 
558 299 13 14 0.4715765 
543 234 15 17 0.42990753 
710 150 20 24 0.30716032 
