36_Football_americanfootball_ball_36_615
20
532 187 16 21 0.9912503 
83 136 14 17 0.99048865 
862 153 13 19 0.98623127 
451 155 18 24 0.98215264 
197 105 28 43 0.9789146 
382 147 19 30 0.973047 
924 102 16 31 0.88089067 
741 138 11 18 0.8323817 
671 173 11 21 0.76833105 
523 156 9 16 0.6837071 
967 258 24 26 0.61260253 
940 103 24 28 0.6071862 
721 159 12 17 0.59008944 
197 126 28 26 0.5863618 
370 151 25 28 0.4628612 
723 155 11 16 0.38439256 
187 119 38 37 0.3698762 
672 173 18 22 0.34197113 
924 100 29 35 0.34139383 
647 162 9 17 0.317057 
