36_Football_Football_36_138
23
132 56 26 36 0.99955124 
747 130 24 29 0.9986979 
644 217 21 28 0.99783957 
879 83 29 39 0.9964006 
406 215 22 31 0.9954953 
540 229 16 27 0.96498036 
294 83 19 35 0.94926155 
557 201 12 15 0.93640894 
496 316 24 21 0.9165154 
523 202 10 17 0.7822761 
322 200 11 23 0.76155233 
666 119 18 18 0.6657218 
683 198 10 14 0.64619124 
839 258 22 25 0.646058 
387 189 8 10 0.6202291 
425 212 10 12 0.57651114 
982 77 11 13 0.5501662 
717 187 10 14 0.545223 
466 207 18 21 0.49483615 
444 186 17 21 0.43359905 
91 25 7 10 0.41672635 
446 188 20 29 0.36151257 
884 106 22 17 0.3008129 
