11_Meeting_Meeting_11_Meeting_Meeting_11_702
60
443 297 50 61 0.99961346 
749 324 58 63 0.99953926 
417 238 40 46 0.99948126 
119 213 28 26 0.99934095 
886 247 52 47 0.9991227 
667 149 23 26 0.9990289 
376 184 25 31 0.9988932 
959 183 45 37 0.99870443 
0 299 45 36 0.99858737 
579 179 24 28 0.99846375 
623 193 31 37 0.99833125 
791 187 39 39 0.99830025 
408 201 30 36 0.99822325 
889 165 37 32 0.99817026 
373 127 18 21 0.9976714 
402 142 17 22 0.9973615 
617 140 22 24 0.99709725 
42 171 31 25 0.99697185 
679 257 41 47 0.99696034 
18 195 33 26 0.9967585 
769 135 23 26 0.99653167 
983 128 26 24 0.99635965 
718 163 27 32 0.996077 
358 168 21 24 0.9957848 
823 153 27 28 0.9955504 
478 129 16 19 0.99460274 
526 140 20 25 0.99451524 
329 131 19 18 0.9944824 
913 121 20 20 0.99403834 
545 160 19 25 0.99279493 
944 146 24 23 0.99202514 
714 131 19 22 0.9908823 
860 129 20 21 0.98773545 
684 124 18 20 0.98629665 
944 114 19 17 0.9848241 
507 133 16 20 0.9749005 
897 102 13 11 0.95708644 
658 123 15 18 0.9519168 
781 110 13 16 0.9487333 
878 109 16 16 0.94436306 
980 101 13 12 0.9268033 
571 125 16 19 0.9245903 
997 106 15 12 0.9224318 
698 108 13 14 0.9202791 
804 122 17 20 0.9201078 
835 119 14 14 0.91949874 
751 112 15 17 0.91413116 
813 96 12 11 0.909756 
533 123 13 15 0.87737197 
0 212 20 33 0.8761704 
174 410 23 24 0.796652 
921 102 14 13 0.7926919 
915 71 9 8 0.79170024 
752 70 7 9 0.75281984 
1013 113 11 13 0.738428 
346 155 17 24 0.71161675 
631 119 12 15 0.6890198 
802 76 9 12 0.6514344 
967 70 9 7 0.5409724 
792 74 7 7 0.47688755 
