11_Meeting_Meeting_11_Meeting_Meeting_11_587
61
222 314 16 22 0.98477215 
276 310 16 17 0.96885824 
804 321 16 21 0.9657596 
804 351 16 25 0.9625751 
735 249 13 19 0.95482856 
418 307 18 22 0.94657665 
589 302 15 18 0.9409635 
651 281 16 21 0.94073004 
1007 244 12 15 0.92457503 
261 240 12 15 0.91962886 
563 321 14 21 0.9072467 
561 298 13 18 0.8962001 
959 238 12 14 0.8790909 
722 297 15 20 0.85552526 
1000 394 24 48 0.8459879 
773 272 11 17 0.83183223 
190 239 12 14 0.80788535 
492 220 11 12 0.7774849 
101 181 8 10 0.75809056 
7 184 12 12 0.7552513 
160 253 12 17 0.7405931 
317 238 11 16 0.7341517 
435 326 10 16 0.7102477 
323 200 9 13 0.7094569 
871 259 13 13 0.6982663 
194 188 10 12 0.6874212 
256 279 10 16 0.6632273 
921 233 10 13 0.65907794 
1015 158 6 9 0.65706426 
490 188 9 10 0.65314776 
474 192 8 11 0.5955514 
46 170 9 11 0.5840748 
262 189 9 11 0.58008325 
122 168 7 11 0.5698221 
659 202 9 13 0.5459948 
383 176 10 13 0.5449992 
852 288 13 18 0.54177535 
94 172 7 9 0.54154444 
906 275 12 16 0.5381528 
910 162 6 9 0.5349598 
427 356 12 18 0.53314656 
927 268 9 10 0.532229 
764 251 11 14 0.5286371 
330 255 14 17 0.4999819 
877 227 10 14 0.4927865 
517 182 8 10 0.4866361 
461 163 7 10 0.48304987 
56 185 9 10 0.48178622 
445 180 9 11 0.48159328 
545 221 9 12 0.45277327 
776 174 7 10 0.44885242 
313 258 9 16 0.44846156 
1000 162 6 8 0.4377823 
233 191 9 12 0.42319015 
558 188 8 11 0.4209587 
348 294 13 18 0.40181214 
641 214 11 13 0.3523609 
418 178 8 11 0.34944743 
945 260 10 11 0.33910844 
819 260 12 12 0.30690736 
861 159 8 10 0.3050258 
