11_Meeting_Meeting_11_Meeting_Meeting_11_774
78
14 605 51 54 0.99855906 
566 473 21 27 0.98129696 
449 437 18 24 0.96255875 
402 438 22 28 0.9554197 
742 395 17 22 0.9460199 
598 444 22 27 0.9207407 
766 390 14 18 0.90737987 
708 414 18 21 0.9011619 
801 375 13 15 0.89957607 
128 389 14 17 0.8886031 
819 374 14 16 0.8869541 
65 380 13 16 0.882626 
499 420 19 26 0.8326321 
541 467 21 25 0.81530094 
102 355 13 15 0.7985669 
233 411 18 22 0.79014003 
272 402 19 22 0.7835961 
472 392 16 22 0.772563 
597 405 14 19 0.77029586 
68 368 13 15 0.7571476 
301 420 18 24 0.75265706 
195 374 13 16 0.7352592 
349 418 16 20 0.72450674 
296 389 14 17 0.7160048 
174 361 12 16 0.71097785 
232 365 11 14 0.7066989 
102 395 12 15 0.69580954 
107 377 12 13 0.68624187 
426 409 16 17 0.6825608 
647 452 17 19 0.67133594 
945 326 11 14 0.66091603 
759 46 10 12 0.65971047 
643 58 9 13 0.65285754 
507 390 15 20 0.64351225 
717 371 14 15 0.6350299 
783 298 9 14 0.6244275 
156 393 13 18 0.6238498 
130 353 12 14 0.60686153 
843 364 10 14 0.59180516 
185 391 12 19 0.58669955 
705 52 9 12 0.58145165 
411 360 10 16 0.579294 
396 386 12 16 0.567441 
833 393 11 15 0.56611776 
526 419 15 17 0.55959594 
157 346 10 13 0.55392134 
479 371 12 14 0.5359107 
830 308 10 12 0.51778823 
146 367 10 14 0.5060596 
422 387 12 14 0.5022606 
229 377 12 14 0.49967495 
391 413 17 21 0.49786323 
321 373 13 16 0.4921003 
309 361 11 14 0.4836113 
252 381 12 16 0.4741214 
274 349 11 14 0.46710745 
629 395 12 18 0.46456945 
430 357 12 15 0.44879612 
790 352 12 15 0.44778472 
741 358 11 13 0.43738282 
358 342 10 12 0.42960066 
127 333 9 11 0.42321354 
509 365 11 14 0.40159127 
349 370 11 15 0.3998671 
109 338 9 11 0.39095205 
533 472 23 24 0.38377976 
453 378 12 16 0.3729332 
39 100 7 9 0.37037933 
606 373 11 13 0.35986018 
795 46 9 12 0.34947276 
659 391 12 14 0.3482318 
376 368 11 16 0.33578777 
302 353 10 14 0.33552977 
244 362 11 13 0.3351367 
455 355 11 14 0.32965434 
884 326 10 14 0.32915148 
324 333 9 11 0.32833257 
12 96 8 10 0.30829635 
