11_Meeting_Meeting_11_Meeting_Meeting_11_507
37
76 405 34 43 0.99939215 
54 254 31 31 0.99910766 
129 361 33 38 0.9989392 
902 409 42 47 0.9981148 
821 358 27 35 0.99638075 
192 242 17 20 0.9913761 
240 236 14 16 0.9687902 
890 306 19 21 0.95590746 
685 283 15 19 0.9459736 
846 301 17 20 0.905331 
811 247 16 20 0.8951394 
706 315 17 21 0.89485914 
960 247 14 16 0.88914025 
1003 227 12 13 0.88217133 
281 288 16 18 0.87420434 
661 282 14 17 0.84106565 
868 354 19 37 0.8206936 
308 284 14 17 0.80941683 
750 236 14 17 0.80921537 
1012 250 12 18 0.8069136 
893 321 21 22 0.7994815 
331 271 14 15 0.7562207 
875 289 15 17 0.7382049 
774 232 14 17 0.71678436 
256 305 14 17 0.67387664 
298 229 11 15 0.6700962 
737 324 14 21 0.6620661 
696 300 15 19 0.6310306 
978 355 22 22 0.6130397 
960 222 11 12 0.5740143 
200 359 18 28 0.5363783 
648 277 12 14 0.528559 
411 0 264 146 0.48493674 
730 272 13 15 0.44612536 
659 257 10 12 0.4444114 
629 262 10 13 0.31733906 
766 410 19 19 0.3127845 
