11_Meeting_Meeting_11_Meeting_Meeting_11_189
20
807 144 35 54 0.99959594 
192 386 31 36 0.99745613 
65 366 19 23 0.99286556 
95 384 22 26 0.9867915 
160 370 17 18 0.9584387 
426 368 13 15 0.9341543 
325 379 13 17 0.9030404 
397 393 12 17 0.8855803 
18 362 11 12 0.87172663 
394 363 9 13 0.85328996 
253 363 11 13 0.83512396 
337 365 8 11 0.6807519 
498 362 9 12 0.67485744 
276 371 12 16 0.67025787 
419 358 7 9 0.5614159 
79 362 10 12 0.5301138 
45 358 9 11 0.4933785 
33 357 11 12 0.4825142 
2 366 14 19 0.47286755 
73 356 8 9 0.36026835 
