14_Traffic_Traffic_14_840
73
607 289 31 32 0.9994168 
704 278 29 32 0.99914396 
143 280 35 32 0.9989513 
93 257 26 29 0.99893385 
21 288 35 34 0.9987286 
52 256 32 29 0.99808323 
491 275 34 33 0.99761474 
710 241 21 20 0.99565804 
958 263 28 29 0.99456066 
918 266 37 38 0.99413306 
807 285 31 31 0.99405515 
187 267 28 29 0.9933646 
278 277 32 34 0.9919497 
670 271 23 23 0.9896758 
382 297 31 31 0.9877806 
742 227 19 17 0.98771566 
627 247 24 20 0.9866925 
52 200 15 19 0.9855742 
935 166 15 18 0.9824865 
749 263 22 23 0.98235875 
0 197 14 18 0.9807164 
573 209 16 13 0.9800685 
314 255 24 25 0.9762138 
213 255 22 27 0.9704863 
862 267 26 26 0.9689391 
889 171 18 22 0.9683202 
517 213 13 15 0.9654207 
774 264 24 33 0.95134175 
633 191 13 15 0.93040174 
495 187 12 12 0.9294106 
577 262 25 29 0.9245265 
887 240 19 17 0.91626287 
599 226 19 18 0.9104265 
624 211 18 16 0.8970074 
976 187 11 13 0.8809398 
871 200 18 16 0.874062 
611 243 18 17 0.8606974 
526 154 9 8 0.8495917 
708 215 14 13 0.84859425 
134 243 23 22 0.8479862 
408 187 13 14 0.8352539 
661 185 18 18 0.83294487 
754 149 12 12 0.8289479 
835 195 13 13 0.827774 
469 155 8 9 0.81333447 
284 457 19 24 0.7919375 
531 228 14 14 0.78901213 
608 157 9 9 0.7733862 
26 211 16 17 0.7407419 
793 217 17 19 0.71298677 
613 180 9 11 0.7042547 
192 183 11 13 0.6636053 
472 242 22 22 0.6438345 
419 231 17 20 0.63241965 
223 205 19 19 0.6316781 
321 200 17 17 0.5824494 
104 166 15 21 0.5489896 
256 234 33 36 0.5295384 
674 219 19 18 0.50339293 
598 155 8 11 0.49737084 
598 227 14 15 0.49595204 
614 201 11 13 0.48925295 
195 253 43 38 0.4855348 
260 199 20 20 0.47754878 
838 259 23 24 0.47647846 
538 153 9 9 0.46702674 
669 187 12 14 0.4575221 
769 182 18 18 0.42120406 
863 194 21 21 0.39733937 
344 241 18 22 0.396167 
800 184 25 17 0.36768305 
863 196 11 15 0.3538044 
457 190 10 11 0.34991306 
