6_Funeral_Funeral_6_77
26
584 362 23 25 0.9944348 
334 338 21 24 0.9691037 
85 354 19 23 0.95735174 
549 359 18 21 0.9214237 
607 354 21 19 0.90069497 
943 504 18 26 0.8653464 
362 353 18 18 0.8068937 
113 369 16 15 0.7884734 
696 384 19 22 0.7583257 
428 366 14 16 0.72566825 
797 375 12 15 0.70120513 
183 368 15 18 0.65130544 
905 520 18 19 0.6390744 
217 368 16 14 0.63519293 
305 371 14 16 0.59978795 
852 361 10 14 0.58600426 
472 376 15 19 0.5272995 
917 357 11 13 0.5162239 
927 499 14 17 0.51505584 
9 374 15 15 0.5015884 
445 354 15 19 0.4998542 
282 378 13 16 0.48884612 
949 507 19 24 0.43892297 
634 377 14 16 0.422396 
929 540 15 20 0.4092456 
495 355 16 18 0.37685716 
