6_Funeral_Funeral_6_160
23
871 248 65 92 0.9993969 
897 97 57 84 0.9993493 
784 208 45 73 0.99924755 
749 168 48 73 0.9992368 
364 305 42 57 0.9990938 
611 373 39 52 0.9988739 
719 160 40 56 0.9987387 
199 179 65 86 0.998679 
28 226 54 102 0.9974952 
362 223 29 41 0.99721885 
154 219 60 85 0.996813 
830 124 55 67 0.9966366 
39 85 55 84 0.96470183 
864 211 49 61 0.9587708 
265 206 46 63 0.94205767 
91 196 38 54 0.8325346 
0 136 53 130 0.8007828 
131 180 40 48 0.7601261 
287 193 35 60 0.6703086 
1 958 271 308 0.62834746 
1 95 78 236 0.43426937 
789 1371 24 26 0.4091427 
118 847 177 167 0.35270995 
