6_Funeral_Funeral_6_252
21
670 141 113 156 0.99980015 
350 170 117 154 0.998716 
808 214 58 82 0.9987068 
0 131 43 57 0.9984812 
980 281 44 72 0.9980307 
23 277 61 68 0.99770844 
921 250 53 64 0.9960886 
164 254 54 54 0.9957853 
175 147 44 57 0.9950499 
54 201 49 62 0.99479324 
40 135 39 50 0.99341726 
879 205 49 66 0.99326044 
97 159 44 54 0.97454304 
980 211 44 56 0.9609034 
206 190 49 52 0.9301431 
235 237 52 57 0.9165226 
541 175 46 58 0.87497014 
723 291 71 83 0.7214244 
615 1001 48 38 0.5101412 
749 222 47 66 0.39911154 
740 783 62 39 0.33509055 
