1_Handshaking_Handshaking_1_602
32
291 287 16 18 0.96620363 
915 269 11 15 0.95398605 
510 224 8 10 0.95206094 
251 346 27 27 0.9125811 
644 222 11 14 0.8973763 
374 240 14 17 0.855613 
842 235 10 15 0.85348856 
118 305 23 19 0.84218454 
547 225 7 10 0.83178425 
436 232 10 13 0.8158856 
678 231 9 11 0.8060612 
189 187 9 14 0.7966846 
476 218 9 11 0.7801641 
577 219 9 11 0.77683884 
137 197 7 12 0.77200776 
754 245 8 11 0.7406363 
719 238 9 14 0.7325501 
689 227 9 12 0.71041065 
676 316 27 15 0.6839385 
610 229 9 12 0.6375623 
944 241 19 28 0.62257594 
722 258 11 16 0.55460006 
928 248 30 23 0.55326426 
679 306 13 19 0.5408114 
337 673 25 36 0.4785243 
605 288 16 27 0.4716426 
227 339 21 36 0.39261377 
648 313 24 18 0.37861404 
498 320 20 34 0.33874178 
675 245 11 14 0.3059652 
611 292 14 21 0.30531573 
677 314 16 14 0.30402532 
