35_Basketball_basketballgame_ball_35_689
100
469 220 12 13 0.9974414 
207 257 15 16 0.9927053 
987 144 13 13 0.9919253 
316 316 16 22 0.99062914 
802 87 11 14 0.9857179 
723 184 11 13 0.9848224 
616 72 12 14 0.9838304 
653 202 12 16 0.98202735 
725 145 12 14 0.9803679 
591 218 12 15 0.98028153 
909 97 13 15 0.9777094 
969 37 12 15 0.97769666 
68 147 12 15 0.97591984 
448 178 10 14 0.9757027 
666 227 12 15 0.9751567 
581 194 11 15 0.9741167 
342 139 12 12 0.974031 
436 144 11 14 0.9729614 
524 208 12 14 0.9704954 
421 202 11 13 0.96908206 
515 190 11 13 0.9678583 
21 123 11 13 0.9661518 
220 122 10 11 0.96578205 
552 195 10 14 0.9649001 
479 118 12 14 0.96338195 
649 43 11 13 0.9613727 
926 168 12 14 0.9609546 
414 109 10 12 0.95879626 
229 1 11 14 0.95761085 
99 45 10 12 0.95719314 
183 155 11 12 0.9568114 
520 92 11 13 0.9554962 
475 145 12 14 0.95429415 
421 174 12 14 0.9540501 
552 11 9 12 0.95403063 
690 239 11 14 0.9537279 
671 367 19 22 0.9511096 
61 70 10 12 0.94947666 
707 58 10 12 0.9491554 
410 143 11 12 0.9489596 
294 69 11 12 0.9487727 
74 129 10 13 0.9484123 
580 133 10 12 0.94497186 
871 132 11 13 0.94439083 
946 141 11 13 0.9427545 
461 24 11 13 0.9412244 
554 217 11 13 0.94009376 
443 81 11 13 0.9400768 
519 4 10 11 0.93791723 
352 103 11 14 0.9373377 
601 233 12 12 0.9358265 
437 25 9 11 0.934657 
391 50 11 13 0.93414366 
54 99 10 12 0.93030554 
741 20 11 12 0.9290994 
576 94 11 13 0.92888707 
369 16 11 13 0.92820984 
487 52 11 14 0.9279999 
95 154 12 13 0.9278421 
393 191 11 14 0.92600113 
870 200 13 14 0.9259474 
136 136 11 15 0.9255045 
297 99 10 12 0.9240565 
122 196 12 14 0.921739 
613 11 10 12 0.91448087 
299 11 10 14 0.91392833 
959 191 11 13 0.91209847 
772 143 13 15 0.91192544 
651 19 11 13 0.90637916 
938 72 10 13 0.9059799 
63 15 10 12 0.90135497 
551 94 11 13 0.89824045 
173 1 9 12 0.897403 
806 155 13 15 0.8939408 
931 39 10 13 0.89279264 
30 146 10 12 0.8919917 
324 100 10 13 0.8899424 
145 18 11 13 0.8887975 
49 127 10 13 0.88012695 
425 50 13 15 0.88008475 
516 132 9 11 0.8796486 
556 162 11 13 0.8767587 
631 200 10 14 0.87662804 
656 72 10 11 0.8735958 
120 71 10 12 0.87067384 
653 104 11 14 0.86955625 
188 28 11 15 0.86258 
98 134 11 14 0.85680056 
203 120 10 10 0.85592914 
383 141 9 12 0.854644 
519 64 10 13 0.8529257 
311 40 10 13 0.8502792 
314 131 11 13 0.8493491 
207 5 9 11 0.8464534 
490 88 11 13 0.84474504 
541 68 12 13 0.84044564 
152 48 12 14 0.8394321 
369 78 11 14 0.83906645 
283 132 10 13 0.8386329 
271 98 9 11 0.8367104 
