35_Basketball_Basketball_35_361
19
71 165 27 32 0.99988353 
652 252 26 34 0.9998066 
908 129 33 42 0.9996885 
698 116 27 33 0.99960023 
871 236 28 35 0.9995827 
517 244 25 32 0.9995042 
162 129 26 30 0.9994184 
263 128 25 29 0.99929345 
405 247 25 31 0.99921393 
478 116 25 31 0.9989341 
596 120 25 31 0.99891305 
365 130 24 33 0.9978517 
778 243 26 31 0.9978143 
165 248 25 38 0.99650675 
301 253 24 35 0.9801742 
825 114 26 33 0.84295917 
398 470 22 27 0.5146791 
478 144 24 24 0.47552618 
618 447 13 12 0.3219347 
