35_Basketball_basketballgame_ball_35_565
100
785 470 25 36 0.99694484 
866 431 23 30 0.9951113 
255 456 21 26 0.99497956 
516 433 17 21 0.9936638 
800 427 24 30 0.9929427 
914 252 13 17 0.9919443 
882 355 21 26 0.9905323 
702 388 21 25 0.99039257 
579 425 17 21 0.9884235 
532 448 17 23 0.98800313 
276 460 14 20 0.9837769 
590 474 21 26 0.98235184 
976 196 14 16 0.9777925 
403 415 12 14 0.9775344 
965 283 15 21 0.97741264 
876 460 22 27 0.97592247 
718 249 10 14 0.97531664 
783 384 17 22 0.9729276 
338 359 10 13 0.97286296 
798 334 19 20 0.97023654 
899 290 15 22 0.96696424 
443 414 14 15 0.9642547 
828 379 17 28 0.961794 
172 459 15 15 0.95901954 
650 349 11 14 0.9522114 
385 410 11 15 0.9472324 
720 291 14 16 0.9460887 
222 448 15 19 0.9392197 
815 277 16 18 0.93653125 
828 227 11 16 0.935632 
613 343 15 19 0.93403524 
773 442 14 15 0.93296736 
604 431 14 19 0.9296307 
554 435 12 18 0.9224253 
74 401 11 15 0.9189313 
803 258 11 15 0.9148142 
687 309 11 13 0.9136501 
541 326 11 15 0.8970459 
866 481 24 30 0.89391994 
858 253 12 15 0.89239687 
568 309 11 15 0.89106065 
869 217 13 17 0.89054215 
317 424 12 12 0.8867812 
841 278 11 13 0.87709314 
792 315 17 22 0.87155354 
865 512 29 29 0.8689448 
490 400 10 16 0.8635738 
939 235 12 16 0.8568001 
787 232 11 13 0.85560554 
659 307 13 15 0.8503242 
137 451 13 16 0.8425593 
762 250 11 14 0.83239776 
947 356 20 23 0.82462496 
194 429 11 13 0.808651 
847 179 10 12 0.8051033 
377 345 9 13 0.7932473 
470 381 13 15 0.7608868 
929 390 21 22 0.7599652 
516 357 14 14 0.67094 
660 292 12 14 0.6621354 
241 398 8 10 0.66198766 
205 413 10 13 0.6545561 
616 298 9 11 0.6515766 
418 337 11 13 0.63909084 
69 437 21 24 0.63483346 
99 452 15 15 0.62184894 
195 456 11 17 0.60511154 
243 382 11 13 0.6034859 
705 483 23 25 0.60119575 
707 312 12 15 0.59938776 
450 352 12 15 0.5538946 
484 295 8 11 0.54544795 
102 447 16 18 0.53491443 
520 339 10 12 0.5257897 
977 267 15 18 0.51939106 
731 306 12 15 0.5123756 
784 187 9 11 0.48298585 
333 373 10 12 0.48256806 
501 368 11 14 0.48166013 
779 387 21 28 0.47069106 
101 444 13 17 0.46551102 
348 350 9 11 0.46310332 
670 261 13 13 0.46264145 
778 264 12 14 0.4545664 
259 557 23 30 0.45029235 
459 310 10 12 0.4392412 
823 392 20 25 0.40745583 
478 406 11 12 0.40209073 
1011 195 11 13 0.39432296 
911 235 10 11 0.38765448 
953 243 12 17 0.37806332 
863 535 47 54 0.3771734 
625 476 12 13 0.37392893 
353 538 15 14 0.36865908 
578 245 9 10 0.35770798 
661 365 25 31 0.35058334 
747 409 12 11 0.3461172 
422 223 11 13 0.3345844 
1008 196 16 20 0.3339549 
435 304 5 9 0.30061814 
