35_Basketball_basketballgame_ball_35_709
100
769 998 31 41 0.99916387 
883 1013 30 36 0.99900925 
219 1010 39 38 0.99896777 
348 967 26 33 0.99892956 
183 984 32 41 0.9957273 
4 1005 35 44 0.9942649 
61 989 33 36 0.9939942 
522 410 73 60 0.98913467 
286 994 33 39 0.9863826 
1002 1000 22 37 0.9834856 
869 860 19 27 0.9825011 
932 905 19 26 0.9798248 
995 931 20 30 0.9795305 
910 956 21 24 0.9776169 
325 777 19 28 0.97615016 
137 959 24 33 0.974102 
851 919 20 28 0.9740147 
296 685 17 24 0.96801 
997 814 20 24 0.9672037 
414 755 22 25 0.96593493 
895 976 29 36 0.96354574 
27 773 19 28 0.9503166 
924 806 22 26 0.9501553 
940 980 23 30 0.95006937 
865 977 21 27 0.94648397 
147 673 16 23 0.93880266 
247 930 21 28 0.9386733 
138 824 24 33 0.9367973 
397 873 19 25 0.93554026 
2 967 21 30 0.9337599 
497 993 23 37 0.9237676 
994 975 27 42 0.92165655 
54 809 20 22 0.9211766 
357 833 19 25 0.91660106 
902 925 23 31 0.91595846 
219 759 18 21 0.9083324 
45 623 29 35 0.9028525 
782 714 17 21 0.89989984 
914 865 18 24 0.8955956 
246 626 18 25 0.8840031 
797 807 22 25 0.8803491 
263 777 20 24 0.8802777 
240 733 17 25 0.87847805 
17 857 22 26 0.87746036 
983 779 20 22 0.870633 
187 730 17 25 0.86989546 
389 789 19 23 0.8657632 
973 835 20 25 0.8650279 
827 717 19 27 0.86367273 
173 939 24 30 0.8630989 
440 703 15 24 0.8614051 
231 685 16 22 0.8611985 
880 582 17 24 0.85891896 
786 975 24 35 0.84461814 
292 622 16 22 0.8439457 
965 970 19 24 0.83802754 
948 683 18 23 0.834322 
104 828 23 28 0.8338203 
155 708 19 25 0.8325018 
0 811 12 25 0.8302696 
881 736 17 25 0.8131715 
267 986 27 35 0.8116766 
984 718 21 23 0.81161094 
264 662 16 19 0.7763104 
184 564 16 21 0.7726782 
9 555 17 21 0.7715378 
162 991 23 32 0.77136916 
275 755 19 23 0.7672756 
84 860 17 24 0.74985033 
307 804 19 26 0.73523074 
507 941 20 23 0.73330414 
193 661 18 24 0.7329503 
0 887 21 33 0.72433984 
741 702 16 20 0.7232354 
676 568 18 23 0.7114129 
899 674 15 20 0.7085578 
925 581 19 27 0.7040012 
870 417 13 22 0.7034387 
973 606 15 20 0.69924915 
14 618 19 24 0.6899315 
945 654 20 22 0.68166006 
392 629 15 21 0.67824525 
369 645 20 34 0.677912 
131 624 17 19 0.673792 
56 962 19 24 0.6731069 
833 773 15 23 0.66798204 
83 852 26 35 0.6667935 
795 836 17 24 0.64665633 
302 552 19 25 0.6433468 
99 932 22 25 0.6359088 
39 992 25 33 0.59690857 
356 553 15 21 0.5899489 
271 706 17 22 0.5689853 
329 647 18 22 0.55809927 
145 606 15 22 0.5502864 
183 615 14 18 0.51407945 
80 566 17 23 0.5072484 
748 489 17 22 0.49760804 
411 549 15 21 0.4833355 
422 477 13 16 0.4703819 
