35_Basketball_basketballgame_ball_35_290
23
908 137 33 40 0.9995962 
413 257 40 49 0.99855155 
639 116 34 49 0.99756277 
58 203 20 25 0.9964317 
473 182 30 41 0.9942456 
143 327 12 16 0.98688704 
152 310 10 11 0.9863927 
9 270 10 12 0.9862424 
137 303 10 11 0.9014964 
33 267 9 13 0.83929354 
3 318 15 15 0.8206955 
35 235 7 9 0.77572733 
183 255 6 9 0.7623775 
6 244 9 10 0.6041903 
5 225 7 9 0.5044048 
762 230 21 25 0.41692588 
420 357 22 32 0.3762066 
886 335 6 7 0.37253386 
441 327 11 12 0.3662934 
638 313 13 16 0.365503 
820 332 6 7 0.33711347 
462 321 10 12 0.30504444 
131 206 9 12 0.300643 
