35_Basketball_playingbasketball_35_362
25
889 427 15 18 0.982863 
537 406 22 24 0.9707206 
16 523 12 15 0.9679413 
621 372 20 23 0.95859957 
45 522 12 14 0.92817694 
495 231 17 18 0.88803446 
205 487 13 14 0.82476944 
242 526 9 10 0.8057373 
71 525 12 16 0.8011688 
973 502 12 13 0.7417378 
168 520 11 13 0.6050718 
92 475 7 8 0.57779 
701 489 27 30 0.5759687 
707 466 10 12 0.519941 
792 496 6 8 0.46542275 
477 388 13 14 0.4044463 
97 528 10 12 0.40343735 
886 465 24 25 0.40287843 
139 523 11 14 0.39372683 
883 461 36 44 0.35137692 
153 491 12 14 0.34797135 
262 526 10 13 0.34174755 
1010 468 11 10 0.33266515 
922 443 11 13 0.33005577 
96 484 7 10 0.30278847 
