35_Basketball_Basketball_35_635
20
545 289 28 38 0.9997384 
813 304 33 38 0.9997342 
621 304 32 38 0.99968505 
311 452 26 37 0.9994282 
422 318 28 37 0.9994086 
370 412 27 33 0.9993587 
212 316 24 30 0.99916196 
459 278 28 32 0.9991596 
753 311 32 41 0.9991366 
358 334 30 32 0.99901927 
509 478 29 32 0.9988263 
485 323 28 37 0.9984451 
447 417 32 41 0.99820554 
599 262 27 40 0.99818784 
281 308 31 36 0.9980525 
698 341 28 37 0.9979538 
569 447 32 39 0.9973767 
277 273 26 31 0.97894645 
275 284 29 30 0.6262817 
418 438 23 22 0.32058096 
