35_Basketball_Basketball_35_209
34
419 107 33 43 0.99846715 
502 136 32 44 0.9975803 
978 224 14 16 0.9958247 
898 184 20 21 0.994759 
172 189 21 26 0.9934489 
50 220 7 9 0.918919 
612 236 11 11 0.7980644 
78 226 7 9 0.77943796 
288 269 8 9 0.7604112 
51 244 11 10 0.7363984 
266 225 7 9 0.71490604 
10 262 11 12 0.7118278 
382 136 27 29 0.6919705 
134 228 6 8 0.66645706 
86 240 8 9 0.61434996 
929 193 8 10 0.58903277 
21 182 7 8 0.58698934 
147 193 7 8 0.56470704 
85 267 8 9 0.5425707 
315 225 6 7 0.52677 
927 182 7 9 0.49414122 
713 265 8 10 0.4836809 
833 262 11 13 0.43427226 
959 173 5 6 0.40071064 
122 229 5 7 0.39195153 
137 236 6 7 0.36074764 
299 202 6 7 0.3301238 
152 229 8 11 0.3294293 
1017 213 7 9 0.32715416 
320 249 7 8 0.32238537 
49 240 10 12 0.30998093 
78 231 9 11 0.3084553 
77 228 8 12 0.30424416 
999 168 6 7 0.30030656 
