35_Basketball_playingbasketball_35_195
22
460 391 16 19 0.994605 
972 388 13 17 0.9900373 
583 382 13 19 0.9383485 
711 398 9 12 0.9140479 
345 398 9 11 0.8498025 
112 407 9 11 0.8255578 
207 274 14 23 0.8030771 
152 403 8 12 0.8014575 
1012 398 11 13 0.7849548 
538 401 10 14 0.7715804 
506 385 10 14 0.7636756 
52 401 10 12 0.6917997 
738 398 9 12 0.6509883 
304 402 9 12 0.6350583 
201 639 11 14 0.62689835 
431 401 8 12 0.60877013 
360 400 7 11 0.5927223 
774 403 8 11 0.37246758 
206 280 13 27 0.3436284 
250 405 9 13 0.3295021 
559 398 9 14 0.30861148 
136 415 11 13 0.30814204 
