35_Basketball_basketballgame_ball_35_80
21
490 99 105 119 0.9996666 
293 12 40 49 0.99937266 
262 128 43 67 0.99914086 
167 1 41 49 0.99913377 
382 17 40 52 0.996058 
33 116 36 44 0.9958677 
0 238 30 51 0.99563897 
807 75 50 56 0.99376327 
889 69 45 55 0.99361575 
905 375 36 52 0.9918561 
93 183 37 47 0.99118793 
65 206 52 53 0.9910886 
0 356 44 64 0.99034685 
3 169 43 45 0.98657554 
162 234 39 41 0.93934256 
141 155 30 27 0.8319401 
348 145 29 35 0.67952543 
180 172 30 57 0.4823988 
369 107 35 40 0.44101351 
438 208 23 38 0.40594608 
880 359 61 74 0.38841158 
