46_Jockey_Jockey_46_352
20
812 222 44 60 0.99967146 
903 130 41 55 0.9996195 
677 233 43 58 0.9995914 
89 151 47 52 0.9995901 
436 247 42 58 0.9994012 
421 76 34 41 0.99936837 
301 251 43 56 0.9993636 
336 123 39 50 0.9993363 
558 241 42 55 0.9992879 
208 137 41 54 0.9988997 
169 239 47 56 0.9988171 
632 145 38 51 0.99875677 
781 135 37 51 0.99874413 
792 56 36 45 0.9979814 
221 45 37 51 0.99791235 
338 42 35 50 0.997644 
495 183 37 43 0.9975434 
694 67 34 44 0.9973839 
610 65 36 45 0.9973028 
520 70 34 45 0.9959468 
