61_Street_Battle_streetfight_61_276
22
197 59 28 37 0.99622405 
811 21 24 29 0.9933682 
64 124 27 33 0.9919579 
523 36 25 31 0.99177355 
8 51 24 31 0.9915747 
635 38 26 31 0.9909802 
778 41 26 36 0.9906125 
255 46 24 34 0.99058414 
345 62 26 29 0.9898391 
938 28 27 33 0.9891851 
51 77 24 28 0.98473215 
391 37 26 28 0.9834399 
124 45 23 27 0.9826987 
670 42 23 27 0.9818796 
312 21 28 36 0.9783946 
439 50 26 31 0.97356826 
151 57 25 34 0.97126883 
173 44 24 31 0.9654645 
583 36 24 27 0.954959 
962 32 19 26 0.9325445 
466 42 21 26 0.46035323 
488 46 18 26 0.44805554 
