61_Street_Battle_streetfight_61_432
32
638 516 32 43 0.99965835 
100 154 28 36 0.9993975 
178 149 26 35 0.9992692 
147 233 37 50 0.9990972 
500 503 33 40 0.99873215 
645 320 26 32 0.99850756 
807 418 27 39 0.99765307 
139 298 36 46 0.9968844 
739 322 25 35 0.99422294 
887 322 23 28 0.99373794 
418 533 28 39 0.99261826 
500 297 27 35 0.9910136 
967 375 28 33 0.99043757 
711 398 30 41 0.98987985 
522 207 19 25 0.9893233 
213 213 27 38 0.9875837 
846 323 23 28 0.97446954 
623 269 21 31 0.9667917 
548 237 23 27 0.96098995 
850 397 24 35 0.9163662 
587 217 18 25 0.7983059 
794 286 19 25 0.7273321 
264 173 17 21 0.6102836 
844 272 17 23 0.58287334 
455 191 20 29 0.55850244 
899 282 18 22 0.5478497 
318 150 19 28 0.53055173 
273 213 26 33 0.43428233 
418 166 24 44 0.4300896 
922 386 24 31 0.38471904 
454 301 22 37 0.33405623 
763 355 21 25 0.30571735 
