17_Ceremony_Ceremony_17_418
34
87 134 27 33 0.9982279 
203 117 24 32 0.99711704 
353 146 25 28 0.99704057 
715 168 25 31 0.9968676 
508 116 22 26 0.99447757 
783 286 34 40 0.99339914 
555 177 25 32 0.99248743 
22 150 30 33 0.9908422 
147 168 24 28 0.98768264 
929 246 26 34 0.97545856 
787 196 23 31 0.9687223 
785 140 20 24 0.9639149 
468 122 18 21 0.95930535 
275 134 21 24 0.9485812 
300 141 21 26 0.94744146 
250 105 21 25 0.93663764 
968 220 20 22 0.9165807 
169 109 21 25 0.9159305 
315 116 20 21 0.9007787 
585 129 17 22 0.8627829 
812 149 21 30 0.8504242 
659 123 19 23 0.8441358 
701 127 20 23 0.81870615 
12 120 21 24 0.79795796 
764 129 18 22 0.75205857 
626 131 16 23 0.7486434 
380 115 18 21 0.7010783 
697 153 19 23 0.67878205 
363 123 18 22 0.65527904 
458 143 19 21 0.62739867 
130 129 20 22 0.35903475 
949 197 17 20 0.35747588 
981 151 19 18 0.35202944 
1002 170 18 21 0.33837655 
