17_Ceremony_Ceremony_17_171
29
521 323 87 115 0.9997873 
24 222 57 73 0.99973387 
396 307 85 99 0.9996915 
647 312 96 133 0.9996493 
331 145 52 60 0.9996275 
256 244 65 86 0.99958295 
580 1 32 38 0.9995252 
266 55 36 47 0.9994404 
199 236 60 77 0.9991966 
290 31 31 41 0.9990507 
94 124 32 44 0.99898964 
666 75 42 58 0.9988285 
455 137 49 64 0.99873143 
765 53 46 69 0.9986318 
150 237 48 63 0.9986266 
932 381 91 142 0.9984016 
636 154 54 66 0.9983601 
516 86 43 50 0.9983089 
526 22 35 44 0.9982504 
477 166 52 68 0.9972939 
721 70 48 64 0.9972082 
7 130 37 45 0.9969758 
246 149 38 51 0.9966742 
152 49 30 40 0.99497247 
301 157 38 51 0.9946661 
965 168 58 96 0.99308795 
858 242 76 78 0.98355526 
692 187 45 60 0.8951496 
361 271 59 83 0.82110065 
