17_Ceremony_Ceremony_17_803
21
650 77 85 127 0.9997774 
322 24 99 130 0.99934286 
92 139 24 29 0.9951835 
632 151 20 24 0.9941485 
942 174 24 28 0.99174833 
605 143 19 25 0.9600304 
170 139 19 25 0.95524323 
540 152 20 29 0.8164636 
490 128 16 19 0.7839985 
124 124 18 21 0.77876407 
0 53 105 251 0.7347703 
113 142 15 21 0.70683897 
574 139 15 18 0.6879044 
151 122 14 18 0.5492545 
597 123 16 17 0.5267635 
87 110 16 18 0.48646152 
566 114 15 18 0.47830045 
417 114 16 16 0.4506058 
626 107 15 19 0.43653193 
160 104 15 17 0.37458977 
441 114 15 19 0.3352339 
