2_Demonstration_Demonstration_Or_Protest_2_225
48
135 412 15 18 0.9862112 
985 503 15 18 0.98122334 
446 431 15 18 0.97365844 
919 410 13 15 0.97221845 
500 434 17 18 0.9679594 
943 433 15 23 0.9251952 
257 410 14 19 0.9019855 
857 428 16 23 0.89369994 
884 436 14 17 0.87600684 
697 423 16 23 0.85383517 
205 457 15 15 0.841749 
558 426 16 20 0.8182069 
868 425 11 16 0.7772017 
96 450 21 20 0.7328803 
38 402 18 24 0.7102843 
393 426 12 17 0.69696987 
346 348 9 11 0.6739978 
320 441 18 22 0.6532095 
795 158 23 25 0.647352 
539 343 9 12 0.6223256 
661 414 15 17 0.60073465 
991 384 12 11 0.5848869 
425 287 12 15 0.57179135 
994 404 11 17 0.54445785 
359 345 8 13 0.54319596 
993 342 9 13 0.52101094 
817 414 16 22 0.51959723 
228 438 17 15 0.500275 
893 446 15 16 0.49765074 
249 296 12 17 0.49548912 
594 346 10 12 0.4947732 
589 394 12 14 0.48617616 
315 341 10 11 0.47165295 
863 355 9 11 0.47074044 
783 365 8 11 0.46203694 
214 348 9 10 0.45476893 
43 407 13 16 0.4533382 
916 387 13 15 0.42510834 
887 439 19 22 0.3763618 
531 361 13 15 0.37473825 
278 367 11 14 0.3668206 
590 295 7 10 0.36105046 
934 307 11 14 0.32443205 
361 348 8 12 0.3203866 
87 330 33 50 0.31035995 
461 408 17 24 0.3056255 
568 359 9 10 0.3050823 
451 354 9 11 0.3041187 
