2_Demonstration_Protesters_2_525
100
325 415 26 28 0.99919087 
879 519 36 42 0.9987225 
762 401 24 27 0.9987112 
848 426 26 29 0.99853075 
765 304 14 16 0.9980817 
714 361 22 25 0.99779713 
659 485 33 36 0.99766064 
417 517 29 35 0.9975731 
554 485 30 37 0.9972964 
947 431 26 28 0.99725074 
578 403 24 28 0.996824 
760 458 27 30 0.9964175 
656 430 28 26 0.9963748 
479 397 19 23 0.9963372 
994 461 30 31 0.99624085 
672 321 14 20 0.99572986 
53 433 26 31 0.99502677 
78 380 22 23 0.99451786 
31 321 14 14 0.99397355 
0 372 21 27 0.9938617 
725 207 14 14 0.9929724 
644 219 13 15 0.99250656 
998 399 24 26 0.9914869 
389 436 22 29 0.99104553 
249 370 21 23 0.9898369 
918 376 22 23 0.9887764 
523 393 20 24 0.9887517 
848 368 17 19 0.98854584 
482 434 28 38 0.98846334 
81 317 14 15 0.98704857 
775 233 14 15 0.9858614 
844 396 21 22 0.98556376 
686 221 14 17 0.9850263 
202 382 22 25 0.9837389 
832 340 17 18 0.98223704 
810 228 15 18 0.98157525 
297 489 30 35 0.9771627 
366 323 16 18 0.9767254 
950 349 22 26 0.97585493 
456 308 12 15 0.97579056 
233 486 26 29 0.97436404 
185 339 14 15 0.9739966 
145 341 13 15 0.97305626 
248 311 14 14 0.96924454 
525 278 12 13 0.9690935 
455 270 11 13 0.965981 
722 224 14 19 0.96200216 
866 228 11 16 0.9611689 
311 384 18 23 0.9602783 
440 293 12 13 0.95529383 
468 329 14 17 0.95528346 
413 314 12 14 0.95421076 
967 249 16 17 0.95297474 
592 344 16 18 0.95049417 
784 320 13 14 0.9504276 
243 293 11 13 0.93984455 
475 214 11 12 0.93935 
168 288 10 12 0.93531007 
523 207 11 13 0.9339035 
339 349 17 19 0.93171555 
317 326 15 19 0.92942065 
995 225 14 18 0.92913985 
393 213 10 12 0.9210023 
718 333 13 15 0.91993695 
885 330 12 17 0.9197778 
276 273 8 10 0.9159524 
779 342 17 20 0.91217744 
502 284 11 14 0.91203064 
473 295 13 14 0.90884113 
266 288 11 12 0.9074418 
888 238 13 14 0.90046525 
638 298 13 14 0.89663357 
769 219 13 17 0.8942583 
917 477 32 42 0.88988227 
104 352 20 20 0.88804835 
614 212 14 16 0.8880041 
712 309 15 17 0.8867241 
597 211 12 15 0.8842935 
561 208 10 13 0.87898 
408 207 9 13 0.87881017 
361 305 15 20 0.874805 
357 276 11 11 0.86979693 
370 292 12 13 0.86490536 
383 281 10 13 0.86316353 
21 337 13 14 0.86040807 
420 337 15 15 0.8589715 
634 226 10 14 0.84824586 
501 319 13 15 0.8477501 
990 381 15 22 0.84257996 
660 501 30 20 0.8133742 
578 300 11 12 0.80123097 
30 268 10 10 0.80058086 
542 290 11 12 0.7999573 
534 311 12 14 0.7981701 
447 212 10 12 0.79741424 
60 345 17 18 0.79375 
823 180 11 12 0.7835266 
124 302 13 13 0.77909523 
225 312 12 15 0.77432185 
567 282 11 14 0.7693131 
