2_Demonstration_Protesters_2_493
93
718 133 38 43 0.99981576 
649 175 44 54 0.9995499 
256 100 22 25 0.99928576 
770 130 36 41 0.9992167 
387 150 38 45 0.9990393 
31 68 23 28 0.9989299 
922 158 40 47 0.9986663 
457 134 39 43 0.9977151 
556 131 36 45 0.9976745 
80 89 23 26 0.997256 
313 86 23 26 0.99657214 
340 114 35 38 0.9962608 
92 112 26 33 0.9939387 
868 91 24 33 0.9931409 
202 81 22 26 0.99224126 
161 81 22 25 0.9921176 
847 142 33 42 0.9917693 
291 69 21 24 0.9917393 
267 73 23 28 0.9915869 
19 99 24 28 0.99154353 
67 62 21 26 0.9914895 
710 112 27 27 0.9869105 
661 63 23 24 0.98628265 
303 154 37 49 0.98613155 
637 105 24 29 0.9806039 
603 86 25 27 0.97948736 
822 74 35 33 0.9784677 
916 75 25 30 0.97815824 
963 69 19 25 0.9761028 
374 96 26 32 0.9651369 
409 112 23 27 0.95807713 
650 91 24 27 0.9519353 
663 47 20 21 0.94929796 
736 91 23 23 0.9463454 
135 105 24 26 0.9451629 
841 48 20 24 0.9447907 
636 54 18 21 0.939325 
340 90 22 24 0.9378758 
184 57 18 20 0.9359572 
279 115 28 33 0.92733926 
252 47 13 14 0.92164093 
386 72 20 24 0.91023743 
0 87 14 28 0.90748775 
986 151 38 44 0.9070432 
745 48 15 17 0.9065025 
926 49 18 20 0.9061837 
543 76 21 22 0.9013058 
479 60 21 23 0.8825979 
236 45 14 16 0.8716714 
219 67 16 16 0.87014574 
212 115 20 25 0.84883374 
568 52 13 17 0.8482182 
582 57 22 25 0.83888775 
880 208 37 44 0.83568543 
521 66 18 20 0.82684886 
420 36 13 15 0.8259587 
97 57 12 13 0.815318 
4 133 23 29 0.8141825 
761 45 16 20 0.8060303 
131 86 21 23 0.77709365 
485 258 26 37 0.7744278 
565 31 12 14 0.76577806 
697 75 21 22 0.75906694 
159 46 14 16 0.7448733 
802 21 12 14 0.7294563 
783 81 23 34 0.7270947 
193 123 20 21 0.70648104 
704 50 16 19 0.6885701 
654 21 12 13 0.6884297 
3 488 81 88 0.6860765 
227 87 23 26 0.6493795 
837 179 25 41 0.6151716 
937 129 32 47 0.6052404 
951 51 17 18 0.6000657 
758 198 26 30 0.5960455 
846 19 10 12 0.5902537 
524 116 22 29 0.58422387 
882 61 21 26 0.5323686 
431 71 19 22 0.5183848 
786 59 18 19 0.5115383 
807 47 18 18 0.45576268 
386 49 18 19 0.44861308 
864 34 12 13 0.44729242 
615 67 20 22 0.44198403 
342 125 41 34 0.43945742 
454 90 23 27 0.40160474 
661 168 38 50 0.3973525 
407 100 22 34 0.3902689 
715 53 21 23 0.37947387 
129 387 92 91 0.3470661 
110 47 18 20 0.33292612 
367 86 13 13 0.32303062 
272 124 39 30 0.31289873 
