2_Demonstration_Demonstration_Or_Protest_2_140
100
412 562 17 20 0.99949336 
203 541 16 18 0.9990953 
842 632 25 29 0.9990715 
281 525 13 16 0.998825 
332 607 18 22 0.99861014 
300 520 13 16 0.9981998 
376 631 19 22 0.99777216 
332 520 14 17 0.9974923 
494 476 13 15 0.99716383 
834 544 15 15 0.99713874 
784 561 18 20 0.99710876 
702 463 12 14 0.9970939 
953 639 27 31 0.99702805 
616 526 17 22 0.99697316 
137 583 19 24 0.99675673 
249 563 14 18 0.99643373 
430 621 18 20 0.9964258 
762 623 18 22 0.9963522 
383 476 11 13 0.9962509 
637 487 14 18 0.9956566 
638 385 12 15 0.9951828 
600 380 12 14 0.99516785 
955 589 17 22 0.9940106 
549 476 12 14 0.9938949 
724 474 14 15 0.9938007 
547 524 15 18 0.9936149 
455 397 13 14 0.99311936 
803 644 18 21 0.99136305 
762 596 16 17 0.9911 
232 464 15 18 0.9906006 
683 476 11 14 0.99033606 
741 548 16 19 0.99011046 
414 479 15 14 0.9900489 
767 542 18 20 0.9891005 
157 545 15 18 0.9887341 
522 575 18 22 0.98798835 
686 505 14 15 0.9874035 
624 377 9 12 0.9872617 
695 588 17 19 0.98703825 
560 355 11 12 0.9850611 
740 396 12 14 0.98493 
513 386 10 14 0.9847231 
524 528 14 16 0.98398155 
376 572 17 17 0.9836452 
564 466 13 15 0.9820133 
568 429 11 14 0.9816715 
687 416 12 14 0.9805793 
532 492 14 17 0.9786944 
572 537 15 17 0.9777379 
807 568 16 22 0.9775155 
592 459 13 14 0.9773402 
779 524 14 15 0.9766445 
452 485 12 17 0.97611153 
577 328 11 13 0.97566813 
451 642 17 20 0.9745565 
548 396 12 14 0.9739831 
722 628 17 20 0.9739067 
674 369 10 13 0.9720667 
245 607 14 19 0.97006434 
483 638 13 16 0.96722376 
302 607 14 19 0.9663834 
304 558 16 18 0.9662212 
858 597 18 17 0.9628429 
375 510 15 18 0.9627872 
721 313 11 13 0.9626873 
691 271 10 11 0.9605444 
557 385 10 12 0.9597713 
159 594 16 17 0.95761675 
233 486 13 16 0.95374167 
853 265 9 11 0.9521343 
927 311 10 11 0.947469 
390 618 13 16 0.9452696 
757 578 15 18 0.93785036 
513 503 10 16 0.9371587 
583 313 10 12 0.9353033 
649 530 15 15 0.9326074 
644 462 12 15 0.9262561 
858 289 10 12 0.9233822 
680 299 8 10 0.9219459 
489 629 19 20 0.92040884 
560 502 12 17 0.9176897 
896 281 10 13 0.9162184 
914 604 15 15 0.9144794 
751 287 8 10 0.9144579 
785 262 9 12 0.91190714 
364 599 16 20 0.91083735 
673 544 11 16 0.9101283 
713 572 12 16 0.897484 
804 304 8 11 0.89320046 
568 286 9 12 0.88922167 
552 419 10 11 0.8682877 
181 617 17 16 0.84944177 
529 621 18 26 0.84820616 
929 325 10 11 0.8429142 
970 265 7 9 0.83031505 
446 609 14 16 0.8171181 
711 391 11 12 0.8144812 
822 272 12 15 0.80820465 
527 379 11 12 0.79744804 
184 656 17 16 0.7825058 
