2_Demonstration_Demonstration_Or_Protest_2_644
22
233 65 25 31 0.9986687 
146 182 24 31 0.99637693 
822 278 22 28 0.9949025 
100 235 28 43 0.9903716 
21 31 19 25 0.9829894 
766 286 25 34 0.97765344 
877 310 27 33 0.97653145 
646 238 16 22 0.97422135 
851 270 20 25 0.9740151 
835 142 17 24 0.9553065 
932 276 21 26 0.9543317 
427 230 21 29 0.9154984 
367 246 18 26 0.80433625 
172 172 24 36 0.70367956 
487 313 24 31 0.6842357 
678 269 21 24 0.6552702 
329 88 21 32 0.64851564 
310 92 24 34 0.5952159 
975 275 24 28 0.5637929 
718 247 23 38 0.45630953 
965 273 29 26 0.3329752 
320 89 22 36 0.31636113 
