2_Demonstration_Demonstration_Or_Protest_2_453
25
751 327 26 29 0.9995504 
61 310 31 40 0.9990994 
718 336 19 24 0.9988637 
693 312 19 25 0.9970758 
473 222 87 124 0.9966863 
571 324 31 35 0.9919458 
608 291 24 37 0.987457 
11 291 40 58 0.9825081 
648 279 21 31 0.97943497 
804 309 21 27 0.96330875 
739 311 16 21 0.961891 
661 304 20 29 0.96138346 
723 318 15 19 0.90176874 
398 259 42 59 0.8658201 
755 306 9 12 0.842257 
471 273 76 67 0.7990844 
561 498 52 46 0.78161997 
561 508 34 34 0.76915044 
797 317 14 18 0.56143403 
171 281 31 41 0.56033343 
269 331 25 26 0.54864115 
237 317 17 25 0.54241943 
638 284 18 29 0.4350475 
340 308 25 28 0.36257312 
120 592 51 65 0.3522776 
