2_Demonstration_Protesters_2_369
20
534 366 117 141 0.999754 
285 455 109 117 0.9786305 
186 85 42 56 0.9574771 
605 300 40 49 0.9492096 
602 268 29 30 0.9227983 
81 320 70 68 0.88223076 
663 310 31 43 0.8155884 
637 342 54 73 0.80536574 
957 200 67 105 0.7479818 
917 160 23 35 0.7118693 
393 21 77 121 0.6853584 
21 530 91 119 0.5616906 
610 274 27 26 0.4786028 
636 411 88 104 0.4750165 
405 63 56 76 0.44703946 
132 604 113 73 0.42905185 
740 418 85 124 0.4099911 
727 263 86 108 0.37202504 
55 545 118 102 0.3405745 
275 397 148 202 0.3246124 
