2_Demonstration_Demonstration_Or_Protest_2_471
22
749 224 71 89 0.99987733 
173 170 89 121 0.99972445 
222 414 36 43 0.9920344 
391 464 29 38 0.9809826 
587 282 60 93 0.9792246 
95 169 46 75 0.95485735 
620 497 26 37 0.9518772 
816 446 30 37 0.9406065 
449 508 27 45 0.8919041 
432 457 30 35 0.87288934 
644 347 46 48 0.8549673 
619 450 25 30 0.7607203 
385 211 60 73 0.70611215 
705 166 30 37 0.6960847 
577 322 72 75 0.64908004 
437 261 38 72 0.6294952 
238 484 31 50 0.5667742 
204 486 47 61 0.4884351 
586 492 29 34 0.48842755 
392 246 87 115 0.47014377 
415 501 54 61 0.39666975 
80 133 64 114 0.33399558 
