2_Demonstration_Protesters_2_12
23
485 307 53 66 0.99934095 
292 277 52 67 0.99887353 
919 321 54 73 0.99884796 
374 316 49 71 0.99872965 
396 265 38 45 0.9987006 
769 287 40 45 0.99633706 
21 346 56 66 0.99621284 
418 326 43 67 0.99606496 
46 303 58 72 0.9866796 
830 326 42 63 0.98419744 
635 309 56 108 0.9793401 
173 304 55 65 0.97853744 
589 306 50 65 0.9377605 
907 302 54 61 0.92572594 
688 276 38 62 0.911105 
167 442 68 59 0.8581885 
670 589 56 55 0.8007567 
25 299 80 112 0.61111456 
406 493 35 41 0.48588192 
645 312 47 65 0.36552742 
479 273 71 119 0.3374196 
262 507 38 35 0.33056098 
386 311 76 82 0.32830003 
