2_Demonstration_Political_Rally_2_410
38
3 530 66 71 0.9999075 
467 458 37 36 0.99987614 
853 417 42 48 0.9998424 
249 501 75 82 0.99970335 
351 429 44 48 0.99944824 
632 442 97 115 0.9992675 
181 490 50 61 0.99905425 
727 473 49 63 0.99754626 
561 514 37 67 0.9973303 
503 486 39 57 0.9966769 
115 418 22 29 0.9932713 
932 452 30 30 0.9845819 
508 428 20 22 0.9799318 
150 415 13 15 0.9627744 
806 447 22 24 0.9599774 
606 434 20 24 0.9334014 
831 428 17 20 0.90263724 
176 411 10 11 0.8713654 
9 410 37 39 0.8708076 
329 421 8 9 0.79323804 
406 420 11 16 0.7265328 
1008 413 10 10 0.6497035 
199 419 16 17 0.6255481 
533 419 9 11 0.6135967 
544 419 9 11 0.6037458 
214 417 12 14 0.59338886 
205 416 14 17 0.5596219 
209 417 13 14 0.48483783 
562 422 13 16 0.4781933 
289 419 8 8 0.46933368 
69 409 21 24 0.46277133 
100 400 10 12 0.44674295 
119 402 14 13 0.41112643 
957 430 18 16 0.40163618 
69 413 13 15 0.34950778 
467 475 80 74 0.32179525 
179 423 12 14 0.32000557 
77 413 16 17 0.31885386 
