2_Demonstration_Demonstration_Or_Protest_2_619
44
677 97 15 14 0.9769031 
945 224 17 16 0.96126413 
418 397 16 14 0.95926344 
552 112 13 15 0.9379328 
854 102 15 17 0.931087 
620 114 13 15 0.9069296 
807 87 14 14 0.90647846 
989 195 17 17 0.9024628 
501 112 11 13 0.8929863 
494 135 14 13 0.8414316 
157 201 11 13 0.8202499 
524 126 15 16 0.8068385 
207 201 12 14 0.78831106 
759 118 11 13 0.7678408 
150 199 18 20 0.76518494 
575 149 18 20 0.7378639 
595 24 9 11 0.725277 
734 50 10 11 0.6344335 
777 145 21 22 0.6200534 
473 547 14 14 0.6186748 
211 162 15 16 0.607518 
453 115 12 14 0.59301686 
734 139 14 13 0.5811533 
460 201 17 18 0.5548439 
907 119 17 23 0.5224115 
392 267 14 12 0.51405925 
553 197 13 16 0.5029208 
984 259 12 14 0.48214814 
233 447 30 22 0.45877215 
796 110 15 16 0.44334418 
219 210 19 20 0.4345698 
895 185 17 18 0.42757872 
207 164 31 22 0.42500708 
426 183 12 16 0.42470014 
419 118 12 12 0.3935662 
905 124 23 24 0.38199952 
428 84 18 24 0.3751745 
551 15 7 7 0.3698337 
573 131 12 13 0.35361788 
550 193 19 22 0.33674404 
696 204 33 44 0.3300276 
196 228 19 21 0.32444802 
200 200 18 21 0.31122738 
520 118 20 22 0.3039986 
