2_Demonstration_Protesters_2_131
74
266 584 14 19 0.9991442 
479 561 14 18 0.9968162 
189 562 13 16 0.99681264 
124 617 21 23 0.99679464 
86 585 21 20 0.9966882 
306 556 12 16 0.9950423 
183 588 17 20 0.9926662 
35 597 20 25 0.9902328 
459 617 20 24 0.9863985 
955 558 16 18 0.983978 
296 628 17 21 0.98330474 
409 542 11 14 0.9832025 
212 617 18 25 0.979765 
863 566 21 26 0.9761716 
977 573 17 22 0.9734934 
413 584 15 19 0.97138864 
996 535 13 14 0.95824355 
315 593 17 24 0.94727415 
866 516 10 12 0.9329602 
132 584 12 18 0.9324217 
895 558 13 15 0.9312322 
464 535 10 13 0.91106015 
628 603 14 21 0.9053536 
711 543 10 15 0.90260416 
320 525 7 9 0.9007737 
361 562 9 12 0.8994397 
666 583 11 17 0.8971849 
146 536 11 14 0.8878818 
905 519 7 11 0.87630314 
555 551 10 15 0.867655 
623 522 8 11 0.8649988 
43 571 22 19 0.8588851 
255 526 10 11 0.85718554 
404 522 9 10 0.853903 
1010 564 11 16 0.85299534 
609 554 10 14 0.8370398 
790 534 9 13 0.8167619 
221 515 8 10 0.8088123 
742 508 8 10 0.8022085 
724 509 6 9 0.78949183 
218 554 12 15 0.7830457 
722 620 19 22 0.77690405 
882 520 10 12 0.7677802 
766 504 8 9 0.76272166 
824 516 11 14 0.761397 
937 525 10 12 0.75673366 
377 610 18 30 0.7450782 
182 523 9 10 0.74178773 
210 511 7 10 0.73511374 
170 542 11 16 0.7337117 
741 547 9 13 0.6637829 
885 610 15 24 0.6618479 
694 547 9 16 0.6347828 
25 640 20 28 0.63477015 
922 612 17 23 0.6223299 
36 539 14 17 0.61052114 
787 504 6 9 0.5851051 
217 570 8 12 0.5290078 
458 548 11 14 0.52322805 
515 515 8 10 0.48253182 
753 525 7 12 0.44832447 
867 498 6 8 0.43477798 
707 507 7 9 0.4285516 
551 550 15 23 0.41362408 
425 515 7 10 0.41359776 
135 526 7 9 0.40866795 
363 586 10 16 0.40115672 
169 513 7 9 0.39101997 
999 518 11 13 0.3865317 
365 526 6 9 0.36804613 
600 579 8 11 0.36569166 
501 524 8 10 0.35573298 
391 520 6 10 0.32153308 
804 504 7 9 0.31793442 
