2_Demonstration_Demonstrators_2_307
100
178 153 11 12 0.99101967 
649 118 10 13 0.9808668 
89 118 10 13 0.9808233 
467 83 10 12 0.9567906 
741 59 10 13 0.9510104 
644 87 11 13 0.9494225 
872 270 12 14 0.945452 
402 73 10 10 0.9440259 
113 256 11 13 0.9370661 
429 103 8 12 0.9368366 
436 73 9 11 0.9338302 
1011 81 10 12 0.9328415 
701 78 11 13 0.9312833 
845 213 10 12 0.9271395 
907 217 10 11 0.9259005 
818 220 10 13 0.90737003 
741 195 9 11 0.903648 
31 159 13 14 0.90166444 
725 22 10 13 0.9007672 
587 92 10 12 0.89729315 
797 10 9 12 0.895054 
53 199 11 13 0.8941091 
620 31 10 11 0.8935544 
330 157 9 10 0.8925631 
573 132 11 11 0.89138776 
492 589 14 17 0.8905179 
848 325 10 14 0.8884524 
197 90 11 12 0.8821218 
77 431 13 17 0.8807288 
450 144 10 10 0.8750928 
618 172 9 10 0.87081635 
675 119 10 13 0.87024605 
245 68 10 11 0.8620539 
391 601 14 15 0.8608922 
551 81 12 14 0.85581815 
752 170 10 12 0.8540981 
297 190 11 12 0.84270674 
875 47 11 12 0.84126866 
608 59 10 12 0.8411853 
379 94 11 12 0.8332418 
927 197 10 13 0.8271824 
101 504 12 15 0.81801534 
652 0 9 9 0.8159863 
685 95 10 12 0.8130266 
797 40 10 11 0.8019145 
72 85 9 11 0.7966465 
912 309 10 12 0.7887339 
834 239 10 12 0.77715313 
191 383 11 13 0.7747364 
356 124 9 11 0.76805705 
987 89 8 10 0.76710963 
524 73 11 13 0.75462383 
712 146 10 12 0.75231594 
384 6 12 14 0.724431 
548 544 20 20 0.72043586 
855 17 8 10 0.7170356 
250 169 10 12 0.7128274 
923 240 9 12 0.70853364 
354 143 9 11 0.7056405 
135 4 8 11 0.7035297 
354 11 10 11 0.700864 
555 35 9 11 0.69875956 
724 177 9 11 0.6869978 
744 115 10 12 0.68074346 
257 98 9 12 0.67246985 
643 189 9 11 0.67055565 
192 4 8 10 0.63686824 
340 47 13 12 0.6360274 
482 46 11 13 0.6351382 
743 223 11 14 0.6284037 
862 309 10 11 0.6192821 
319 140 9 11 0.61542326 
916 261 10 12 0.6130935 
114 27 8 9 0.61198604 
707 9 8 11 0.6083569 
476 127 8 11 0.5971503 
245 35 7 10 0.59187806 
480 106 11 17 0.58525056 
411 174 11 13 0.58317345 
124 48 8 10 0.5776907 
208 23 7 9 0.5700076 
34 110 10 12 0.55839884 
916 283 13 10 0.5424554 
796 8 9 11 0.54067713 
964 569 13 14 0.5298578 
615 103 11 14 0.52885664 
829 209 10 13 0.52233523 
91 58 8 9 0.5220484 
666 227 11 14 0.51973337 
683 39 9 12 0.5170733 
144 415 13 15 0.51543444 
527 36 10 11 0.5129725 
195 597 14 15 0.4952308 
346 35 10 10 0.49494678 
345 221 10 13 0.48483628 
606 149 10 11 0.48063827 
737 272 12 13 0.47252938 
974 392 10 11 0.4647728 
498 43 10 11 0.46135747 
2 150 11 15 0.4610641 
