2_Demonstration_Protesters_2_531
100
278 327 16 19 0.99973696 
605 330 16 18 0.99957985 
927 543 21 23 0.99952304 
618 434 18 23 0.99898034 
12 568 22 23 0.9989281 
644 479 18 21 0.9988889 
978 436 18 21 0.9983467 
565 278 13 15 0.9979728 
365 584 22 24 0.99790275 
156 474 16 19 0.9975817 
10 415 18 19 0.9973442 
933 260 14 16 0.9971935 
123 540 19 24 0.9966395 
233 491 18 20 0.99661475 
455 510 18 22 0.9965191 
696 323 13 16 0.99647164 
1002 578 19 23 0.9964186 
615 302 14 18 0.9963542 
740 333 15 16 0.9962257 
116 510 20 22 0.9961785 
408 478 16 18 0.9960013 
142 407 19 23 0.9955521 
668 235 13 15 0.99549496 
314 491 17 23 0.9954189 
603 457 17 19 0.9953986 
453 320 15 16 0.9952832 
170 512 18 21 0.99492985 
501 315 14 17 0.9945603 
494 447 16 20 0.99453026 
586 493 18 22 0.99436766 
784 437 17 22 0.9940936 
265 277 14 15 0.99392176 
570 550 19 22 0.99388605 
894 407 17 21 0.9938566 
60 492 19 21 0.9937488 
107 583 20 22 0.9933802 
751 361 16 20 0.9933696 
990 390 16 21 0.9931664 
81 459 19 24 0.99292725 
499 285 14 17 0.99289674 
900 265 13 15 0.9927665 
516 464 20 19 0.99261224 
24 519 19 20 0.99215263 
357 301 13 15 0.991962 
120 475 19 19 0.99191344 
399 252 15 15 0.99138194 
973 220 12 15 0.9911891 
847 198 12 13 0.99060374 
95 425 18 19 0.9905223 
21 435 17 19 0.9900982 
282 501 18 20 0.9898892 
867 462 19 21 0.9897148 
241 229 13 14 0.98922896 
822 231 13 15 0.9891235 
880 234 14 17 0.9889942 
918 482 18 23 0.98899126 
842 264 15 16 0.98872954 
571 307 13 16 0.98865706 
584 329 14 15 0.9885789 
680 388 18 20 0.9883421 
466 481 18 21 0.9882636 
22 362 15 20 0.988086 
425 210 13 14 0.9880427 
749 422 16 18 0.9877616 
541 218 13 16 0.9877225 
896 310 15 17 0.9877171 
888 193 13 15 0.98647445 
960 314 13 17 0.9863732 
161 644 22 23 0.9854558 
829 403 16 19 0.9852256 
412 523 20 21 0.98494047 
295 652 21 25 0.98492104 
683 473 18 22 0.98458314 
347 414 17 19 0.9843739 
845 412 17 22 0.9828706 
429 414 17 18 0.9825593 
963 423 14 18 0.9823851 
632 409 15 17 0.98159 
452 238 12 15 0.98066 
654 316 14 17 0.9795674 
628 390 14 17 0.97670674 
38 286 14 15 0.9766648 
903 365 15 17 0.97651243 
749 488 17 20 0.97646195 
591 261 14 17 0.9758051 
664 543 18 25 0.97542375 
355 481 16 16 0.97453916 
200 297 15 15 0.9736921 
878 541 21 21 0.9734346 
768 538 19 25 0.971949 
868 249 14 14 0.9717529 
136 249 12 16 0.97157156 
227 651 20 26 0.97121465 
136 304 13 15 0.9711558 
744 248 12 14 0.9701642 
415 446 18 17 0.9699944 
478 427 17 20 0.9698626 
496 195 12 14 0.9689219 
662 355 15 17 0.96830004 
470 281 14 15 0.96630985 
