2_Demonstration_Political_Rally_2_329
63
138 343 63 74 0.9997502 
802 206 39 51 0.99974304 
267 199 43 44 0.9997087 
648 235 38 46 0.9996383 
930 284 65 73 0.99963605 
465 242 38 41 0.99939704 
925 211 33 40 0.9993944 
771 176 25 30 0.999373 
129 178 30 36 0.9993537 
194 193 40 45 0.9991875 
305 305 69 89 0.99918324 
124 231 48 51 0.99899775 
616 210 26 33 0.99882394 
477 135 18 21 0.9987533 
878 162 30 33 0.99848336 
498 144 20 21 0.9975108 
748 396 91 119 0.9972453 
478 324 91 82 0.99566585 
465 149 14 16 0.9927488 
851 225 25 29 0.9923205 
694 323 45 47 0.99024487 
833 182 28 30 0.98759604 
1 189 33 55 0.9854224 
565 145 17 20 0.9851164 
841 130 19 18 0.9825232 
60 169 18 23 0.9809864 
664 190 28 28 0.9785605 
864 327 65 83 0.9717299 
902 145 12 13 0.9670806 
539 146 23 25 0.95392853 
781 284 45 42 0.95296425 
997 139 13 14 0.93771696 
970 228 28 35 0.93153864 
948 143 14 17 0.9229938 
31 149 14 15 0.9171218 
69 134 13 13 0.8755513 
957 192 21 25 0.8658664 
781 118 11 13 0.8539005 
304 184 22 28 0.84953916 
332 181 27 28 0.8369622 
747 121 11 14 0.8210531 
13 135 10 12 0.70890653 
767 130 12 15 0.705366 
584 116 9 9 0.67598796 
988 221 22 29 0.6367889 
50 134 13 14 0.6272847 
918 147 11 15 0.6179908 
966 147 13 15 0.5947416 
803 134 11 14 0.5706624 
736 117 10 11 0.56187266 
96 368 24 27 0.512492 
70 150 15 21 0.5077681 
513 118 8 10 0.467829 
487 122 6 6 0.4436923 
25 125 6 7 0.43845823 
154 514 35 30 0.4083552 
464 137 8 10 0.39348426 
111 156 11 14 0.37291193 
382 156 10 12 0.36713132 
864 138 12 14 0.3626792 
976 220 34 42 0.35869387 
742 131 11 12 0.35033578 
975 133 11 12 0.34818196 
