2_Demonstration_Protesters_2_370
20
695 174 66 80 0.9979152 
125 242 39 52 0.98916596 
503 208 59 81 0.98865694 
43 262 43 57 0.987435 
255 235 63 63 0.9186756 
251 383 169 139 0.88256425 
567 219 90 107 0.82164824 
500 187 170 154 0.7749879 
148 297 284 223 0.7045766 
590 374 72 70 0.6258023 
181 87 251 232 0.6030297 
175 382 163 118 0.5910158 
456 231 17 23 0.56006604 
55 53 220 248 0.5244008 
503 187 77 125 0.4780121 
249 88 127 158 0.37929592 
164 122 112 105 0.36859545 
89 9 357 342 0.3641231 
318 143 113 173 0.30756906 
68 184 111 136 0.30518386 
