2_Demonstration_Demonstration_Or_Protest_2_799
32
468 269 14 15 0.9938497 
276 303 14 18 0.9892587 
364 304 14 18 0.9784928 
197 224 11 12 0.9762898 
876 310 15 18 0.9669835 
620 237 11 14 0.9616732 
167 278 13 13 0.95083255 
871 234 11 13 0.9358605 
666 323 12 14 0.92879725 
556 199 9 10 0.92870104 
267 283 9 13 0.88285524 
484 195 10 10 0.87459546 
56 260 10 15 0.85154384 
163 227 13 14 0.8456437 
119 270 14 13 0.838169 
595 204 9 11 0.81834435 
28 210 13 16 0.7861774 
212 313 14 10 0.73970586 
801 236 11 12 0.69104916 
911 239 8 8 0.67838305 
450 189 6 9 0.6247593 
432 227 10 12 0.5990468 
463 243 10 11 0.5523452 
422 353 12 14 0.44891417 
397 122 11 14 0.43374524 
401 232 12 11 0.4176308 
701 127 11 14 0.39846072 
351 288 7 9 0.37459975 
58 262 11 15 0.3728037 
649 230 9 10 0.35686392 
641 223 10 12 0.32059428 
152 261 12 13 0.31458136 
