2_Demonstration_Demonstration_Or_Protest_2_1
50
355 255 41 50 0.9996126 
606 250 43 57 0.9995628 
482 31 34 42 0.99952173 
409 247 40 49 0.99944645 
206 248 43 45 0.99897444 
848 89 36 44 0.99858946 
223 0 36 42 0.9980476 
347 8 40 44 0.9978834 
479 294 43 47 0.9975056 
565 235 41 47 0.9916563 
892 124 42 36 0.99111474 
207 127 43 53 0.98863727 
300 261 40 45 0.98640084 
314 405 24 30 0.9855956 
318 474 45 48 0.984908 
174 166 34 52 0.983393 
958 272 39 55 0.9814724 
545 155 14 16 0.9780189 
815 525 34 43 0.97548354 
226 549 17 20 0.97080046 
929 267 34 51 0.96676475 
313 511 37 71 0.95983964 
114 307 36 36 0.9535865 
517 467 41 52 0.93873227 
895 253 36 41 0.8902229 
480 250 46 31 0.86919177 
756 295 20 21 0.74619955 
958 165 42 50 0.7456067 
531 265 28 47 0.71812236 
321 536 30 41 0.6888798 
116 487 36 56 0.6860887 
151 493 36 50 0.6573084 
124 476 61 73 0.6385422 
573 244 26 33 0.5824797 
155 239 25 41 0.5419827 
743 572 37 60 0.5226431 
802 244 62 81 0.5182021 
616 527 34 38 0.48561636 
782 263 50 57 0.47250167 
51 250 23 39 0.46277347 
191 603 34 62 0.4561996 
822 262 46 64 0.44093215 
852 590 63 53 0.430928 
791 292 26 27 0.39711544 
947 269 39 53 0.34948426 
202 497 23 26 0.3304694 
196 494 32 45 0.31206286 
849 578 71 102 0.31104344 
100 499 43 47 0.3107294 
968 596 20 27 0.30845273 
