2_Demonstration_Demonstrators_2_329
23
253 94 62 77 0.999858 
859 169 41 44 0.9997341 
204 47 46 60 0.99967384 
376 99 25 30 0.9983845 
115 32 35 48 0.9963654 
791 191 23 27 0.99426997 
932 182 34 38 0.9933873 
134 99 47 44 0.97887474 
664 149 29 36 0.97872853 
727 167 27 29 0.9443471 
681 234 28 32 0.93744224 
980 221 25 31 0.9210001 
709 164 28 38 0.89643496 
957 190 25 37 0.87978864 
25 0 49 54 0.8062041 
603 175 12 15 0.6576606 
255 133 61 42 0.6398731 
378 141 34 31 0.638116 
614 156 11 15 0.49397105 
208 74 43 34 0.4840477 
618 157 11 14 0.46292925 
634 228 44 58 0.3973891 
804 212 22 28 0.31895018 
