2_Demonstration_Demonstration_Or_Protest_2_158
21
516 186 43 53 0.99926823 
472 234 29 29 0.99840695 
855 241 19 19 0.9983511 
988 219 34 36 0.979325 
675 253 14 15 0.96566343 
62 266 14 14 0.9615794 
251 261 14 12 0.9288413 
371 240 17 21 0.8709035 
169 240 40 50 0.8317011 
500 238 15 17 0.8116998 
176 215 37 53 0.6774632 
102 252 17 18 0.66539603 
694 259 10 12 0.6470291 
9 192 26 34 0.62891656 
97 255 16 15 0.5532217 
0 183 41 66 0.52530473 
734 248 10 14 0.48909461 
343 347 36 29 0.43541595 
647 262 15 14 0.4319418 
119 241 13 13 0.32194206 
493 233 21 27 0.31544667 
