2_Demonstration_Protesters_2_618
27
365 164 53 69 0.99994516 
706 42 42 56 0.99991214 
481 17 42 51 0.99991167 
147 70 45 53 0.99991083 
516 170 52 67 0.9998964 
244 47 39 51 0.999879 
321 87 47 62 0.99987817 
457 252 61 80 0.9998073 
0 19 37 49 0.99975246 
963 48 43 50 0.99974483 
935 163 50 56 0.9995906 
249 235 54 65 0.9995715 
599 15 46 53 0.99952054 
0 162 31 68 0.998288 
605 148 56 70 0.9982388 
821 235 52 62 0.99785763 
808 0 46 44 0.9971886 
446 189 47 60 0.99175125 
846 252 55 87 0.96646667 
375 0 28 22 0.8549605 
454 0 27 23 0.85287565 
842 1 25 50 0.71195775 
824 231 70 91 0.6371122 
571 220 52 64 0.5506842 
243 71 41 31 0.48486015 
855 305 41 33 0.40359357 
464 292 55 44 0.3431831 
