2_Demonstration_Political_Rally_2_319
35
617 456 35 47 0.99959415 
117 446 23 30 0.9942002 
392 465 24 34 0.96402496 
669 447 22 30 0.96374357 
137 688 25 36 0.9529279 
155 487 24 31 0.95140624 
855 430 15 24 0.9502727 
875 386 10 17 0.92872536 
831 569 49 62 0.9096819 
211 441 23 33 0.8106138 
301 473 22 31 0.80304915 
456 437 15 30 0.7842287 
56 458 20 30 0.7744156 
276 459 21 37 0.77030706 
46 457 20 28 0.7616607 
31 454 36 36 0.7256943 
782 416 11 17 0.7208008 
466 391 19 21 0.643513 
0 396 9 18 0.63424313 
688 406 13 17 0.55151886 
309 523 19 32 0.5430033 
538 446 25 31 0.5104944 
721 475 36 31 0.5056145 
975 520 29 32 0.50275123 
248 371 9 10 0.4662726 
842 398 12 14 0.4508035 
711 414 10 15 0.40447396 
38 389 9 13 0.39518115 
719 540 36 40 0.38459277 
41 561 29 44 0.36430266 
110 369 8 10 0.3399696 
729 469 41 35 0.3332231 
887 441 20 27 0.32878563 
31 463 22 25 0.3283071 
400 463 31 33 0.3108022 
