2_Demonstration_Political_Rally_2_406
18
492 580 23 30 0.9994286 
559 613 39 51 0.9993462 
513 695 53 73 0.9986022 
255 590 105 120 0.9984829 
124 589 25 29 0.99778986 
251 546 21 26 0.9972103 
139 559 23 29 0.99581015 
615 614 144 154 0.9957141 
745 337 16 16 0.9926684 
327 542 18 30 0.92652816 
69 555 20 23 0.9028312 
18 653 61 102 0.8667558 
778 645 209 123 0.8524249 
1 579 21 38 0.70937914 
392 623 37 61 0.68146956 
684 548 24 25 0.56611735 
209 624 26 29 0.48486236 
250 609 26 49 0.41605806 
