2_Demonstration_Protesters_2_563
21
98 244 86 99 0.99993837 
818 186 32 39 0.99992037 
668 166 29 39 0.9998777 
566 219 28 37 0.999782 
227 255 38 47 0.9996897 
634 186 25 34 0.99954385 
301 233 26 30 0.99941623 
392 187 70 99 0.9993259 
236 213 26 32 0.99925834 
816 308 109 117 0.9992262 
872 211 63 73 0.9941895 
726 235 63 99 0.9929509 
981 203 35 39 0.9215099 
773 199 28 26 0.85677433 
92 294 96 50 0.85615534 
673 249 46 67 0.8391748 
728 279 54 55 0.75253195 
179 211 24 25 0.6076302 
602 77 31 28 0.45253962 
666 228 142 121 0.4229182 
678 241 65 90 0.33573553 
