2_Demonstration_Demonstration_Or_Protest_2_54
37
106 163 25 27 0.9997936 
196 59 19 22 0.99959236 
444 136 38 44 0.999345 
321 210 45 43 0.9989905 
983 230 33 38 0.9986083 
858 132 42 50 0.9983791 
667 134 30 33 0.9980533 
730 164 32 39 0.99799746 
240 151 29 35 0.99678326 
774 133 37 42 0.9952904 
566 152 23 29 0.9937681 
172 147 23 28 0.99305636 
531 152 21 24 0.992261 
613 164 20 21 0.98968786 
170 111 20 23 0.9893112 
182 173 21 30 0.9883436 
317 153 22 24 0.9864914 
401 169 21 23 0.9856338 
373 93 15 18 0.9791285 
267 144 21 26 0.97106344 
505 143 22 24 0.9580935 
105 89 21 24 0.9537319 
364 180 15 18 0.93295676 
638 155 21 23 0.92302847 
490 56 16 39 0.66695845 
121 97 18 21 0.64107096 
271 193 19 28 0.61747456 
365 115 11 13 0.55224574 
575 201 35 45 0.52230805 
309 40 8 12 0.4957336 
402 119 10 12 0.48191127 
130 151 14 13 0.46849817 
771 149 33 28 0.3619679 
913 158 14 15 0.35409087 
282 554 26 24 0.33389717 
906 146 23 29 0.33225575 
876 233 80 102 0.31666663 
