2_Demonstration_Protesters_2_293
26
218 526 91 106 0.99997294 
546 458 64 102 0.9997321 
164 378 39 51 0.99972814 
291 433 53 73 0.99965775 
457 430 49 82 0.99923635 
865 450 74 98 0.9989681 
480 366 43 50 0.9851376 
87 341 46 71 0.98509175 
796 447 58 83 0.9369268 
352 359 35 54 0.9353353 
675 350 32 55 0.8681974 
846 591 60 92 0.85333645 
569 410 51 57 0.8177792 
414 459 37 107 0.8067404 
681 459 39 55 0.71433675 
47 330 33 41 0.6496726 
404 335 40 46 0.58011955 
837 387 50 59 0.53782904 
733 521 37 90 0.5337442 
654 355 52 62 0.5301969 
609 391 33 39 0.49307773 
250 461 39 51 0.4001925 
219 583 89 55 0.39106852 
198 555 27 35 0.37111947 
0 366 25 78 0.34839132 
50 304 44 72 0.34486997 
