2_Demonstration_Political_Rally_2_335
100
787 567 71 82 0.9997135 
703 320 46 56 0.9997038 
378 336 53 56 0.99940133 
881 152 29 34 0.99922514 
672 417 55 66 0.9992174 
892 340 52 63 0.99918026 
751 175 40 44 0.99908733 
107 266 48 52 0.99895895 
281 428 47 65 0.99891186 
578 63 27 26 0.9987489 
405 260 49 62 0.9981212 
488 246 46 51 0.9980509 
944 117 27 34 0.99802494 
0 232 28 44 0.9979747 
326 105 30 33 0.99728477 
822 474 74 86 0.9972083 
607 162 33 40 0.996628 
271 266 47 56 0.99656963 
68 88 27 30 0.9959502 
5 335 46 51 0.99587363 
211 283 48 62 0.99578696 
64 208 43 42 0.9957598 
353 500 50 77 0.9952211 
658 233 42 41 0.99458945 
612 411 49 52 0.9945098 
476 176 29 35 0.99441564 
306 325 57 64 0.994159 
448 380 38 53 0.994124 
730 79 28 36 0.99396 
161 258 31 45 0.99381447 
339 58 21 27 0.9937761 
445 152 28 41 0.99348736 
486 129 24 28 0.99302673 
919 197 34 39 0.99164504 
847 213 45 44 0.99155515 
234 228 38 44 0.9911641 
171 189 40 40 0.99039245 
84 234 49 53 0.989687 
273 194 28 36 0.9896539 
986 6 19 20 0.98960936 
665 65 27 30 0.98947185 
616 82 30 33 0.9883659 
30 146 29 32 0.9881472 
567 325 48 57 0.98779976 
858 118 23 26 0.98705894 
0 495 37 58 0.9866915 
107 148 28 31 0.986198 
779 200 34 41 0.9852485 
358 232 35 33 0.9833952 
704 214 30 41 0.9825895 
330 421 70 78 0.9805879 
908 7 17 22 0.9795069 
474 293 43 52 0.9794174 
37 79 27 27 0.97848594 
735 447 43 67 0.9782778 
480 446 39 64 0.97739196 
77 400 39 58 0.9766043 
862 64 23 28 0.9753414 
243 178 31 33 0.97478545 
546 219 40 45 0.9747756 
832 58 21 22 0.97221947 
339 276 51 56 0.96849656 
657 128 32 36 0.9650442 
61 142 34 33 0.9631225 
169 77 20 21 0.96160907 
146 148 28 39 0.95784605 
248 548 52 86 0.9555631 
890 217 34 42 0.949491 
878 311 39 49 0.94948834 
246 94 23 34 0.9371498 
841 168 43 42 0.93525344 
14 33 22 23 0.9344081 
142 483 37 72 0.9331305 
771 158 31 28 0.9144141 
1 402 42 65 0.91292137 
63 63 27 28 0.90821767 
186 114 24 23 0.90279394 
747 146 23 30 0.90190166 
578 476 36 57 0.8967563 
818 75 24 23 0.89144623 
580 138 29 36 0.88398796 
932 33 14 17 0.88130265 
520 203 26 31 0.87641746 
142 99 24 30 0.8712303 
15 51 21 22 0.867593 
38 218 28 42 0.84086466 
716 79 13 14 0.8237225 
666 176 40 42 0.8136814 
570 191 40 38 0.71778053 
0 144 22 31 0.6882808 
829 429 41 44 0.6692617 
796 130 36 41 0.65806305 
309 561 33 47 0.65674764 
361 156 41 43 0.6563698 
0 74 15 21 0.6508753 
568 116 22 27 0.63787955 
727 443 72 89 0.6227329 
145 226 39 42 0.6125175 
538 260 33 41 0.59927076 
281 170 26 26 0.57007474 
