2_Demonstration_Political_Rally_2_18
65
380 436 19 26 0.99959296 
272 395 19 27 0.99952817 
315 438 21 24 0.99903166 
243 422 19 24 0.9988574 
166 333 20 24 0.99873394 
864 448 19 24 0.99867 
25 311 18 23 0.9984686 
171 450 20 27 0.99840987 
133 295 19 25 0.9981668 
222 272 20 27 0.9979791 
66 338 17 22 0.9977108 
105 241 15 19 0.99676335 
314 261 17 24 0.9966556 
157 407 19 24 0.9965611 
22 460 20 26 0.9963481 
502 448 17 25 0.99615294 
485 359 18 25 0.9961433 
622 454 19 27 0.99523723 
12 352 19 27 0.99479055 
42 449 17 24 0.9947594 
90 265 17 20 0.994586 
355 343 17 25 0.99401265 
460 486 21 25 0.9930194 
24 258 16 21 0.9927718 
41 240 16 22 0.9921836 
442 454 20 32 0.9917613 
187 306 16 22 0.9901579 
528 393 19 29 0.9896311 
916 435 15 23 0.98849046 
147 384 19 25 0.98651034 
299 332 19 28 0.9857654 
368 302 16 23 0.985631 
371 345 12 22 0.98428196 
768 420 16 20 0.9836525 
239 311 17 21 0.97555727 
364 428 16 24 0.9738264 
172 259 17 24 0.9712794 
265 205 15 23 0.9694016 
423 426 16 24 0.96822274 
453 295 14 21 0.96792287 
190 231 12 15 0.95546865 
333 203 14 18 0.933724 
83 296 14 18 0.9070999 
480 403 17 21 0.8861895 
96 446 20 26 0.8815234 
337 386 15 24 0.87917566 
75 321 15 19 0.8124635 
157 303 14 21 0.7573811 
82 286 17 26 0.7527931 
0 210 11 19 0.7352793 
277 264 17 24 0.68419486 
1 471 9 20 0.6520554 
42 426 18 20 0.64868253 
898 556 11 16 0.625673 
298 316 20 34 0.6009128 
434 413 17 22 0.49462494 
234 376 17 33 0.48925278 
150 309 19 28 0.4731023 
39 337 15 18 0.44973478 
57 260 11 16 0.4103708 
302 240 14 27 0.3719835 
549 437 13 18 0.36527845 
247 345 17 23 0.36343658 
160 307 13 19 0.32021847 
106 288 11 17 0.31059605 
