2_Demonstration_Political_Rally_2_609
86
967 348 16 17 0.99845004 
157 147 27 36 0.99737966 
635 392 16 18 0.99674195 
807 546 25 24 0.9950341 
744 538 19 23 0.99311113 
461 365 13 15 0.9850727 
382 401 15 16 0.96377766 
980 489 22 19 0.9608952 
640 350 13 14 0.95874166 
676 403 14 18 0.95793873 
742 616 26 30 0.9563415 
996 351 16 17 0.93856996 
554 364 13 14 0.93631554 
419 393 15 16 0.93354154 
966 451 14 17 0.93263644 
749 371 14 18 0.91914487 
608 327 12 13 0.9138226 
390 364 13 13 0.8977686 
343 361 11 13 0.8964591 
886 457 18 22 0.88661784 
489 389 17 17 0.86507213 
759 320 13 13 0.8571156 
712 407 11 14 0.8546814 
409 419 12 13 0.85330737 
801 298 11 13 0.8505558 
964 409 18 21 0.84672785 
939 374 17 20 0.8455118 
925 491 14 17 0.842504 
414 359 12 12 0.8401304 
771 567 20 24 0.82929134 
508 339 16 15 0.8224717 
906 431 18 22 0.81381357 
439 407 13 14 0.81009513 
261 369 13 14 0.8080014 
533 401 16 17 0.8049141 
321 373 14 16 0.7877918 
665 321 11 13 0.7744484 
745 477 11 14 0.75731343 
304 362 11 13 0.7208561 
758 450 14 18 0.7204343 
908 506 25 26 0.6947218 
902 476 14 15 0.66664785 
554 347 10 13 0.6093554 
770 297 13 14 0.59111 
617 430 14 14 0.5864468 
282 384 12 14 0.57885844 
772 412 12 14 0.57089186 
476 529 15 16 0.5673011 
815 327 13 16 0.55652124 
615 390 11 14 0.54095227 
855 520 14 17 0.5398761 
449 344 8 10 0.5310539 
690 412 15 18 0.5281467 
941 465 12 13 0.52521455 
851 552 20 27 0.5227179 
614 446 21 22 0.5215622 
770 596 22 30 0.50482196 
586 380 16 23 0.50472 
351 429 11 15 0.5012872 
861 622 12 14 0.49678624 
740 403 10 13 0.49461427 
411 440 13 14 0.4936649 
439 434 12 13 0.4920292 
95 311 93 96 0.477472 
721 426 14 17 0.4750586 
914 508 18 18 0.47479886 
989 373 21 22 0.46873218 
936 573 19 21 0.46471196 
388 438 9 9 0.4635164 
957 478 13 16 0.45508352 
585 438 17 19 0.44385237 
805 281 12 13 0.4430619 
642 431 13 15 0.44025558 
893 554 14 16 0.42063236 
558 447 21 23 0.41801417 
393 334 11 12 0.39683798 
727 516 20 19 0.38774785 
241 332 25 22 0.3632576 
499 367 10 14 0.35805234 
791 440 12 14 0.35505024 
341 415 12 13 0.33624113 
358 388 9 13 0.33495575 
851 553 15 17 0.33233634 
612 369 9 11 0.32040045 
455 387 10 13 0.3153035 
720 311 22 30 0.3038644 
