2_Demonstration_Demonstration_Or_Protest_2_586
32
172 126 20 19 0.9977629 
691 145 32 37 0.99775887 
470 146 26 33 0.99764365 
788 113 12 16 0.99225265 
832 200 35 39 0.99047285 
638 167 22 32 0.98886895 
760 117 18 24 0.98844725 
387 189 21 35 0.9733367 
996 147 18 25 0.9661549 
132 120 13 14 0.9626015 
27 104 11 15 0.95879614 
139 142 24 35 0.9510529 
524 121 13 17 0.9426996 
411 105 11 17 0.9363891 
345 95 11 11 0.93588555 
388 134 12 20 0.8899493 
358 89 11 11 0.8467942 
127 103 10 11 0.8271211 
539 93 10 11 0.82506603 
600 114 10 20 0.76825833 
2 114 9 10 0.72940385 
288 162 14 21 0.69708735 
437 119 19 25 0.6548863 
431 97 10 14 0.62750417 
383 105 8 9 0.54345083 
838 218 29 22 0.5126054 
940 165 16 21 0.48334232 
440 125 12 17 0.4698151 
958 108 20 18 0.45502082 
28 132 14 13 0.41479182 
562 169 10 16 0.34605852 
432 95 29 19 0.33649212 
