2_Demonstration_Political_Rally_2_637
20
1 386 35 47 0.9991704 
726 405 33 43 0.99741286 
737 97 47 75 0.9965342 
160 388 37 58 0.99363035 
285 356 33 45 0.958984 
457 361 30 61 0.93056697 
659 395 26 39 0.66611105 
79 662 24 30 0.616608 
620 289 15 20 0.5488849 
42 370 78 100 0.534612 
842 370 28 36 0.5140488 
366 404 26 38 0.5067427 
906 398 24 30 0.4724151 
158 418 40 36 0.43569106 
600 341 25 26 0.35442358 
44 401 56 69 0.35265338 
269 354 47 60 0.3498124 
368 405 21 19 0.3438382 
572 339 17 20 0.32605746 
50 427 36 41 0.31779125 
