2_Demonstration_Protesters_2_912
41
836 326 26 35 0.9996424 
146 434 23 29 0.9991216 
880 334 26 31 0.9975108 
41 349 15 18 0.99723464 
171 364 16 19 0.9906211 
525 316 16 19 0.98715776 
351 349 20 25 0.9868241 
997 352 24 29 0.9809879 
594 313 29 39 0.9786275 
255 339 12 14 0.9630541 
477 310 28 34 0.9607928 
718 278 30 40 0.9604173 
551 312 18 24 0.93383956 
64 348 12 18 0.83546907 
787 332 18 22 0.78008765 
114 368 21 24 0.75566167 
511 338 18 29 0.75254965 
615 319 19 23 0.7340895 
889 423 14 20 0.6935732 
722 279 15 15 0.6841199 
723 294 28 26 0.678354 
280 403 24 23 0.67661184 
130 371 11 19 0.63450974 
3 649 19 29 0.60710174 
234 391 22 27 0.57682586 
544 313 19 24 0.5494895 
653 328 11 12 0.53326017 
645 347 15 15 0.53025585 
953 310 12 15 0.4762915 
368 329 13 14 0.46957856 
299 348 13 20 0.4573554 
339 433 11 14 0.43659514 
442 312 9 13 0.41055477 
793 535 12 14 0.40369517 
637 320 11 16 0.39286608 
937 337 19 23 0.38728958 
270 406 28 22 0.3833536 
265 394 41 35 0.37164387 
839 372 20 23 0.3522876 
798 601 36 47 0.3283489 
885 328 16 15 0.30828506 
