2_Demonstration_Demonstration_Or_Protest_2_512
21
403 239 26 31 0.99951553 
143 291 52 54 0.997303 
229 289 32 40 0.9580558 
963 369 59 84 0.9577797 
929 280 30 32 0.9563591 
917 197 12 13 0.80905086 
471 231 9 10 0.6639208 
74 307 120 97 0.6625999 
637 245 13 13 0.57983744 
632 300 103 79 0.5374057 
267 232 60 54 0.5284155 
0 595 51 79 0.5186494 
990 206 14 14 0.50763774 
237 209 24 24 0.45439383 
949 307 46 46 0.42230776 
121 188 39 37 0.41529042 
458 117 59 75 0.39041847 
677 437 92 120 0.36221617 
639 304 58 60 0.3435561 
58 108 76 132 0.32023397 
533 323 85 106 0.31395656 
