2_Demonstration_Demonstrators_2_196
52
87 716 10 14 0.96901727 
348 725 10 14 0.9607523 
278 581 10 11 0.9520874 
478 644 9 12 0.9148277 
414 612 8 12 0.90034115 
375 713 8 13 0.8942997 
443 611 9 12 0.8876744 
182 724 10 13 0.8576797 
35 734 12 16 0.8563151 
637 669 9 15 0.83095306 
436 532 9 10 0.772323 
361 647 11 13 0.7723186 
738 622 9 11 0.762103 
130 734 10 12 0.75822836 
438 482 8 11 0.6966655 
250 717 10 13 0.6921926 
946 649 8 12 0.68809485 
151 719 11 15 0.686079 
598 631 8 13 0.6688922 
584 552 9 13 0.6625115 
210 693 10 13 0.65724456 
529 449 8 11 0.6404771 
642 631 8 11 0.62126607 
271 687 8 12 0.611494 
631 566 9 12 0.60148156 
467 472 8 9 0.5742693 
599 435 8 12 0.57341975 
304 478 7 8 0.5655645 
301 298 11 17 0.55647635 
103 711 11 15 0.54975826 
157 744 12 14 0.54579383 
370 442 8 10 0.5415902 
444 304 14 26 0.54101473 
358 538 8 12 0.52459973 
486 571 8 12 0.5162565 
335 335 12 18 0.51389873 
404 624 23 22 0.48853415 
218 471 8 12 0.4826328 
631 611 9 13 0.47375083 
412 557 7 10 0.470691 
163 489 7 10 0.45230678 
903 633 9 14 0.43255347 
39 737 9 15 0.42612213 
522 604 8 13 0.4164543 
415 627 13 15 0.40012485 
318 711 9 13 0.3818184 
1 501 7 14 0.3747723 
297 461 6 9 0.3646395 
483 573 18 29 0.35977846 
343 510 7 10 0.35780245 
930 630 9 12 0.3243288 
522 519 10 12 0.30018044 
