2_Demonstration_Demonstration_Or_Protest_2_173
49
868 209 42 55 0.9995864 
108 249 39 52 0.9995421 
170 316 39 58 0.99912184 
270 275 38 47 0.99905664 
364 296 35 55 0.99885666 
256 251 29 43 0.99869835 
673 276 44 65 0.99852777 
354 228 24 35 0.9984113 
52 354 44 55 0.99824524 
774 186 33 51 0.99823356 
847 291 53 70 0.99776614 
506 214 36 64 0.99715376 
673 153 17 26 0.9967526 
459 225 32 49 0.9964539 
360 192 16 20 0.99551964 
585 234 37 57 0.995336 
175 226 20 25 0.99468577 
322 208 15 25 0.99328196 
547 168 15 18 0.9928256 
654 204 35 52 0.9905956 
828 164 21 31 0.99039584 
743 160 18 29 0.9902992 
4 217 13 16 0.9878323 
208 238 20 30 0.9875114 
0 299 25 54 0.9790861 
223 207 15 19 0.94392544 
577 188 13 19 0.9221228 
439 193 13 19 0.8587748 
95 216 23 25 0.7508801 
3 242 26 24 0.7409377 
157 195 8 10 0.70349 
453 208 22 28 0.66745067 
212 196 12 17 0.6463763 
48 260 22 27 0.6006623 
492 163 13 16 0.5645692 
40 217 9 13 0.55965686 
593 135 31 50 0.5593615 
250 225 17 21 0.524298 
515 192 23 27 0.51857764 
795 39 13 20 0.50642407 
884 145 7 9 0.49885553 
639 168 17 25 0.45133272 
180 207 12 15 0.42390674 
848 328 41 33 0.41353405 
136 209 13 19 0.35171455 
173 191 8 10 0.34264296 
516 157 11 13 0.3385654 
22 466 37 42 0.33575588 
432 250 20 29 0.3020132 
