2_Demonstration_Protesters_2_221
44
515 197 59 89 0.9984297 
711 376 44 82 0.99139833 
830 128 30 45 0.9781998 
690 95 34 47 0.9731891 
923 185 29 53 0.9711627 
566 142 61 66 0.9689802 
714 0 30 36 0.9636416 
387 51 43 54 0.9532058 
907 105 43 53 0.94596004 
12 15 27 42 0.93647724 
463 91 34 43 0.9299153 
398 128 49 57 0.91851157 
310 8 29 48 0.91627544 
133 53 41 43 0.89047045 
230 78 42 39 0.867961 
116 18 27 36 0.8257024 
200 122 73 65 0.8035761 
1 210 48 74 0.79312533 
227 520 86 56 0.7664625 
516 240 62 47 0.7235497 
522 302 89 103 0.64063233 
111 95 45 58 0.6388177 
41 5 36 42 0.63198537 
735 183 48 68 0.620844 
399 248 29 34 0.59787244 
725 144 63 116 0.5970779 
885 292 87 118 0.5861042 
990 147 34 73 0.58416003 
632 248 37 31 0.5510834 
193 125 48 58 0.5171633 
892 48 27 34 0.50189877 
742 139 45 68 0.47819388 
674 49 37 43 0.468306 
596 0 23 22 0.4553258 
853 181 64 96 0.44045508 
0 103 32 67 0.42451692 
528 428 42 36 0.4117748 
4 198 63 116 0.4025206 
301 127 30 54 0.40230936 
178 15 25 31 0.39857247 
415 260 52 70 0.39437228 
176 319 77 91 0.33043283 
288 333 81 111 0.3237666 
853 184 42 44 0.31579033 
