29_Students_Schoolkids_Students_Schoolkids_29_251
21
500 217 69 86 0.9994925 
266 469 66 81 0.9993911 
637 169 58 73 0.999226 
656 270 61 73 0.99901414 
49 313 58 65 0.999014 
732 299 71 80 0.99897456 
380 480 68 74 0.99893266 
910 216 61 71 0.9989146 
484 471 57 73 0.9986621 
377 278 51 54 0.9986381 
897 93 48 60 0.99856585 
410 112 50 53 0.9984486 
50 563 72 79 0.99839383 
747 490 70 91 0.9983644 
112 195 60 74 0.9980667 
217 195 51 50 0.9980489 
319 329 52 70 0.9973283 
216 267 70 68 0.99729866 
552 356 66 69 0.9938514 
387 210 43 49 0.97843814 
507 141 42 59 0.87938607 
