29_Students_Schoolkids_Students_Schoolkids_29_66
19
649 124 33 48 0.99951255 
322 106 35 51 0.9991742 
398 103 36 46 0.99851304 
189 89 29 39 0.9980665 
328 194 23 50 0.99805534 
448 169 34 47 0.99678767 
16 143 21 39 0.9947743 
0 162 15 48 0.9505356 
112 129 22 39 0.95026803 
475 125 26 39 0.92547834 
703 201 21 38 0.8907891 
284 110 26 46 0.89060146 
174 149 21 42 0.8362506 
819 179 22 38 0.70588565 
907 171 34 42 0.6024719 
765 184 22 25 0.474302 
348 492 14 10 0.35184202 
904 172 17 33 0.3182673 
130 167 20 33 0.30013672 
