28_Sports_Fan_Sports_Fan_28_267
24
595 400 17 24 0.99841094 
503 343 21 27 0.99836475 
347 328 17 25 0.99687743 
354 226 18 21 0.9968041 
359 256 18 21 0.99542844 
632 343 20 27 0.99016565 
420 242 22 26 0.9876652 
627 282 17 20 0.9802762 
437 386 18 22 0.9779821 
406 204 15 20 0.96016586 
636 199 18 16 0.95475703 
668 254 18 22 0.9531398 
445 224 18 27 0.94707555 
313 218 17 21 0.9437178 
327 274 15 20 0.9261024 
564 369 15 19 0.9201139 
342 196 16 15 0.7643058 
286 263 17 22 0.75739586 
503 323 19 19 0.73136854 
681 240 14 20 0.70320666 
462 199 14 14 0.5944811 
587 348 20 24 0.3963541 
355 215 15 15 0.3426028 
450 14 81 87 0.31374905 
