28_Sports_Fan_Sports_Fan_28_7
97
86 856 68 106 0.99958736 
875 1128 99 143 0.99897766 
468 647 115 149 0.9987821 
841 539 26 28 0.99767715 
143 676 59 60 0.9949609 
298 433 21 26 0.9940246 
942 845 68 100 0.99374384 
589 635 34 39 0.99174434 
152 872 44 74 0.988096 
197 559 30 36 0.9844247 
209 663 36 44 0.9780416 
977 665 33 38 0.9763065 
653 579 22 37 0.9672491 
818 541 20 20 0.9453709 
6 190 16 23 0.9394425 
604 512 21 19 0.9390818 
817 811 31 36 0.93889815 
7 565 37 47 0.93677944 
8 72 14 20 0.9356566 
55 785 48 65 0.93494904 
540 599 38 42 0.93113065 
806 417 21 22 0.9305901 
926 693 44 45 0.92847055 
972 295 15 19 0.927711 
189 416 26 27 0.91448045 
262 345 20 26 0.9057246 
290 278 14 21 0.89121133 
864 352 18 20 0.8649925 
998 491 17 23 0.86435807 
191 308 21 22 0.8565597 
62 504 24 33 0.8428989 
979 527 17 27 0.83830583 
704 107 16 19 0.83308256 
117 353 19 23 0.83091575 
709 540 24 37 0.8265509 
168 527 24 33 0.822548 
54 266 17 19 0.8206324 
25 294 20 23 0.8079266 
918 650 20 25 0.7745652 
325 644 36 49 0.769058 
872 221 14 18 0.73926777 
257 155 15 22 0.72188103 
924 231 15 20 0.7171913 
100 559 45 58 0.7169802 
42 326 19 19 0.7097092 
883 299 18 18 0.7044672 
142 261 17 20 0.6852694 
999 578 25 42 0.6825483 
125 9 13 16 0.6733586 
86 203 20 20 0.6686639 
587 90 15 18 0.6620193 
922 312 15 18 0.6615385 
1 856 33 108 0.6535582 
283 364 20 22 0.64371556 
36 125 16 19 0.6250825 
959 202 14 15 0.58356357 
32 388 22 23 0.578361 
212 361 23 24 0.575183 
0 850 59 99 0.571111 
49 225 18 21 0.5709328 
220 222 16 17 0.54409057 
88 12 15 16 0.5372833 
75 236 17 20 0.52705115 
631 50 13 16 0.5249295 
777 381 15 17 0.52239364 
815 1203 64 123 0.5133231 
883 402 16 19 0.50407016 
196 129 16 18 0.48758516 
799 263 14 15 0.48555678 
940 279 16 18 0.4765576 
91 566 39 47 0.46920615 
303 105 14 18 0.45067155 
140 212 16 19 0.44524118 
356 45 14 17 0.43872258 
890 238 12 16 0.4376203 
978 80 12 15 0.43733498 
48 5 14 18 0.43186375 
493 583 25 32 0.42946035 
996 198 12 15 0.4290553 
241 401 25 33 0.4166433 
604 48 14 16 0.40739205 
841 145 12 14 0.40327537 
62 617 32 44 0.40250042 
251 343 31 33 0.40127367 
672 92 15 17 0.3995677 
163 218 15 15 0.39563853 
981 592 30 32 0.38241506 
0 196 22 36 0.35913637 
957 454 19 18 0.35327923 
811 187 15 18 0.35063744 
684 62 13 15 0.34429693 
75 569 52 60 0.3414958 
844 456 15 17 0.34043264 
776 696 18 23 0.3391312 
657 39 17 17 0.33261138 
516 91 14 17 0.32484764 
405 956 236 267 0.31388342 
