28_Sports_Fan_Sports_Fan_28_487
86
964 482 39 50 0.9994259 
824 492 35 50 0.999413 
461 509 40 53 0.9990625 
663 492 42 55 0.99902475 
910 449 37 47 0.99899286 
49 443 40 56 0.99881506 
915 530 40 48 0.99822325 
709 326 37 44 0.9980475 
130 447 35 41 0.9979796 
970 283 36 45 0.9979321 
988 105 36 43 0.9979188 
882 306 39 46 0.9978655 
408 583 39 42 0.99779946 
108 268 39 45 0.9977598 
58 382 38 51 0.99775875 
859 424 40 50 0.99775165 
558 246 31 35 0.9974355 
872 164 42 43 0.9973884 
453 287 42 43 0.99724764 
514 435 37 42 0.9971892 
339 554 33 40 0.9970145 
667 156 37 41 0.99696404 
799 402 34 44 0.9969061 
549 505 38 44 0.9969041 
604 180 37 47 0.9968387 
714 107 34 39 0.9968354 
425 470 48 54 0.9965491 
957 352 39 44 0.9963754 
570 343 33 41 0.9960413 
819 276 39 47 0.9959169 
859 241 36 41 0.9950034 
553 567 40 49 0.9947707 
419 260 34 42 0.9947107 
622 96 33 37 0.9946571 
157 143 43 44 0.99462456 
463 205 40 50 0.994441 
820 561 43 51 0.9943546 
795 1 35 36 0.99393094 
328 64 34 39 0.99388593 
728 283 39 46 0.992558 
787 76 35 48 0.99171644 
937 146 37 38 0.9916427 
470 34 34 43 0.9914927 
617 319 34 35 0.99140173 
0 460 34 47 0.99127907 
671 11 35 35 0.9900918 
727 592 33 33 0.98859286 
262 552 43 57 0.98757756 
954 211 40 40 0.98695105 
668 80 31 42 0.985784 
160 276 35 40 0.9834598 
993 335 31 43 0.9792246 
673 277 37 44 0.9777609 
749 558 35 42 0.9766996 
621 529 36 47 0.9714246 
425 195 31 39 0.96848035 
212 107 32 44 0.96468914 
787 215 43 46 0.9566527 
597 439 35 41 0.95451295 
428 63 31 45 0.95319825 
737 241 39 40 0.95063096 
596 386 39 42 0.94960916 
489 376 46 55 0.94941396 
163 6 25 30 0.9131357 
841 348 35 47 0.883653 
544 13 28 31 0.8766622 
18 223 31 33 0.85963106 
181 397 35 34 0.8483946 
50 108 33 50 0.81069547 
484 256 29 33 0.80252606 
199 312 33 38 0.7950077 
172 506 34 31 0.79472226 
222 194 30 29 0.7822118 
606 475 26 34 0.6589134 
753 0 32 28 0.64710456 
418 27 24 30 0.6364212 
602 3 29 28 0.6339965 
208 15 22 27 0.60443956 
95 103 24 33 0.59621197 
0 341 21 36 0.5935205 
168 509 45 48 0.59290045 
148 235 25 28 0.56142914 
37 82 42 55 0.52308255 
914 427 29 29 0.3730739 
893 124 46 52 0.35355005 
1000 417 24 51 0.34297252 
