11_Meeting_Meeting_11_Meeting_Meeting_11_441
19
554 278 26 33 0.99991775 
649 289 28 37 0.99973947 
461 275 24 31 0.99964094 
403 277 23 35 0.9962877 
255 306 26 43 0.99477214 
733 291 29 39 0.992 
737 332 31 38 0.99116945 
138 358 35 66 0.9890275 
376 309 25 43 0.93460894 
421 352 31 54 0.9300087 
205 475 57 86 0.9296249 
821 342 41 43 0.8857556 
769 335 25 37 0.8703841 
600 226 9 13 0.7300353 
790 338 36 48 0.6954855 
926 570 98 113 0.50208956 
671 10 10 15 0.44879004 
778 9 9 12 0.44812027 
783 345 31 40 0.34654427 
