11_Meeting_Meeting_11_Meeting_Meeting_11_507
42
902 410 41 46 0.999874 
55 254 28 31 0.99981743 
820 357 29 35 0.9995185 
131 363 31 37 0.999046 
75 402 36 45 0.99775994 
192 242 16 20 0.9940679 
686 284 13 18 0.9867049 
890 305 20 22 0.98601645 
811 248 16 19 0.97874993 
241 235 13 17 0.97404057 
1012 249 12 19 0.94681966 
704 315 19 21 0.9436935 
845 302 16 19 0.9428 
283 288 14 18 0.9406344 
661 283 14 16 0.9235361 
893 322 21 21 0.9201874 
960 247 14 16 0.88348657 
348 264 8 12 0.87692535 
868 355 19 36 0.8662675 
308 284 13 17 0.8580312 
864 499 29 21 0.85795397 
255 306 14 16 0.8433854 
736 319 16 26 0.841809 
331 273 12 14 0.8302774 
696 298 16 23 0.82463104 
1004 226 11 14 0.8116519 
750 237 12 16 0.809429 
960 222 11 13 0.7802635 
876 288 15 17 0.7796603 
776 231 13 16 0.7776815 
299 229 10 15 0.7757514 
199 363 18 23 0.75681263 
979 353 21 23 0.74472016 
649 277 11 15 0.7042253 
419 1 185 127 0.61529523 
215 272 12 17 0.6048916 
919 357 18 18 0.5940694 
148 292 17 22 0.55927116 
629 261 10 14 0.53428876 
659 257 9 12 0.4554903 
919 230 9 12 0.39196762 
730 272 13 15 0.3130201 
