8_Election_Campain_Election_Campaign_8_174
100
69 471 42 52 0.99981564 
129 413 35 43 0.9997552 
737 482 62 67 0.99955434 
899 506 59 69 0.99950397 
266 453 32 38 0.99949753 
9 481 44 54 0.9994659 
950 467 41 49 0.9993857 
817 572 88 111 0.99931085 
579 413 31 32 0.9993104 
586 458 40 43 0.99926084 
930 420 30 39 0.9988984 
622 504 41 51 0.9987404 
166 424 30 35 0.9986615 
452 449 42 48 0.99865294 
207 434 33 42 0.99845576 
743 444 30 32 0.99839383 
169 456 35 42 0.9983316 
421 427 29 31 0.99814796 
386 536 75 88 0.9980433 
503 343 32 38 0.99773276 
297 488 44 51 0.9976477 
823 439 31 40 0.99750865 
611 417 20 27 0.99725574 
91 394 21 26 0.99685293 
167 517 73 91 0.9967848 
656 421 24 28 0.9967542 
981 406 22 28 0.9963302 
878 461 39 47 0.9956032 
258 421 29 30 0.99539584 
311 439 30 36 0.9952814 
435 448 28 38 0.9952785 
164 604 92 79 0.9940884 
888 393 18 22 0.9933954 
796 398 21 24 0.99331963 
199 479 36 46 0.99181354 
772 381 19 22 0.9913284 
850 386 18 23 0.9902873 
35 387 21 27 0.9902159 
955 419 24 34 0.98953456 
53 408 20 24 0.9890379 
655 396 26 27 0.98769855 
760 413 26 26 0.9869507 
50 426 22 27 0.98589104 
214 403 20 25 0.9836736 
305 415 25 28 0.98098207 
434 382 17 21 0.9728977 
692 397 19 24 0.96868324 
756 373 15 19 0.9681211 
989 334 13 14 0.9666654 
673 384 15 17 0.96644753 
320 472 35 50 0.96449685 
172 373 14 17 0.96340954 
937 339 17 21 0.9604471 
245 417 20 28 0.9525315 
930 398 23 26 0.93433654 
52 446 32 37 0.9309001 
494 380 14 18 0.9249516 
362 378 13 18 0.91439813 
643 382 16 17 0.9135979 
671 604 65 61 0.91205883 
805 413 21 24 0.89230436 
727 395 20 24 0.88451064 
128 375 13 17 0.84610397 
1010 364 13 17 0.8253448 
430 500 41 64 0.8144842 
545 374 14 17 0.810142 
577 377 15 18 0.8075576 
597 381 13 15 0.80148494 
1001 436 22 26 0.7711212 
667 459 22 33 0.76432693 
719 439 22 25 0.76152796 
345 394 13 16 0.7465726 
254 383 14 18 0.74128056 
89 450 21 28 0.70865726 
288 424 21 29 0.6841365 
185 366 12 16 0.6722353 
443 416 21 21 0.6659414 
457 381 14 17 0.6526712 
116 340 13 16 0.63766617 
334 379 12 14 0.6337852 
182 349 10 13 0.6210273 
442 326 9 13 0.5993358 
627 380 14 16 0.5970855 
557 357 12 15 0.5874721 
492 331 12 15 0.57786447 
1 372 12 15 0.56457084 
970 339 10 13 0.56390935 
212 394 15 17 0.56338435 
129 396 21 27 0.56306785 
162 348 10 13 0.560066 
456 426 20 26 0.5516264 
542 361 12 14 0.53763807 
640 338 9 15 0.47430682 
570 354 12 16 0.45911798 
854 306 11 13 0.45878074 
474 371 12 14 0.45788738 
738 372 12 14 0.45506498 
762 441 23 28 0.43244812 
613 359 13 16 0.42469698 
433 611 92 72 0.42383608 
