7_Cheering_Cheering_7_386
40
765 290 29 41 0.99965584 
766 433 34 45 0.9888925 
210 544 45 53 0.9723937 
785 484 46 60 0.9717325 
285 400 16 20 0.9370103 
527 468 151 193 0.93698305 
566 423 14 16 0.93136746 
356 431 16 21 0.88306946 
258 430 13 18 0.88009393 
803 507 36 75 0.86099595 
392 401 14 19 0.84929127 
221 429 15 19 0.8440071 
305 407 14 17 0.8075663 
414 438 18 27 0.77978885 
306 434 21 25 0.6896738 
439 450 22 38 0.663591 
502 0 494 219 0.6622293 
6 0 353 221 0.6205269 
252 0 489 220 0.6112535 
202 351 11 17 0.58237344 
409 404 14 20 0.58027864 
82 315 72 125 0.5504494 
534 414 11 15 0.49092552 
544 389 10 13 0.42015693 
246 429 12 16 0.39771742 
518 380 10 14 0.38404238 
293 433 21 25 0.37465534 
394 375 12 16 0.36940762 
188 400 13 16 0.3649324 
156 353 14 19 0.3497871 
26 356 73 148 0.34275797 
155 358 12 19 0.33712274 
527 424 11 15 0.3306699 
436 429 13 18 0.32808778 
660 445 26 35 0.31403813 
196 469 76 133 0.31307587 
134 361 20 37 0.3130231 
366 359 16 14 0.30831477 
99 326 56 77 0.30646577 
474 388 11 17 0.30639467 
