7_Cheering_Cheering_7_462
19
548 128 68 101 0.99955076 
823 365 30 40 0.99797314 
270 359 43 41 0.9946004 
68 551 28 48 0.9941759 
200 367 27 36 0.98919386 
363 590 32 68 0.97466743 
59 420 26 36 0.9337405 
0 544 18 40 0.921853 
721 336 21 43 0.69512266 
396 368 35 45 0.6371763 
30 430 14 19 0.54232585 
14 419 16 24 0.51260877 
889 513 20 29 0.48739487 
97 414 21 32 0.45424148 
387 379 21 30 0.44933233 
100 415 16 20 0.38342854 
147 379 22 28 0.34800252 
393 375 25 36 0.30297187 
400 320 23 34 0.30051896 
