29_Students_Schoolkids_Students_Schoolkids_29_358
26
845 410 19 24 0.99878687 
268 363 17 20 0.9975412 
337 444 19 20 0.9975012 
624 378 19 22 0.99706656 
941 420 22 25 0.99476707 
497 422 19 21 0.99461913 
362 424 17 20 0.993743 
888 399 18 22 0.993298 
489 382 17 20 0.9932354 
546 380 17 20 0.9925195 
671 389 18 21 0.9920054 
573 392 17 20 0.9889671 
310 439 16 19 0.9877731 
250 435 15 18 0.98726803 
801 411 18 20 0.98267347 
713 374 18 22 0.98236954 
282 437 18 21 0.9778216 
435 402 15 18 0.96478504 
474 434 14 17 0.8826007 
534 419 17 20 0.8622464 
458 419 15 22 0.8305732 
775 393 14 19 0.72017854 
433 425 14 18 0.59597677 
379 74 12 15 0.4471429 
777 385 12 14 0.44167352 
767 394 12 15 0.30530876 
