13_Interview_Interview_2_People_Visible_13_252
19
621 29 57 81 0.99978787 
326 556 44 59 0.9996489 
32 29 52 66 0.9996321 
109 553 47 62 0.99958616 
871 12 63 84 0.9994585 
864 522 33 41 0.99941576 
804 272 35 44 0.9993611 
83 284 29 34 0.99865854 
577 507 33 45 0.9985234 
227 16 29 36 0.9966755 
21 262 25 29 0.98082584 
434 14 24 27 0.974095 
274 265 24 29 0.9666863 
303 361 23 31 0.787586 
548 350 17 32 0.76923347 
504 283 23 28 0.50872254 
367 294 18 31 0.49289545 
25 301 19 22 0.48340854 
278 294 30 34 0.39043778 
