13_Interview_Interview_Sequences_13_2
20
638 236 53 76 0.99993193 
493 172 50 62 0.9998227 
745 289 74 94 0.99974805 
268 190 52 68 0.9996762 
645 147 28 38 0.9996599 
317 138 25 35 0.9996588 
655 24 36 47 0.9995603 
326 28 30 42 0.9993167 
948 19 45 52 0.99920386 
916 219 37 47 0.99902725 
12 243 20 23 0.99901295 
236 29 37 43 0.9989937 
551 201 28 39 0.9988588 
226 190 24 37 0.9987477 
568 28 37 44 0.9987375 
120 273 59 59 0.99857116 
0 23 24 44 0.98821926 
0 134 15 37 0.8620732 
51 171 19 26 0.8558707 
333 241 18 23 0.34049273 
