37_Soccer_soccer_ball_37_114
26
684 258 27 35 0.9999713 
676 155 27 34 0.99992085 
137 368 33 40 0.99990284 
365 160 28 37 0.99988484 
892 254 31 39 0.99986494 
292 164 26 35 0.99984515 
263 362 34 41 0.99982685 
506 344 31 43 0.9998159 
604 275 28 34 0.99978226 
500 232 30 37 0.9997758 
240 261 29 34 0.9997758 
125 149 28 33 0.99976283 
521 152 27 32 0.99975544 
411 242 30 35 0.9997508 
832 161 28 35 0.99971265 
774 255 28 33 0.99968314 
739 156 30 37 0.9996749 
643 354 34 43 0.99966896 
443 152 25 34 0.9996295 
757 364 34 41 0.99960214 
385 349 32 43 0.99960047 
72 255 29 32 0.999483 
326 242 30 39 0.9994531 
610 155 29 37 0.99936014 
219 174 28 36 0.9991435 
162 259 26 34 0.9987392 
