44_Aerobics_Aerobics_44_332
27
426 307 29 32 0.99727684 
123 301 14 15 0.99265224 
21 293 14 16 0.9850375 
829 301 20 23 0.9793673 
749 306 14 19 0.97861016 
209 301 13 16 0.9745948 
703 308 21 28 0.97038954 
545 306 16 21 0.963899 
987 304 13 15 0.9621592 
870 303 10 12 0.9588343 
179 303 20 29 0.9559031 
298 304 11 16 0.9435787 
75 301 11 13 0.92921495 
241 286 18 24 0.925427 
533 286 12 14 0.86429715 
393 297 17 23 0.8446351 
332 292 9 12 0.80978376 
768 296 10 12 0.7837675 
385 304 13 19 0.74918544 
656 300 8 12 0.739688 
389 301 16 20 0.68112487 
50 306 9 11 0.6709927 
445 298 19 27 0.6530775 
938 321 12 16 0.5108453 
672 306 7 11 0.40217042 
170 0 80 43 0.31563205 
887 0 34 10 0.31502214 
