44_Aerobics_Aerobics_44_216
21
729 64 19 36 0.9823449 
324 341 13 12 0.94279444 
80 471 14 17 0.90789044 
794 81 15 17 0.9026764 
680 135 15 18 0.8970554 
236 393 14 14 0.8409263 
223 412 14 16 0.8165158 
838 21 14 17 0.7888421 
151 380 21 36 0.67986596 
601 327 265 247 0.5849594 
678 132 13 18 0.52684075 
208 378 21 27 0.4568376 
251 614 136 132 0.44540405 
574 144 39 67 0.4407847 
123 481 11 14 0.4178035 
580 140 25 31 0.39441755 
205 377 16 26 0.36355463 
839 16 19 24 0.35961974 
736 88 22 24 0.3495102 
340 259 39 33 0.330313 
569 174 34 36 0.30133212 
