44_Aerobics_Aerobics_44_167
21
882 488 141 187 0.9997243 
272 305 69 94 0.9997154 
925 244 20 28 0.99951184 
844 233 17 21 0.99948007 
684 268 18 28 0.99931073 
886 319 58 78 0.99869066 
792 274 34 48 0.9986804 
611 304 25 35 0.99688536 
959 261 15 19 0.9958431 
177 277 23 30 0.9945397 
373 281 30 41 0.9919723 
724 265 16 19 0.9902243 
770 272 21 35 0.9790365 
574 245 16 22 0.9720461 
377 264 22 26 0.95963234 
880 260 12 15 0.9300451 
748 245 15 18 0.8979587 
1008 271 16 15 0.83428806 
824 261 19 27 0.47418526 
722 62 17 12 0.3368479 
374 579 15 18 0.3012111 
