35_Basketball_Basketball_35_327
24
915 142 40 53 0.9997173 
84 163 27 35 0.99968064 
968 184 31 37 0.999605 
664 153 27 32 0.99954456 
24 175 25 33 0.99947196 
791 170 29 37 0.99946696 
539 154 28 35 0.9994574 
465 180 22 28 0.99878114 
186 182 18 24 0.9987148 
738 155 23 32 0.99860954 
829 147 26 34 0.9986064 
384 174 23 29 0.9983736 
764 147 27 34 0.998162 
982 161 24 25 0.99754745 
249 168 21 26 0.997311 
636 171 20 25 0.99723345 
435 163 20 25 0.9963031 
410 229 52 82 0.99622715 
598 163 20 25 0.9959667 
324 184 19 24 0.98442775 
491 178 18 21 0.9799737 
563 162 16 22 0.96411926 
508 193 19 21 0.8418519 
95 163 24 30 0.56187165 
