35_Basketball_basketballgame_ball_35_858
20
778 505 77 58 0.9987167 
566 230 70 98 0.99021417 
64 560 23 22 0.7262378 
182 636 13 16 0.72598636 
3 18 164 205 0.66925013 
815 0 198 204 0.6469276 
164 446 13 14 0.5904888 
62 658 14 19 0.531706 
722 0 143 66 0.5034823 
343 517 13 15 0.47259825 
124 632 13 18 0.46831712 
305 600 16 19 0.43197918 
9 644 16 20 0.42491084 
219 0 187 109 0.41893917 
184 665 14 15 0.41397268 
42 636 15 16 0.38343278 
345 513 13 16 0.37536454 
178 512 12 18 0.36637765 
291 469 14 18 0.36303762 
67 541 15 13 0.32518023 
