35_Basketball_basketballgame_ball_35_565
78
787 470 23 34 0.9894559 
867 433 23 28 0.98399127 
881 355 22 26 0.9801497 
703 388 20 26 0.9753793 
800 427 24 29 0.97408265 
590 473 19 24 0.94123656 
256 456 20 24 0.91963863 
517 434 15 19 0.896027 
898 291 16 21 0.88921565 
975 194 15 17 0.88511914 
783 383 18 26 0.8561884 
798 334 16 18 0.8180144 
554 435 12 17 0.78228277 
605 430 13 20 0.7801012 
707 480 22 27 0.7601834 
277 459 14 20 0.75611967 
875 460 21 26 0.75507164 
829 381 17 26 0.754338 
580 425 15 20 0.75411314 
816 277 15 18 0.75180686 
793 316 14 18 0.7501712 
173 458 14 17 0.74976224 
224 448 13 20 0.74419254 
946 356 19 22 0.74082845 
533 448 15 21 0.7397617 
914 252 13 17 0.7301564 
965 282 17 22 0.7273817 
939 234 14 18 0.70828676 
866 483 21 24 0.6957653 
137 451 13 16 0.69206315 
613 343 14 19 0.6840378 
704 353 16 18 0.68392116 
978 144 11 14 0.6800116 
649 349 12 14 0.64382327 
195 456 12 16 0.6403733 
470 381 12 13 0.61362034 
857 252 14 16 0.6111615 
978 264 13 18 0.6027726 
688 308 10 14 0.59943104 
732 309 14 18 0.5785917 
802 259 12 15 0.5599279 
721 291 12 16 0.5579506 
74 401 13 13 0.5546803 
950 189 13 15 0.5371147 
515 356 12 13 0.5335433 
779 264 11 14 0.5273544 
568 309 10 14 0.5232326 
194 429 10 13 0.51241434 
205 413 10 12 0.5104249 
717 249 11 13 0.502482 
928 391 18 24 0.48676023 
869 217 12 17 0.480326 
786 231 11 15 0.4728704 
707 312 12 15 0.46973246 
828 226 12 17 0.46596077 
404 416 12 13 0.4496141 
661 307 11 15 0.44387004 
502 426 13 15 0.43103945 
910 234 12 15 0.42581734 
383 410 12 14 0.41785502 
100 443 17 20 0.41341504 
443 414 13 16 0.39927426 
840 277 13 15 0.3942279 
847 178 10 12 0.38024977 
494 355 9 13 0.3802003 
316 423 13 13 0.37787014 
542 326 10 14 0.37554124 
127 429 10 12 0.36906162 
763 249 11 15 0.3646255 
858 271 12 15 0.3628946 
450 352 12 14 0.35766026 
914 160 11 16 0.34389472 
661 293 12 14 0.34378028 
1010 195 11 13 0.3378539 
338 360 10 12 0.31854227 
868 513 25 27 0.31490552 
784 185 10 13 0.31226227 
630 269 11 13 0.30782402 
