35_Basketball_playingbasketball_35_495
86
545 399 89 79 0.9993493 
340 757 63 70 0.9944201 
738 1059 24 30 0.9907449 
233 1153 24 34 0.98953736 
172 1115 25 36 0.9858592 
823 820 66 72 0.98505425 
204 964 24 31 0.97083986 
11 781 81 67 0.9704842 
743 990 24 30 0.95006615 
670 986 21 27 0.94479746 
252 1104 24 31 0.94377464 
180 921 23 32 0.9131744 
906 815 19 26 0.88726294 
226 745 20 24 0.885112 
729 813 19 24 0.8798256 
718 1086 26 39 0.82691956 
1009 900 15 21 0.82055116 
169 631 17 26 0.797951 
678 823 17 23 0.77755547 
971 896 21 24 0.77185565 
263 774 19 23 0.76199 
767 897 18 21 0.75435156 
722 851 19 21 0.74889636 
772 858 18 21 0.7448376 
105 11 89 76 0.7406143 
722 901 19 23 0.729695 
685 961 21 26 0.6980742 
234 639 17 22 0.69436175 
784 818 17 22 0.6850776 
243 705 18 21 0.6783703 
303 636 19 18 0.66854393 
737 751 16 21 0.66831285 
594 711 17 24 0.6657072 
207 610 16 20 0.65148324 
104 575 18 21 0.645122 
947 864 17 20 0.59731764 
347 474 17 20 0.5959705 
289 706 16 19 0.5921386 
286 744 19 19 0.58392626 
592 685 15 20 0.57637066 
711 624 15 17 0.5726333 
44 568 16 20 0.56661856 
142 438 15 18 0.5623555 
944 794 18 21 0.53870934 
285 672 17 20 0.53677434 
262 608 16 19 0.52893496 
935 695 15 19 0.5121389 
993 659 15 21 0.50061494 
741 601 13 17 0.49774525 
952 830 15 19 0.49378902 
691 692 15 21 0.4924389 
174 707 20 24 0.4800446 
221 588 13 17 0.4703055 
973 843 16 18 0.46769005 
318 612 17 18 0.45979142 
348 718 17 22 0.4588699 
983 639 13 16 0.45154586 
167 567 16 19 0.44602555 
201 435 14 18 0.44323164 
358 423 15 18 0.44102445 
692 752 18 23 0.43802845 
988 694 15 21 0.43119732 
920 672 14 20 0.43085748 
836 794 17 21 0.42988053 
947 633 15 19 0.4266988 
338 736 21 28 0.42502224 
794 757 17 19 0.41754094 
109 625 18 22 0.41304457 
1015 833 9 18 0.41099122 
1003 1090 21 36 0.41084155 
804 727 15 19 0.39935857 
697 717 19 26 0.3834766 
124 445 15 18 0.37547454 
845 606 13 17 0.37273145 
872 661 14 20 0.36136502 
287 581 15 17 0.3583381 
290 450 14 20 0.35478544 
678 440 15 17 0.34688458 
934 606 14 17 0.345515 
819 658 15 18 0.33525455 
861 764 16 19 0.3348878 
520 153 15 18 0.33329934 
867 730 17 18 0.32599235 
932 732 17 17 0.32451126 
704 474 17 23 0.31590557 
767 454 15 17 0.30271408 
