35_Basketball_basketballgame_ball_35_80
20
292 13 40 47 0.9993861 
492 92 103 123 0.99932444 
904 376 38 53 0.9992762 
890 67 44 58 0.9990477 
382 17 40 52 0.9990307 
262 130 45 64 0.9985875 
92 183 38 50 0.99753785 
167 1 42 51 0.99730194 
67 206 44 52 0.9954489 
0 237 32 49 0.99319696 
809 78 48 54 0.9919362 
0 353 42 65 0.99097496 
5 167 42 48 0.9825439 
33 115 35 44 0.98197514 
163 234 42 45 0.9071991 
139 149 32 41 0.88445824 
616 180 35 38 0.5853667 
346 139 38 42 0.5822004 
437 203 26 41 0.4423316 
120 218 30 41 0.3137582 
