38_Tennis_Tennis_38_535
42
46 451 22 25 0.9974712 
714 318 20 26 0.99677175 
779 307 21 28 0.99637324 
656 464 21 26 0.9958152 
516 423 21 28 0.99485236 
467 264 20 26 0.9947876 
506 472 23 31 0.994601 
147 306 21 27 0.9945135 
763 428 20 27 0.9936646 
205 431 22 27 0.99273175 
895 490 24 27 0.99266195 
864 324 19 27 0.99257773 
480 317 19 25 0.9917384 
194 341 18 23 0.9906386 
323 383 20 26 0.9898072 
241 286 20 25 0.9896387 
433 448 21 30 0.98631024 
172 276 20 27 0.9862547 
364 514 24 29 0.9854694 
134 456 21 26 0.98012954 
370 407 20 27 0.97997344 
643 314 19 23 0.97919375 
462 422 21 30 0.97721446 
579 305 21 30 0.97684765 
709 418 19 24 0.9768424 
290 461 18 28 0.97641903 
292 291 19 23 0.96851814 
509 316 21 25 0.9650362 
376 451 21 29 0.9608129 
595 424 20 26 0.96040833 
816 468 25 29 0.95797884 
435 415 20 24 0.95760167 
140 416 21 23 0.95662516 
647 423 20 26 0.9530935 
232 319 20 25 0.93814456 
358 312 18 25 0.9339509 
550 466 22 28 0.9339478 
398 322 19 23 0.9114956 
420 315 20 28 0.89792734 
330 449 18 26 0.6552037 
209 301 14 18 0.4966756 
171 452 17 19 0.34287134 
