38_Tennis_Tennis_38_371
25
344 297 28 34 0.9998846 
764 283 30 38 0.9997981 
444 213 25 32 0.9996402 
379 211 25 31 0.99959785 
569 287 28 36 0.99959165 
232 199 25 29 0.9995819 
527 212 24 29 0.99949455 
324 205 22 28 0.99948114 
653 198 23 27 0.9994628 
696 191 26 30 0.9994166 
550 371 30 43 0.9993924 
172 191 27 32 0.9993913 
665 277 29 37 0.99928683 
128 201 26 30 0.9992834 
439 300 29 37 0.9992643 
477 367 30 40 0.9992569 
785 197 27 33 0.9991872 
278 201 25 31 0.99916625 
611 218 25 30 0.999138 
567 196 24 27 0.99906737 
816 191 22 27 0.99888974 
413 205 23 29 0.99871886 
491 202 23 27 0.99855465 
878 189 26 29 0.99851686 
731 188 22 28 0.9983619 
