7_Cheering_Cheering_7_29
100
976 337 15 18 0.99111474 
173 110 13 17 0.9836427 
464 360 16 20 0.9833613 
357 247 14 14 0.9794358 
909 126 15 17 0.97896147 
444 171 14 15 0.97880507 
805 278 16 19 0.9741107 
681 176 13 16 0.97283155 
244 44 12 14 0.9713191 
570 217 15 21 0.9577205 
811 368 15 16 0.9564666 
205 94 13 15 0.9520272 
370 297 12 13 0.95064074 
879 248 15 16 0.9499714 
889 215 16 19 0.9491536 
592 124 13 18 0.94066817 
899 351 14 18 0.9386163 
110 129 12 14 0.9374988 
937 116 12 15 0.93066424 
404 293 13 15 0.9213587 
41 361 14 14 0.9185368 
430 443 17 17 0.9089707 
727 166 14 15 0.90889555 
1003 337 12 12 0.90615416 
972 94 13 13 0.8949414 
411 200 11 15 0.8929834 
271 107 12 15 0.8845758 
992 224 15 15 0.8815 
364 364 12 14 0.88039494 
940 297 13 14 0.8785835 
404 326 13 14 0.8778588 
11 100 13 16 0.8673239 
324 275 13 15 0.8607861 
613 362 11 14 0.858548 
998 190 12 12 0.85479397 
592 97 11 15 0.8529638 
309 110 12 13 0.8493471 
618 180 13 16 0.8465137 
766 269 13 12 0.8454224 
479 335 12 14 0.8355485 
437 128 11 15 0.8329634 
981 120 11 14 0.8329254 
132 87 12 13 0.82221246 
607 238 15 18 0.82196254 
938 469 18 16 0.8202044 
480 308 13 13 0.8180995 
19 153 20 20 0.8172325 
703 318 16 17 0.81468433 
2 112 14 16 0.8117034 
961 300 13 15 0.81126463 
345 434 18 17 0.81008637 
978 194 12 13 0.80984205 
338 169 12 14 0.8089745 
515 281 12 12 0.8060675 
826 232 11 14 0.80193895 
763 125 12 13 0.8007999 
71 88 11 13 0.785125 
221 141 14 13 0.783866 
606 83 11 13 0.7812291 
685 273 14 14 0.7786338 
193 270 14 16 0.7768454 
98 311 11 13 0.76383924 
100 372 14 13 0.760657 
679 118 11 13 0.74897766 
18 296 12 13 0.74648696 
726 360 12 11 0.7463335 
490 187 12 13 0.74343425 
920 96 10 10 0.7384229 
390 201 10 13 0.73791534 
173 74 13 13 0.73283255 
843 98 10 12 0.7277833 
69 279 15 17 0.7247066 
789 213 12 12 0.724032 
713 293 16 17 0.7215121 
760 128 11 11 0.71810997 
462 98 10 12 0.71695995 
738 107 10 11 0.7156775 
413 349 15 20 0.71508914 
950 253 14 15 0.71445787 
128 267 13 13 0.70790493 
193 401 12 15 0.70099133 
758 256 13 12 0.6965309 
91 295 13 13 0.69419396 
351 339 14 14 0.6838829 
347 399 14 16 0.6837386 
625 118 14 18 0.67894924 
157 271 10 11 0.67618537 
99 215 12 14 0.6759132 
959 119 12 12 0.67293626 
37 171 12 13 0.6706808 
534 136 12 15 0.66475683 
254 233 12 14 0.6641724 
614 419 12 15 0.6583409 
186 115 9 13 0.65477735 
205 445 20 20 0.6400094 
358 107 11 12 0.6323763 
164 145 10 13 0.60803264 
555 88 10 12 0.6066037 
310 87 10 12 0.6050694 
839 341 14 17 0.6036585 
