7_Cheering_Cheering_7_536
27
505 260 53 42 0.9912493 
998 239 26 40 0.98775184 
929 298 46 27 0.98719716 
255 314 26 32 0.98628545 
243 232 29 32 0.98465234 
640 260 50 43 0.9833904 
896 243 31 29 0.97871655 
0 231 24 29 0.9766871 
875 264 32 31 0.94765353 
328 306 28 30 0.9406388 
517 338 37 57 0.928394 
313 225 30 27 0.9234913 
214 272 34 23 0.90925246 
99 243 26 24 0.9010202 
844 282 37 39 0.8835801 
181 256 23 29 0.8723194 
204 226 25 23 0.8463321 
27 243 30 24 0.7824275 
718 266 81 98 0.74945074 
333 262 26 26 0.65130585 
1000 405 24 23 0.53483355 
134 233 27 23 0.5097708 
432 246 27 25 0.503662 
458 281 30 27 0.49421802 
201 247 26 21 0.4487437 
725 226 43 38 0.4412384 
848 235 24 23 0.37833863 
