7_Cheering_Cheering_7_530
19
9 106 22 21 0.9989151 
726 147 17 29 0.9916658 
402 28 27 56 0.98727787 
303 163 13 16 0.9864113 
956 210 16 18 0.9838606 
81 135 12 16 0.9837482 
138 141 16 16 0.98360497 
259 176 10 12 0.92763144 
819 177 15 22 0.86885244 
365 181 9 10 0.8088215 
360 196 7 9 0.61622936 
620 115 21 52 0.58691996 
550 193 9 12 0.5149898 
931 259 9 11 0.50062436 
222 146 13 20 0.42513278 
922 243 10 12 0.39584693 
912 233 9 9 0.38116464 
112 163 12 17 0.3789516 
820 19 91 91 0.33235055 
