7_Cheering_Cheering_7_334
19
511 340 44 56 0.99966455 
399 351 43 55 0.999655 
706 290 42 55 0.99964166 
804 142 41 57 0.9996393 
292 305 43 54 0.9995695 
644 373 43 60 0.9995683 
170 135 42 58 0.99953246 
613 257 42 55 0.99952066 
461 123 41 53 0.9994411 
194 282 48 56 0.99941015 
300 202 43 52 0.999408 
377 240 45 58 0.9993351 
680 172 45 50 0.9993231 
569 177 40 53 0.99927205 
780 285 40 54 0.9985868 
497 243 43 58 0.9960532 
386 166 19 26 0.8650964 
139 68 17 21 0.48612663 
339 31 18 16 0.32314986 
