45_Balloonist_Balloonist_45_838
33
831 352 36 42 0.9997669 
459 383 34 43 0.99954623 
726 373 37 44 0.9995018 
536 237 28 35 0.99931896 
236 383 40 48 0.9991529 
907 361 34 38 0.99910647 
125 369 39 48 0.999094 
787 314 31 38 0.9988354 
711 339 31 38 0.99867886 
462 222 29 36 0.9984536 
609 377 37 49 0.99796116 
525 387 32 35 0.9979266 
352 390 34 41 0.9974986 
457 282 27 31 0.9972632 
691 228 25 29 0.99714905 
276 334 32 36 0.99714786 
641 346 31 34 0.9967572 
650 250 29 31 0.9967147 
590 238 24 29 0.99643636 
184 309 35 38 0.9964162 
839 305 31 34 0.99588543 
732 234 23 30 0.99586356 
762 279 29 32 0.9957891 
491 350 32 35 0.9954483 
487 285 28 35 0.9939422 
818 238 28 33 0.99236345 
191 382 32 43 0.9922218 
179 244 34 40 0.99154997 
277 211 27 33 0.9789621 
407 351 29 35 0.9565501 
32 222 20 23 0.9392838 
564 369 34 36 0.90487957 
281 301 29 33 0.7553848 
