47_Matador_Bullfighter_matadorbullfighting_47_236
28
390 269 96 112 0.9993094 
109 195 21 23 0.99375147 
830 129 21 24 0.96273595 
87 107 18 23 0.95930743 
751 47 13 19 0.9275932 
718 105 20 24 0.92296976 
793 115 19 24 0.87976974 
36 190 16 23 0.86297613 
123 177 18 22 0.82431316 
682 44 12 17 0.7875227 
266 205 18 23 0.77751094 
68 196 17 21 0.77118564 
389 193 20 23 0.7398174 
601 191 19 22 0.70025617 
991 97 18 24 0.6412294 
386 137 19 23 0.5891646 
526 112 18 19 0.5836111 
945 48 15 18 0.5510907 
726 183 19 22 0.53337705 
437 128 18 20 0.52372855 
351 196 18 21 0.49971664 
268 71 14 17 0.484071 
619 174 18 22 0.4423778 
722 1016 138 182 0.41293246 
589 128 17 18 0.41116986 
160 175 16 19 0.3600119 
453 180 28 32 0.32352006 
319 199 18 20 0.30569372 
