48_Parachutist_Paratrooper_Parachutist_Paratrooper_48_1015
34
94 129 43 58 0.99957687 
675 343 46 50 0.9990877 
982 304 42 45 0.9987663 
858 316 57 57 0.9981583 
629 346 39 41 0.99750465 
551 356 42 42 0.99670285 
179 380 27 36 0.99451655 
463 360 38 45 0.9938393 
966 192 20 24 0.99315214 
455 224 21 24 0.9906974 
632 207 20 26 0.9893588 
569 224 18 23 0.9892702 
850 208 22 23 0.9875102 
279 262 20 24 0.9831229 
960 316 25 31 0.98067266 
238 272 20 23 0.9786887 
545 237 23 27 0.977684 
345 212 21 26 0.9735178 
761 211 20 23 0.92705864 
706 225 20 20 0.92262965 
600 249 16 17 0.90271896 
451 349 26 31 0.8753172 
221 405 34 36 0.8612078 
791 333 43 47 0.8596497 
325 385 36 43 0.83027864 
339 385 37 42 0.77299446 
0 282 20 29 0.666438 
920 313 37 50 0.6566891 
787 213 15 21 0.6396083 
142 561 24 28 0.63657343 
225 251 22 25 0.58081347 
767 212 24 22 0.37685186 
425 366 25 23 0.34980875 
340 516 24 28 0.3052392 
