36_Football_Football_36_138
26
747 131 23 29 0.9994843 
644 217 21 27 0.9992367 
406 216 22 30 0.9990107 
879 83 28 38 0.9986939 
132 55 25 35 0.9983119 
539 230 16 27 0.9944348 
292 82 22 34 0.991214 
838 258 28 25 0.9625928 
523 203 10 16 0.9577799 
497 311 22 24 0.9460651 
558 201 11 16 0.94420946 
421 411 18 9 0.9114784 
682 198 12 17 0.7930711 
667 118 17 20 0.77095735 
571 194 9 12 0.7430835 
591 211 10 13 0.73584783 
467 208 14 19 0.72067857 
318 200 15 24 0.70864135 
719 186 9 15 0.70484364 
387 188 8 11 0.59742105 
541 201 9 12 0.5803517 
425 211 10 13 0.40321955 
451 191 11 14 0.3846199 
980 75 13 15 0.38446406 
450 189 18 27 0.3757694 
395 195 10 12 0.32227364 
