10_People_Marching_People_Marching_2_668
22
768 314 27 30 0.99960047 
298 355 30 37 0.9991372 
604 304 22 29 0.99907756 
411 308 43 50 0.9990019 
99 264 31 39 0.998616 
658 309 31 38 0.9986033 
858 316 20 24 0.9985784 
192 302 33 41 0.99833614 
541 292 28 37 0.9981502 
922 336 17 18 0.98954153 
513 313 20 24 0.98941785 
956 330 15 16 0.9887794 
370 328 22 28 0.9871874 
458 312 33 39 0.9799305 
985 331 14 16 0.9798157 
901 348 14 15 0.8015253 
646 332 17 19 0.77150685 
834 338 14 18 0.65149367 
748 590 17 17 0.5416102 
836 542 20 15 0.37847173 
594 327 11 15 0.3303339 
946 339 12 15 0.3229243 
