10_People_Marching_People_Marching_2_277
32
50 191 47 60 0.9993487 
837 187 24 28 0.99728835 
940 185 15 19 0.99662256 
621 188 30 37 0.99489117 
369 184 26 32 0.99383473 
501 192 24 30 0.9929096 
755 191 24 28 0.99205583 
259 167 22 26 0.9915603 
913 183 23 25 0.9911795 
971 190 21 22 0.98171735 
670 190 23 30 0.9804616 
415 177 40 48 0.9753728 
327 178 22 27 0.9675034 
817 187 19 24 0.962073 
228 171 20 25 0.952949 
1008 184 16 17 0.9391422 
869 193 15 18 0.93505806 
788 191 18 22 0.8252318 
9 199 23 22 0.73115903 
557 176 11 16 0.70036936 
716 188 11 14 0.68575984 
466 175 19 27 0.68157315 
735 190 15 18 0.633499 
870 233 21 29 0.6197169 
797 193 15 22 0.55108815 
510 195 20 27 0.5399871 
994 192 13 16 0.48480394 
350 270 24 38 0.47463822 
19 199 14 19 0.45924053 
603 186 20 26 0.4434814 
154 518 76 114 0.38094667 
964 176 11 10 0.35322762 
