10_People_Marching_People_Marching_2_259
70
168 461 15 18 0.9553321 
149 404 13 17 0.90045685 
395 467 15 16 0.85879135 
450 472 15 17 0.84747356 
283 473 16 16 0.808989 
337 474 15 17 0.80361736 
225 464 15 15 0.7795057 
680 465 13 18 0.7792477 
503 461 18 22 0.7716819 
920 361 14 19 0.7699088 
52 366 14 16 0.769296 
123 283 11 15 0.73815894 
476 409 13 15 0.7005579 
208 408 14 16 0.66782916 
707 221 10 13 0.66722554 
621 466 14 18 0.6532741 
488 157 8 12 0.6484303 
593 323 12 14 0.6483326 
563 463 13 17 0.64588743 
179 370 11 12 0.6452312 
685 258 12 14 0.61363155 
748 416 13 15 0.6077958 
328 249 12 16 0.60633963 
234 368 12 14 0.60139245 
689 412 13 16 0.5973249 
262 406 12 15 0.5960847 
428 197 9 13 0.59199643 
787 462 14 17 0.5878929 
625 207 9 13 0.58624303 
638 422 13 17 0.5835583 
804 407 12 15 0.5789689 
446 356 13 18 0.5766263 
370 408 14 16 0.57458425 
494 361 17 20 0.57093704 
349 363 12 15 0.5666916 
314 409 14 15 0.5427476 
534 415 12 16 0.5069995 
419 407 18 20 0.49934244 
884 464 14 17 0.49844226 
398 369 12 14 0.49313098 
283 206 8 11 0.49014997 
858 315 13 18 0.47337225 
734 465 15 17 0.47305384 
557 284 12 13 0.46914542 
763 195 9 14 0.46854493 
527 323 11 14 0.46120912 
854 398 12 16 0.4497505 
298 364 12 14 0.43783587 
854 406 12 15 0.43306237 
590 198 10 14 0.42066893 
366 206 8 11 0.41648594 
523 174 8 11 0.40444502 
450 286 15 19 0.40143016 
556 357 13 16 0.39349604 
445 173 9 13 0.38920152 
167 228 10 12 0.38830847 
667 206 9 12 0.38803226 
421 278 13 17 0.3794768 
568 174 8 12 0.37582186 
498 285 13 17 0.37217382 
921 368 12 17 0.36792147 
403 173 9 11 0.36758572 
713 275 12 16 0.35793954 
683 359 14 17 0.3552521 
208 399 13 16 0.35483247 
329 210 9 11 0.33629474 
611 366 14 16 0.32881635 
232 355 15 16 0.32126606 
608 286 12 14 0.32123685 
943 412 13 19 0.31710783 
