10_People_Marching_People_Marching_2_678
27
305 291 22 27 0.9995559 
450 295 21 28 0.999464 
622 296 20 23 0.99946266 
351 277 25 29 0.99868697 
254 288 28 32 0.9986199 
216 295 26 28 0.998395 
723 272 24 30 0.9982968 
887 294 18 24 0.9972058 
902 207 11 16 0.9953355 
843 304 22 26 0.99471056 
514 302 21 24 0.9916186 
786 305 21 26 0.991573 
65 254 10 14 0.98013467 
24 317 11 19 0.9437624 
116 334 12 18 0.9344151 
947 209 11 14 0.9145367 
37 316 15 23 0.8921425 
759 317 16 26 0.7268227 
577 330 12 14 0.63833773 
106 346 8 18 0.5969881 
205 296 11 16 0.570469 
87 336 7 14 0.4332353 
114 302 9 11 0.4267298 
566 325 12 18 0.41160074 
169 310 9 15 0.38437584 
380 305 14 15 0.35578924 
420 324 11 16 0.32234874 
