10_People_Marching_People_Marching_2_498
31
28 17 21 24 0.9991387 
896 418 21 31 0.9991061 
413 583 23 30 0.9988464 
364 29 20 29 0.9986519 
347 418 24 31 0.99859744 
705 0 20 25 0.9974744 
192 27 22 27 0.9967962 
787 543 22 26 0.9964367 
544 4 23 27 0.9962071 
70 145 21 29 0.9960912 
576 596 25 31 0.99596196 
774 132 22 28 0.9933402 
1003 276 21 24 0.9923936 
836 276 21 29 0.9922903 
609 127 22 26 0.98983216 
956 546 24 28 0.9868745 
38 615 24 24 0.9849171 
723 420 22 29 0.98431015 
117 272 21 23 0.98111916 
539 439 22 30 0.9804539 
164 423 21 27 0.9435077 
239 137 22 25 0.9400814 
877 10 21 26 0.9376014 
292 286 22 25 0.9211199 
664 282 21 24 0.85125583 
216 592 22 27 0.82957685 
310 337 22 20 0.47760883 
545 460 18 29 0.46045467 
1 460 12 17 0.38695896 
942 125 22 26 0.38401914 
33 0 20 21 0.31384757 
