23_Shoppers_Shoppers_23_43
23
354 229 66 77 0.9995178 
572 145 46 59 0.99881697 
166 230 61 71 0.99876875 
941 121 26 32 0.99805546 
926 201 53 61 0.99716187 
156 392 65 85 0.99594814 
67 147 35 44 0.99271715 
22 147 26 31 0.9877412 
790 132 31 47 0.94019514 
873 138 20 27 0.88401467 
722 307 54 75 0.8653837 
381 138 26 45 0.8587766 
75 213 36 68 0.8010795 
978 117 19 28 0.79088193 
801 139 29 40 0.76235527 
677 479 120 67 0.72840786 
605 107 31 56 0.5041853 
1014 127 9 16 0.479123 
816 357 100 143 0.39311448 
335 342 70 61 0.38620356 
236 154 15 17 0.37005565 
971 121 17 24 0.3638114 
792 122 21 28 0.35476798 
