32_Worker_Laborer_Worker_Laborer_32_516
22
757 100 42 50 0.99980515 
256 114 35 42 0.9997744 
298 118 43 57 0.9997062 
418 125 31 34 0.9994809 
764 328 58 46 0.9994785 
674 321 44 37 0.99945897 
281 313 46 38 0.99929464 
481 344 35 27 0.99895895 
968 52 56 85 0.99887127 
521 98 38 51 0.99877435 
577 355 41 35 0.9987631 
50 19 70 96 0.9983865 
369 148 18 20 0.998137 
845 120 29 30 0.99778336 
346 310 46 39 0.9969022 
227 129 25 30 0.9940462 
676 156 21 27 0.99313194 
881 145 32 35 0.9864645 
83 190 14 16 0.981069 
726 141 27 27 0.9554958 
64 196 13 18 0.35283577 
594 126 19 22 0.32151163 
