51_Dresses_wearingdress_51_1035
19
410 45 82 117 0.9997979 
173 238 109 126 0.99961156 
855 177 89 101 0.9993703 
578 280 89 94 0.99891675 
735 28 19 25 0.9884586 
286 54 17 22 0.9650171 
560 577 51 67 0.9614068 
600 38 12 23 0.9340182 
518 0 24 22 0.9124603 
262 97 20 25 0.89849365 
327 49 15 20 0.88912237 
331 47 17 21 0.56149095 
617 35 12 24 0.5225028 
660 32 15 26 0.48530164 
663 30 24 26 0.43936285 
92 513 72 125 0.39071512 
713 18 12 25 0.37475207 
646 34 10 22 0.36293328 
127 480 173 163 0.3059687 
