25_Soldier_Patrol_Soldier_Patrol_25_1029
22
553 329 32 38 0.9992836 
458 178 47 55 0.99911064 
253 361 59 65 0.9988593 
662 311 33 39 0.9986754 
514 384 43 64 0.99854386 
121 437 58 73 0.9985421 
580 145 29 42 0.9985305 
152 197 52 60 0.998054 
246 177 45 56 0.9970668 
873 167 41 47 0.9966151 
609 296 38 41 0.9962075 
716 185 34 44 0.99432856 
500 181 31 45 0.98654896 
656 193 27 39 0.9821597 
735 138 59 78 0.98043984 
433 164 9 11 0.6696328 
390 182 8 11 0.6239444 
936 284 73 134 0.52565384 
398 185 9 12 0.50969476 
459 154 12 16 0.456503 
609 170 13 17 0.41138148 
386 182 10 12 0.31246108 
