25_Soldier_Patrol_Soldier_Patrol_25_515
28
787 308 17 24 0.99772984 
536 313 13 17 0.9919751 
477 320 13 19 0.9886412 
615 322 13 18 0.98769 
57 309 14 18 0.98559463 
720 303 18 24 0.9846865 
804 294 18 26 0.9682281 
636 310 21 26 0.96306705 
836 314 16 24 0.96053165 
373 318 13 20 0.9604319 
395 313 12 16 0.95758396 
700 318 14 20 0.93651414 
416 318 15 17 0.90968555 
522 317 11 16 0.9046257 
861 306 11 19 0.90404934 
367 297 11 18 0.86285466 
564 337 13 17 0.8518337 
669 315 14 17 0.8360565 
578 326 12 17 0.81592435 
912 312 14 18 0.73047626 
461 314 12 23 0.67770934 
885 326 21 24 0.65923446 
865 305 11 20 0.6345112 
734 324 11 19 0.6122013 
737 325 11 16 0.5373752 
442 333 9 16 0.50479996 
919 310 18 22 0.47320718 
575 331 14 17 0.35512176 
