36_Football_Football_36_157
100
906 218 24 29 0.9970739 
661 253 22 25 0.99707055 
614 74 21 23 0.9967603 
740 219 28 31 0.9964935 
984 246 21 26 0.99473476 
508 176 21 23 0.9947305 
425 263 20 25 0.99447167 
41 254 24 27 0.9935934 
334 179 20 23 0.99350774 
869 86 22 26 0.99310774 
392 81 20 22 0.992871 
74 196 20 23 0.9923374 
609 240 25 30 0.99185914 
877 171 20 28 0.99096256 
579 84 19 24 0.988839 
49 128 21 29 0.9886015 
608 142 21 27 0.9879054 
186 184 19 24 0.98645496 
198 0 19 21 0.985747 
390 193 34 40 0.9853312 
964 137 17 23 0.98441887 
667 33 20 25 0.9832214 
547 108 16 23 0.981955 
163 202 22 26 0.98166656 
899 25 18 25 0.98091346 
535 74 20 27 0.98034257 
566 103 19 27 0.9801297 
479 120 20 27 0.98008233 
635 196 17 20 0.97871095 
432 218 19 25 0.9781642 
542 26 20 26 0.97795254 
0 184 18 21 0.9769191 
899 85 21 24 0.97672266 
97 239 21 26 0.9754794 
337 103 20 23 0.97448355 
583 188 20 23 0.96913904 
757 119 16 20 0.9688858 
787 57 17 21 0.96847856 
499 246 24 32 0.966398 
342 133 22 27 0.96602964 
524 110 19 25 0.9657596 
411 140 17 22 0.9650705 
905 167 21 24 0.96485716 
616 42 18 20 0.9638626 
44 187 19 22 0.96316284 
903 104 18 23 0.96203727 
152 151 16 21 0.96178156 
229 174 19 24 0.959364 
303 158 19 25 0.9573465 
515 56 16 20 0.954679 
980 197 15 23 0.9533757 
969 24 19 23 0.9514135 
856 0 20 21 0.950151 
158 176 20 26 0.9467593 
751 187 22 26 0.9456737 
460 32 21 27 0.9388509 
232 77 21 26 0.9380413 
642 0 17 16 0.9367331 
435 347 23 31 0.93496907 
308 254 23 28 0.93202966 
144 269 18 24 0.9302797 
300 215 21 23 0.9174249 
788 176 21 22 0.91618437 
783 112 17 19 0.91197133 
293 90 20 24 0.9017378 
579 5 21 27 0.90008533 
485 353 27 32 0.90001905 
143 96 19 25 0.8923831 
845 48 20 23 0.89232594 
229 252 26 30 0.8902985 
78 147 20 24 0.886837 
246 192 20 25 0.8808347 
545 194 16 20 0.86921453 
980 159 15 23 0.86757904 
417 0 20 20 0.8657176 
493 7 16 21 0.85574526 
285 134 18 24 0.8469924 
335 39 20 22 0.8365072 
103 168 20 25 0.8364884 
111 135 19 26 0.830735 
515 148 17 18 0.8210261 
784 237 26 27 0.81935155 
15 116 19 26 0.8067783 
423 98 20 22 0.7959349 
270 164 20 24 0.79155475 
320 81 22 25 0.7890263 
384 128 15 19 0.78396916 
356 173 18 24 0.78050566 
248 117 16 21 0.77087665 
270 42 18 22 0.7691807 
91 107 15 19 0.7685945 
891 127 16 21 0.7583531 
115 199 17 20 0.7546543 
120 112 17 20 0.7462513 
831 107 17 22 0.7428955 
361 117 16 20 0.7335976 
0 140 16 25 0.7264327 
815 106 19 24 0.7154313 
567 133 16 21 0.7129611 
88 134 20 25 0.71038634 
