36_Football_americanfootball_ball_36_487
100
798 325 19 27 0.9913645 
810 332 21 28 0.9830376 
320 182 12 15 0.9455877 
59 303 13 20 0.9428805 
460 286 17 20 0.91613305 
82 256 13 15 0.9048579 
142 247 10 13 0.88421035 
775 243 11 14 0.87260187 
673 239 11 12 0.86323845 
607 243 11 14 0.8591713 
514 197 11 14 0.828877 
354 180 13 14 0.808522 
168 238 13 15 0.8046814 
101 242 11 13 0.7963222 
750 248 10 12 0.7798364 
223 252 12 15 0.7791494 
278 162 10 13 0.7785596 
417 254 12 15 0.77382743 
417 178 12 13 0.7661045 
544 292 15 18 0.76328033 
231 232 12 15 0.7577227 
275 196 12 17 0.7368162 
297 182 11 15 0.7357794 
115 51 10 13 0.70916224 
698 248 12 14 0.7049188 
67 223 10 13 0.704286 
337 278 10 14 0.69698805 
534 196 11 13 0.6948405 
23 308 9 16 0.67585033 
622 184 10 12 0.6681677 
366 239 11 14 0.6680682 
526 246 12 14 0.6636017 
1013 244 10 17 0.663272 
437 28 10 12 0.6629214 
400 96 9 12 0.6610329 
321 255 11 14 0.6551238 
130 46 9 13 0.6530727 
46 254 13 16 0.6483395 
988 228 9 11 0.63945436 
175 98 11 15 0.6371088 
659 207 9 12 0.63698137 
978 101 10 14 0.63454217 
273 104 11 12 0.62865114 
284 79 10 13 0.6252509 
205 231 11 14 0.62465125 
370 98 12 15 0.6202047 
397 251 10 15 0.60552424 
57 100 11 13 0.60136557 
961 175 10 12 0.5996697 
843 210 10 13 0.59714305 
942 143 10 12 0.59356177 
976 145 10 12 0.58871084 
430 187 11 14 0.5841915 
87 180 8 12 0.58058447 
31 102 11 14 0.5712633 
688 183 10 13 0.56973183 
824 211 11 13 0.56523275 
292 258 11 14 0.56316864 
727 200 9 10 0.56210524 
23 168 11 14 0.5612538 
943 104 10 12 0.55619407 
546 197 10 12 0.5555505 
119 253 9 13 0.55375016 
339 85 12 15 0.55366224 
299 102 11 11 0.5534926 
113 88 11 13 0.55254364 
413 233 12 15 0.5491552 
656 178 10 14 0.54758257 
5 300 19 26 0.5474622 
527 21 9 11 0.54657114 
87 106 11 12 0.54178447 
420 109 10 13 0.54126453 
293 158 11 15 0.5393176 
70 195 12 13 0.5370036 
651 148 11 13 0.52457273 
585 221 10 12 0.51677424 
871 230 11 15 0.5167074 
6 216 11 13 0.51579976 
886 203 10 13 0.51305604 
103 34 10 12 0.5107518 
83 31 10 13 0.50981826 
146 168 11 12 0.5090383 
535 259 11 14 0.50309044 
13 145 10 13 0.5012688 
0 71 8 13 0.5006206 
390 177 11 12 0.5003657 
494 126 12 14 0.49377358 
195 6 10 12 0.49185202 
487 198 12 14 0.48995182 
127 140 12 12 0.48749158 
358 271 12 15 0.4871146 
100 200 10 13 0.48682427 
898 226 10 12 0.48500186 
375 251 11 14 0.4824331 
1000 29 10 11 0.47992426 
103 177 10 11 0.47988418 
40 134 10 14 0.45776677 
789 201 10 12 0.44803965 
918 168 9 11 0.44702893 
185 15 11 13 0.44522136 
