20_Family_Group_Family_Group_20_556
20
505 277 37 50 0.9998135 
673 251 36 50 0.9997125 
932 237 41 50 0.99968386 
126 238 51 68 0.9996605 
624 267 41 55 0.99957913 
604 432 41 49 0.99956626 
432 253 44 64 0.99954873 
269 325 47 54 0.99953246 
730 353 40 53 0.99951863 
779 268 32 34 0.99945706 
350 317 35 37 0.9994326 
121 311 47 60 0.9994036 
700 499 39 44 0.99930584 
240 296 37 42 0.99928063 
356 260 43 55 0.99925166 
743 230 40 54 0.99916685 
412 359 47 51 0.9991105 
208 488 46 54 0.99898356 
182 231 40 56 0.9989208 
245 557 44 51 0.9980678 
