20_Family_Group_Family_Group_20_672
66
867 308 44 56 0.99990654 
106 486 40 50 0.9998124 
562 269 38 51 0.9995454 
688 275 43 50 0.999435 
214 303 40 50 0.99942374 
802 281 39 53 0.9994049 
357 275 41 49 0.99939907 
664 141 31 40 0.999373 
680 183 26 33 0.9993278 
809 901 26 34 0.9993048 
825 843 27 33 0.9990821 
740 890 26 33 0.99879575 
641 238 34 45 0.9987276 
306 142 33 45 0.9986785 
607 211 34 46 0.9986494 
310 251 33 43 0.9984269 
363 221 30 40 0.9984067 
756 345 40 51 0.99837804 
749 228 34 45 0.99836046 
436 153 34 44 0.9983411 
146 272 32 43 0.9981184 
309 865 29 40 0.99805164 
401 231 30 38 0.9979091 
568 875 30 36 0.9978734 
168 494 38 43 0.9978516 
100 265 43 50 0.99753064 
474 267 40 49 0.9974751 
356 847 27 36 0.9971198 
282 213 34 41 0.99702924 
450 1025 29 39 0.99693763 
191 223 37 46 0.9969116 
276 291 37 46 0.99686134 
573 487 38 47 0.99678504 
852 843 29 38 0.996449 
509 202 34 41 0.995774 
715 183 28 42 0.99572134 
107 947 26 33 0.9956707 
89 863 28 32 0.9950152 
424 269 37 43 0.99435484 
239 491 36 43 0.9941643 
305 824 26 34 0.9919205 
350 1024 31 33 0.9915494 
495 836 27 37 0.9911885 
394 875 27 30 0.99086446 
679 865 25 33 0.99042726 
264 872 25 36 0.9902442 
207 862 27 35 0.9875031 
821 1044 24 30 0.9818087 
538 210 27 38 0.981487 
129 870 27 32 0.9810104 
370 350 41 40 0.97910815 
589 343 36 39 0.9783281 
684 240 33 42 0.9749287 
648 1035 28 34 0.97268665 
429 837 25 33 0.9666327 
778 871 28 36 0.95950437 
254 1021 25 34 0.95780516 
739 1044 26 31 0.94991606 
608 843 26 35 0.9445931 
456 828 26 32 0.94455785 
509 1012 33 35 0.94221944 
553 827 26 32 0.94162 
160 1030 26 29 0.9257586 
651 852 26 34 0.9256882 
230 866 24 30 0.8716984 
160 1119 25 26 0.30817506 
