20_Family_Group_Family_Group_20_33
23
218 334 32 42 0.9997663 
250 303 33 46 0.999673 
594 411 36 43 0.9996728 
470 319 28 37 0.9996699 
437 306 27 33 0.9996574 
744 387 29 38 0.9996464 
899 331 36 44 0.9996394 
792 409 39 42 0.99963415 
635 337 26 34 0.9995765 
455 396 32 43 0.999493 
166 298 31 38 0.99943215 
87 331 35 43 0.9992747 
353 447 35 43 0.9992526 
360 331 28 38 0.99925035 
327 286 27 36 0.99921024 
697 401 35 41 0.9991303 
829 344 34 38 0.9989618 
262 398 35 44 0.9989202 
553 376 36 46 0.9984837 
122 297 33 46 0.9983833 
664 310 26 33 0.9981067 
550 342 24 29 0.9979267 
771 343 28 33 0.99680436 
