20_Family_Group_Family_Group_20_636
26
508 105 16 18 0.9991911 
886 96 18 22 0.9984971 
947 65 18 23 0.9969187 
620 106 17 21 0.99527645 
346 101 14 18 0.99219114 
664 117 14 18 0.99113524 
465 102 14 19 0.9857819 
391 110 14 17 0.9776895 
838 82 14 22 0.96684575 
299 90 14 20 0.95973414 
731 108 14 18 0.95663434 
260 362 53 52 0.942485 
431 117 13 16 0.9366776 
713 85 14 22 0.9318819 
268 112 18 22 0.9254941 
805 81 14 17 0.7840953 
775 128 15 19 0.6086829 
555 97 13 18 0.6077229 
258 100 15 18 0.5787261 
191 127 15 27 0.57528853 
235 118 10 16 0.54103714 
204 126 10 14 0.52021855 
495 107 17 21 0.5052964 
254 100 14 16 0.40344414 
851 123 14 21 0.3857209 
275 111 16 22 0.32178304 
