20_Family_Group_Family_Group_20_294
24
679 260 30 36 0.9997507 
651 362 30 35 0.99968886 
791 186 33 47 0.9996836 
563 276 29 38 0.9996767 
483 205 34 42 0.99967 
212 232 40 46 0.9996308 
584 228 28 34 0.9996264 
353 229 34 47 0.9996244 
841 253 34 40 0.99962115 
238 335 29 36 0.99953866 
173 179 33 43 0.99945146 
745 245 28 44 0.99939895 
395 184 32 39 0.99933857 
654 218 29 36 0.999298 
466 304 29 35 0.999275 
775 272 34 39 0.9992435 
550 363 29 32 0.99923277 
279 218 35 42 0.99914 
137 389 35 46 0.99912304 
121 269 29 28 0.99910945 
386 313 29 35 0.99881846 
700 196 29 37 0.9987012 
385 224 28 42 0.99832743 
536 178 30 37 0.9969693 
