54_Rescue_rescuepeople_54_581
59
887 312 9 13 0.90582204 
212 330 11 13 0.79834414 
372 353 11 13 0.7922963 
168 352 10 13 0.78035575 
540 335 10 14 0.7663699 
963 308 10 12 0.7586258 
903 208 8 10 0.74069625 
906 371 11 13 0.7187084 
421 329 10 16 0.7177279 
99 359 9 11 0.7117611 
91 337 10 12 0.68997556 
996 367 11 13 0.67900753 
506 181 10 12 0.66851676 
0 335 8 12 0.66554993 
233 193 10 12 0.6648317 
692 191 9 13 0.64961696 
596 353 9 15 0.64404196 
56 348 8 12 0.63696194 
851 182 9 11 0.63477796 
315 339 11 12 0.6281422 
882 196 9 10 0.6268489 
815 182 9 12 0.615461 
480 354 9 12 0.61531425 
968 191 9 12 0.6139707 
814 367 9 12 0.6011988 
249 186 8 11 0.5890805 
262 330 11 13 0.58145344 
959 195 8 11 0.56658566 
974 423 11 12 0.55816555 
804 194 9 10 0.55737984 
304 191 9 11 0.55044836 
937 197 8 12 0.5394623 
287 191 10 12 0.53814137 
33 185 9 12 0.53587025 
1013 373 10 12 0.52456206 
742 371 9 12 0.5113903 
625 186 9 13 0.51102835 
748 198 9 11 0.5073339 
452 192 9 11 0.5026519 
202 328 10 12 0.50120497 
654 199 8 10 0.49923897 
481 316 10 13 0.48059902 
210 202 8 10 0.47504422 
384 188 10 11 0.4510182 
691 373 9 12 0.4465269 
323 197 8 11 0.4424779 
106 193 9 12 0.43510962 
233 353 10 11 0.43016103 
363 360 8 11 0.4297811 
642 365 10 14 0.39800286 
361 342 8 11 0.39661106 
435 183 9 11 0.39101508 
976 200 8 12 0.36984828 
841 369 9 12 0.35588792 
404 179 9 11 0.3537204 
407 353 13 13 0.3510382 
539 369 8 11 0.34556603 
922 318 7 10 0.3204178 
915 200 7 10 0.31174102 
