9_Press_Conference_Press_Conference_9_31
34
46 285 14 17 0.98168325 
441 206 16 21 0.97725964 
588 210 14 18 0.96324736 
662 386 24 27 0.9122472 
263 375 24 34 0.9014944 
17 308 17 17 0.8471242 
121 374 13 22 0.84605116 
744 385 19 24 0.8414777 
310 432 21 22 0.83795667 
955 431 24 34 0.76617306 
79 377 17 24 0.7381401 
596 386 15 17 0.7350987 
1 409 28 43 0.7239813 
610 429 36 46 0.64485216 
944 216 24 21 0.6441934 
921 230 13 16 0.6416413 
340 385 18 26 0.61611974 
80 484 21 38 0.6067719 
84 337 14 15 0.5530477 
176 369 28 31 0.5491973 
878 390 21 26 0.52070576 
797 441 18 31 0.5030009 
66 381 24 26 0.47629648 
59 413 31 36 0.46984848 
957 219 14 15 0.45074698 
335 484 34 44 0.43829298 
189 371 23 32 0.4351604 
297 438 35 39 0.43127963 
158 426 23 34 0.41309458 
0 564 30 83 0.39831918 
412 385 15 17 0.35995477 
966 483 45 59 0.34083182 
701 506 59 53 0.33619145 
456 635 23 33 0.31247285 
