9_Press_Conference_Press_Conference_9_655
29
63 205 24 31 0.9997894 
956 212 29 43 0.99956137 
199 190 25 31 0.9994553 
662 215 40 60 0.9993699 
161 202 28 33 0.99936205 
757 205 28 41 0.99929154 
498 220 37 47 0.9991829 
885 210 28 40 0.9991297 
306 200 25 32 0.9985697 
793 240 52 61 0.9985606 
421 191 22 29 0.9984799 
135 222 23 32 0.9984073 
365 226 31 42 0.9978421 
941 182 31 41 0.99741924 
393 198 24 26 0.99616456 
846 188 25 35 0.99608946 
578 214 33 34 0.9958982 
725 190 25 26 0.9927209 
651 202 25 32 0.9900467 
545 184 25 30 0.98548883 
465 191 19 23 0.9805242 
137 199 24 27 0.9664402 
344 210 22 30 0.9396585 
709 189 21 28 0.93907565 
115 216 22 21 0.8831733 
232 215 26 30 0.8749796 
649 189 23 19 0.7253406 
485 200 26 31 0.64670455 
651 203 37 46 0.50058216 
