46_Jockey_Jockey_46_352
21
694 66 34 47 0.9997243 
302 250 43 55 0.99956685 
904 128 40 58 0.9995635 
422 73 35 44 0.9995472 
437 248 40 57 0.99951136 
339 43 32 48 0.9994708 
609 65 38 45 0.9993892 
520 71 35 45 0.99931717 
677 233 44 57 0.9992913 
496 184 34 44 0.9992889 
169 241 47 55 0.9992118 
812 224 44 58 0.9990934 
208 138 41 52 0.99906844 
89 148 45 54 0.99901783 
335 124 40 50 0.998965 
792 58 36 45 0.99887115 
559 241 40 55 0.9987924 
781 133 37 54 0.99875784 
221 44 38 51 0.99816495 
633 146 38 50 0.99795544 
776 445 21 20 0.33082685 
