10_People_Marching_People_Marching_2_2
23
951 467 36 61 0.9969837 
761 424 29 37 0.9935595 
663 478 26 54 0.99105376 
658 395 17 29 0.9651051 
658 433 19 33 0.95604503 
1002 422 22 32 0.9401595 
489 482 22 39 0.9218857 
903 407 17 25 0.8504935 
962 392 12 25 0.7892858 
161 425 11 21 0.6790347 
630 383 11 15 0.67863625 
996 354 9 12 0.6148595 
513 522 27 57 0.54053026 
295 394 10 16 0.53619343 
879 344 6 13 0.4547816 
793 386 11 17 0.45444393 
910 351 7 13 0.45209005 
814 399 9 17 0.4076536 
519 413 11 19 0.4050366 
902 410 12 19 0.3901001 
974 345 6 13 0.35586527 
725 395 10 16 0.34662375 
450 464 15 25 0.32727104 
