10_People_Marching_People_Marching_10_People_Marching_People_Marching_10_69
100
49 595 21 25 0.997855 
5 611 23 27 0.9948614 
208 607 20 24 0.9932138 
689 660 22 27 0.9905476 
959 630 23 28 0.9902298 
930 577 21 25 0.99022865 
877 649 20 28 0.9870521 
717 539 21 28 0.9868493 
997 595 17 23 0.9845782 
162 558 21 25 0.981229 
215 658 20 25 0.981077 
977 602 22 24 0.97952545 
995 526 20 21 0.97770804 
601 660 19 24 0.9741621 
155 413 15 19 0.97155535 
886 482 17 19 0.96955013 
0 660 19 25 0.9684363 
392 595 19 23 0.96727765 
476 562 16 20 0.9672037 
181 447 17 20 0.96380544 
471 502 16 19 0.9616627 
87 510 19 23 0.96125215 
133 663 24 23 0.96045697 
303 603 18 24 0.9600502 
841 477 17 22 0.9582634 
178 653 19 24 0.9564602 
119 618 20 24 0.95637333 
258 637 19 20 0.956311 
745 574 20 25 0.9557367 
116 330 14 19 0.95541686 
512 564 18 24 0.9534252 
607 553 19 26 0.95308393 
881 576 19 27 0.95071304 
728 501 18 22 0.9499852 
161 513 17 23 0.94963896 
503 496 17 20 0.94654536 
359 629 20 26 0.9440061 
401 575 19 24 0.93792343 
237 355 15 20 0.9377562 
932 446 17 20 0.9358425 
583 625 19 24 0.93356097 
755 617 22 28 0.9324436 
168 487 18 25 0.9244938 
130 478 15 18 0.9211401 
401 525 16 23 0.9209968 
949 477 19 20 0.9188607 
840 614 20 26 0.9158911 
796 544 17 20 0.9073911 
822 571 19 27 0.9056523 
93 644 24 29 0.9005704 
438 619 18 18 0.8986655 
106 250 13 17 0.89546216 
222 518 17 19 0.89533985 
491 544 18 24 0.89426076 
869 543 18 21 0.8934584 
505 672 24 24 0.89246434 
543 540 16 18 0.8887589 
193 424 16 17 0.8884257 
308 501 17 20 0.888326 
819 670 22 23 0.88822675 
767 444 16 20 0.88820314 
598 510 19 18 0.8878078 
887 632 20 23 0.88754404 
424 490 16 21 0.8836992 
561 533 18 23 0.8820773 
760 506 17 19 0.87891996 
534 608 19 26 0.87814295 
302 481 16 19 0.87609786 
396 504 18 22 0.8758002 
682 419 13 17 0.8707615 
631 495 15 19 0.8696672 
535 465 18 23 0.8626386 
653 456 17 24 0.86082464 
358 534 17 23 0.85802233 
884 323 14 16 0.8556569 
441 475 15 19 0.8463345 
231 550 18 21 0.8449695 
576 495 16 18 0.83902466 
818 526 16 20 0.8387193 
251 406 15 19 0.836048 
104 318 13 16 0.8350081 
98 566 19 24 0.8281146 
272 563 19 21 0.8230773 
882 443 18 23 0.81924015 
744 391 12 16 0.81857234 
425 451 15 18 0.81681156 
734 309 13 15 0.8164879 
907 470 15 17 0.8146443 
117 593 18 18 0.8143103 
332 612 19 26 0.8077087 
780 503 15 17 0.80286086 
1001 202 14 15 0.80058616 
225 484 17 22 0.79763645 
759 651 21 20 0.7939265 
243 610 20 21 0.7883785 
93 244 12 15 0.78398734 
847 423 17 15 0.78364825 
448 372 14 17 0.7835233 
501 434 16 20 0.78091794 
428 315 13 14 0.7791707 
