10_People_Marching_People_Marching_2_36
40
814 333 30 34 0.99882466 
949 334 34 42 0.9987998 
559 327 25 32 0.9981772 
306 336 31 36 0.99804604 
503 316 27 40 0.99707174 
754 320 25 30 0.996181 
223 317 24 33 0.9958263 
258 324 25 33 0.99540365 
430 305 23 30 0.99442214 
649 304 25 33 0.99381 
154 305 23 32 0.9919701 
699 304 26 35 0.9910943 
385 297 23 28 0.99000096 
59 238 15 17 0.98663425 
468 308 26 33 0.9815606 
33 288 15 17 0.97578037 
13 313 15 16 0.97446024 
853 293 15 17 0.9637991 
1006 290 13 18 0.96239287 
190 310 22 32 0.9515412 
973 294 14 17 0.91162866 
813 292 15 19 0.88839304 
114 290 18 26 0.8651006 
93 309 13 18 0.8468879 
595 276 13 18 0.8461536 
933 295 11 17 0.84503514 
718 283 13 15 0.8250777 
963 278 13 17 0.82203573 
673 272 13 18 0.8060025 
830 292 15 18 0.8053952 
905 303 11 16 0.7589146 
343 289 21 28 0.7296665 
517 291 23 29 0.71243507 
323 291 21 25 0.6162753 
49 408 14 17 0.555946 
137 297 17 24 0.5398229 
634 291 14 22 0.5159048 
558 295 21 25 0.4781079 
122 292 18 24 0.33374077 
254 236 15 11 0.31354326 
