10_People_Marching_People_Marching_2_591
35
850 181 31 36 0.99881184 
894 157 45 51 0.9979746 
672 191 22 28 0.9881213 
756 193 27 33 0.9808925 
597 184 21 27 0.8865118 
212 186 19 22 0.84725046 
39 175 19 24 0.78320795 
153 186 17 20 0.77487403 
845 1242 19 25 0.65476805 
460 184 17 25 0.6477025 
85 177 17 22 0.64733046 
425 1217 21 25 0.6279945 
540 1223 19 24 0.6092788 
335 190 17 19 0.5844911 
574 1253 20 24 0.53098387 
620 1226 18 21 0.49450046 
611 1279 20 24 0.4705672 
530 1275 18 23 0.46657676 
279 189 16 21 0.45991734 
513 1182 19 24 0.4561647 
157 1376 20 30 0.4469005 
354 1251 19 26 0.43906802 
370 202 16 20 0.4226448 
395 1225 22 35 0.4104134 
875 1339 17 27 0.40614405 
771 1265 18 24 0.35545045 
454 1195 21 25 0.33838287 
486 1267 18 25 0.33323187 
567 1301 17 24 0.32924333 
640 1343 18 22 0.31708735 
39 1186 18 23 0.31587145 
499 1227 18 23 0.30897918 
506 1119 19 20 0.30810294 
383 1168 16 21 0.30807388 
100 1171 22 25 0.30110297 
