10_People_Marching_People_Marching_2_373
100
144 505 44 50 0.9995722 
110 426 39 44 0.9987897 
767 496 39 53 0.997883 
250 465 41 47 0.9974274 
73 473 36 43 0.99737084 
985 244 30 33 0.9971432 
569 302 30 40 0.99671775 
353 436 44 55 0.99650997 
694 482 45 51 0.99648666 
291 469 33 43 0.9964232 
382 189 29 37 0.99557614 
251 401 38 46 0.9945663 
170 384 35 41 0.9942924 
994 79 25 29 0.9938646 
512 414 39 48 0.993224 
273 364 39 46 0.9922449 
969 91 26 32 0.99181247 
153 347 32 35 0.99073875 
393 347 37 42 0.9902839 
136 314 34 37 0.99025106 
699 338 32 39 0.98948693 
23 319 36 42 0.98931175 
912 150 27 32 0.98763126 
809 298 36 38 0.9874078 
981 152 27 33 0.98740107 
259 263 29 36 0.98699373 
934 73 23 30 0.9864769 
757 337 31 36 0.985649 
943 207 29 30 0.98443735 
283 295 35 41 0.9838365 
979 438 28 35 0.9837397 
695 296 27 32 0.98309094 
992 482 31 36 0.9826025 
629 472 40 46 0.98112524 
521 260 29 30 0.9805489 
954 503 41 47 0.97823536 
462 326 35 43 0.97790956 
369 383 29 36 0.97634727 
773 189 26 33 0.97618836 
414 424 41 50 0.9758136 
967 190 25 29 0.97491294 
269 203 28 28 0.9745336 
223 308 31 42 0.97424114 
339 168 24 30 0.97313166 
876 100 27 30 0.9718839 
314 208 28 33 0.971781 
886 174 28 30 0.96704304 
912 229 30 36 0.9664705 
168 291 32 43 0.96348244 
696 201 30 33 0.96037996 
185 436 29 42 0.9601035 
757 272 33 40 0.95894784 
869 401 41 51 0.9573609 
623 175 25 31 0.95642245 
270 96 24 32 0.9551364 
672 438 36 41 0.9527525 
919 381 34 41 0.9526637 
356 77 20 25 0.9511935 
774 148 23 26 0.9447948 
84 189 27 29 0.94431233 
54 306 30 41 0.9429226 
711 173 30 35 0.94139385 
315 540 50 37 0.94135135 
52 258 25 33 0.9403514 
726 88 24 27 0.9372338 
264 138 27 32 0.9361502 
49 430 36 41 0.9340832 
838 76 25 27 0.9302647 
254 167 22 26 0.92771256 
90 376 32 41 0.92762035 
446 385 33 39 0.9256294 
791 374 38 44 0.9228513 
174 495 26 50 0.92214435 
766 115 26 27 0.9205973 
203 260 34 36 0.9204149 
54 540 40 37 0.9152105 
924 120 26 28 0.9133847 
859 293 35 38 0.9120234 
620 115 24 26 0.91187507 
122 8 17 20 0.9116715 
846 237 30 33 0.9114883 
478 41 22 25 0.90637535 
774 89 23 26 0.90054834 
841 156 25 28 0.8973254 
123 386 34 35 0.8959679 
184 123 20 26 0.8939563 
956 285 32 38 0.8924771 
808 145 26 29 0.89112425 
925 291 31 36 0.88986087 
865 135 24 29 0.8889136 
556 391 33 39 0.88262415 
366 136 29 34 0.88138145 
347 51 21 24 0.86556673 
757 29 20 22 0.864664 
233 538 38 39 0.8554817 
284 17 18 21 0.8535645 
791 67 23 25 0.8524574 
404 55 21 23 0.8505787 
370 106 29 30 0.84640324 
158 7 17 21 0.84485996 
