10_People_Marching_People_Marching_10_People_Marching_People_Marching_10_447
100
176 829 23 29 0.98268455 
639 674 23 25 0.96324533 
927 617 22 28 0.94313353 
36 686 23 28 0.9366191 
493 790 41 43 0.93481904 
793 705 22 25 0.93365693 
214 882 27 30 0.91590047 
569 751 26 32 0.915468 
253 809 22 27 0.91307944 
992 524 22 25 0.90895516 
69 445 23 26 0.90342504 
409 454 23 28 0.9004471 
611 692 21 25 0.8997901 
852 653 22 27 0.89711803 
134 796 20 25 0.89126843 
769 744 23 28 0.8904153 
13 289 22 28 0.88326174 
993 366 21 25 0.8811453 
966 473 25 33 0.8778792 
277 547 20 25 0.86912864 
413 351 22 23 0.8526841 
979 269 21 23 0.8195672 
254 73 22 23 0.8026671 
249 485 23 25 0.80001885 
301 399 20 23 0.7910205 
600 158 19 25 0.7742924 
522 353 20 23 0.771373 
489 327 20 23 0.77063775 
873 625 19 28 0.7641492 
685 768 44 44 0.7632748 
84 193 23 25 0.7620349 
861 472 21 24 0.76155424 
108 59 19 21 0.7527687 
463 481 27 28 0.73867005 
681 365 20 23 0.72565186 
190 125 19 20 0.7243039 
310 642 21 24 0.71950006 
933 328 17 22 0.71903324 
383 647 21 23 0.71768093 
171 473 22 22 0.706441 
883 407 23 24 0.7063856 
563 331 20 22 0.7061081 
108 536 20 24 0.7003613 
951 24 18 25 0.6914094 
328 426 21 24 0.6861501 
13 453 21 25 0.6830017 
621 3 18 23 0.67286825 
807 636 19 26 0.66658497 
992 344 18 22 0.65710545 
964 393 23 26 0.6559917 
78 892 28 30 0.6521011 
774 500 20 26 0.64969236 
686 268 19 21 0.6453202 
832 526 20 27 0.64245284 
503 37 18 25 0.6358656 
257 570 20 23 0.634832 
188 576 19 23 0.6304548 
615 366 21 23 0.62588257 
719 46 19 25 0.62376404 
567 275 20 24 0.6200315 
646 269 20 24 0.6163601 
179 605 23 23 0.6139947 
169 540 21 21 0.61060274 
480 114 21 20 0.6060974 
297 334 19 22 0.6027601 
2 247 19 22 0.6011076 
263 439 19 24 0.5941198 
810 312 21 22 0.5853183 
926 389 19 23 0.5772309 
283 369 18 23 0.56123734 
769 357 19 23 0.56019175 
338 251 21 22 0.55832064 
233 637 20 26 0.55623996 
144 346 18 22 0.5457125 
363 539 19 25 0.54542404 
556 630 24 27 0.5350068 
671 138 29 31 0.53454036 
20 157 22 20 0.5257783 
402 86 21 22 0.52533853 
902 729 20 26 0.5206981 
321 6 20 23 0.51840794 
929 736 26 38 0.51809394 
671 510 21 25 0.5163354 
37 780 23 30 0.51408523 
704 20 19 24 0.50747365 
294 232 20 21 0.5038097 
407 799 32 33 0.50352216 
546 134 19 19 0.50236547 
206 60 17 19 0.5013893 
56 581 19 25 0.49652037 
150 175 19 23 0.4940355 
214 97 18 22 0.49387753 
39 836 29 35 0.48686546 
974 355 18 21 0.4854219 
74 650 18 24 0.4788443 
854 292 19 21 0.4621386 
697 89 19 21 0.46133885 
222 338 19 21 0.45987377 
880 3 18 20 0.45764446 
125 453 21 22 0.4547713 
