10_People_Marching_People_Marching_2_40
57
522 522 85 98 0.9985864 
585 275 42 49 0.9979386 
46 133 39 46 0.9969029 
166 219 35 49 0.9963393 
666 203 41 55 0.9957058 
266 116 28 35 0.993321 
355 126 27 34 0.9912736 
716 270 49 61 0.990833 
401 157 28 35 0.9869834 
943 247 47 53 0.98450524 
496 148 26 29 0.9800454 
834 240 55 70 0.96935207 
93 90 24 27 0.96019495 
229 92 21 25 0.95871985 
136 79 27 34 0.9558898 
683 250 39 51 0.94908637 
473 107 19 26 0.9265431 
420 100 21 28 0.92507213 
515 86 19 25 0.91500294 
679 97 20 24 0.8975158 
315 137 31 41 0.8912364 
711 368 36 53 0.8776437 
82 442 85 124 0.853317 
230 200 29 36 0.851251 
817 146 22 32 0.8419215 
987 345 37 60 0.82688355 
699 45 14 15 0.8214407 
711 84 15 19 0.8040537 
253 85 20 24 0.79293096 
589 129 24 33 0.76627004 
821 54 13 15 0.74357957 
466 43 13 16 0.73594046 
521 43 12 15 0.73476475 
564 65 15 16 0.72556084 
382 87 19 26 0.67442155 
513 49 12 16 0.64401644 
854 53 12 15 0.6212429 
764 89 22 25 0.61130226 
716 53 13 16 0.5928821 
573 45 13 16 0.5848766 
63 64 15 17 0.5785374 
742 64 12 16 0.5779007 
53 342 51 59 0.57699394 
934 166 19 21 0.57144916 
769 212 32 27 0.56390417 
656 58 12 14 0.535126 
759 48 12 15 0.52282715 
782 204 33 33 0.51789045 
410 45 14 15 0.514352 
790 121 20 25 0.4953763 
948 203 36 39 0.4629145 
100 135 26 36 0.46183884 
666 47 12 15 0.43036464 
797 67 11 16 0.38593262 
282 48 19 22 0.35679126 
164 53 18 20 0.34375376 
868 55 12 15 0.30040875 
