10_People_Marching_People_Marching_10_People_Marching_People_Marching_10_240
48
910 433 114 119 0.9998399 
411 317 110 141 0.99978036 
242 308 64 82 0.9990916 
1 238 35 38 0.99783605 
222 270 31 43 0.9963211 
418 235 42 55 0.9959235 
611 237 49 56 0.9933862 
129 212 27 35 0.9923764 
715 244 24 31 0.99165803 
380 253 24 35 0.9888144 
292 270 35 48 0.9850006 
217 226 26 31 0.9844769 
328 230 25 39 0.98195213 
691 261 24 34 0.95558614 
197 199 17 21 0.95517766 
553 226 21 26 0.94829917 
165 199 23 30 0.9189593 
797 308 31 43 0.8890481 
536 211 16 20 0.8764435 
930 269 47 47 0.86344594 
888 218 19 23 0.84632033 
262 213 18 23 0.8450687 
492 214 17 25 0.8305404 
840 265 24 34 0.8273641 
741 218 15 17 0.8257332 
140 191 13 15 0.7626576 
1000 215 15 17 0.75473803 
223 207 15 19 0.7129134 
681 231 18 23 0.68190986 
268 523 35 61 0.6600162 
516 241 29 37 0.6555369 
340 218 13 14 0.6422552 
158 509 57 55 0.62996477 
162 191 13 17 0.5969779 
107 196 14 16 0.5823696 
849 214 14 18 0.5434747 
834 209 13 18 0.5315736 
1011 222 13 27 0.41850427 
233 190 11 13 0.39610103 
798 218 12 15 0.3868556 
37 149 55 34 0.3421696 
766 205 10 12 0.32890975 
778 233 13 16 0.32541448 
238 180 10 11 0.32534778 
737 240 18 21 0.3232267 
827 275 23 30 0.32009277 
458 238 22 34 0.31525528 
813 311 31 39 0.31134608 
