10_People_Marching_People_Marching_2_34
38
623 718 35 45 0.9957403 
525 713 31 37 0.991771 
83 735 22 27 0.98755604 
714 702 24 31 0.98497635 
994 722 30 39 0.98389155 
670 708 25 31 0.9687742 
590 689 23 29 0.9418293 
101 683 15 20 0.9100516 
864 722 30 34 0.90087456 
836 671 20 25 0.8944256 
405 720 16 23 0.87001073 
174 751 29 18 0.86798626 
305 717 18 22 0.86203486 
174 689 16 18 0.7872135 
515 690 19 31 0.7766313 
39 686 13 15 0.6743468 
760 747 29 22 0.6626843 
261 671 13 15 0.6282207 
225 678 15 21 0.5593693 
810 638 14 16 0.54267514 
382 671 14 17 0.523296 
399 657 16 21 0.52227175 
446 686 15 17 0.5198744 
222 732 15 21 0.49742326 
422 691 12 19 0.45958194 
370 641 12 15 0.43014136 
456 637 13 15 0.43006006 
508 670 15 15 0.4174935 
1001 653 11 18 0.38887277 
167 635 12 16 0.38315874 
703 683 18 21 0.379822 
845 647 14 17 0.37581167 
342 642 12 17 0.35019115 
97 684 10 19 0.34854326 
673 743 23 25 0.3146835 
994 626 11 16 0.3047372 
665 668 12 16 0.30331004 
244 641 12 16 0.30267286 
