10_People_Marching_People_Marching_2_277
27
48 188 48 60 0.9991284 
838 186 24 29 0.998198 
621 187 31 37 0.99645966 
327 178 23 28 0.9913244 
368 184 26 31 0.9911542 
940 185 15 18 0.98666686 
913 184 22 25 0.9864073 
755 189 25 31 0.9858715 
670 189 22 30 0.9698528 
258 167 22 26 0.9647331 
416 176 38 44 0.95170397 
503 193 24 30 0.9468189 
972 193 17 18 0.93722594 
818 187 19 25 0.93623006 
869 194 16 17 0.9239867 
1009 184 15 16 0.85002434 
226 171 20 26 0.8372674 
20 200 13 17 0.7565516 
6 202 15 19 0.6586538 
734 191 13 17 0.6105711 
558 177 11 15 0.5692207 
789 192 14 19 0.5118994 
716 188 10 13 0.49291784 
793 193 18 22 0.47550008 
11 199 22 22 0.4549904 
469 178 17 21 0.41397098 
868 232 23 29 0.31886092 
