35_Basketball_playingbasketball_35_495
27
542 400 94 75 0.9990459 
341 756 63 73 0.9988397 
0 776 93 72 0.9986192 
823 820 64 71 0.99439996 
174 1115 25 35 0.8794743 
739 1059 22 29 0.83546937 
179 922 25 31 0.8020969 
250 1104 26 33 0.79820967 
741 989 24 31 0.7646118 
1002 1091 21 35 0.7052111 
685 959 23 27 0.6795684 
204 963 23 33 0.66604525 
233 1152 24 34 0.65469384 
721 900 20 20 0.6007582 
670 985 21 25 0.5806462 
519 473 27 34 0.57430404 
593 710 18 21 0.5109959 
225 741 22 29 0.3789793 
769 895 18 22 0.36216307 
717 1085 27 35 0.35221627 
591 685 17 19 0.35058102 
338 735 21 24 0.33659303 
727 812 20 25 0.32607308 
79 838 31 40 0.32475612 
287 703 19 23 0.32096386 
722 849 19 22 0.3114721 
770 855 20 23 0.30870944 
