35_Basketball_basketballgame_ball_35_662
31
597 48 51 64 0.9995221 
479 82 54 67 0.9995177 
798 127 54 63 0.99945897 
683 120 52 61 0.9993332 
65 103 41 54 0.9993224 
208 145 41 55 0.9983424 
804 38 32 36 0.99401516 
244 67 35 38 0.98965186 
362 135 34 41 0.9859049 
756 0 29 35 0.9851009 
287 133 32 39 0.9829397 
115 111 33 36 0.97832334 
307 96 31 39 0.97699773 
710 81 30 38 0.96208483 
110 65 31 37 0.95131713 
684 50 32 35 0.9440775 
278 0 32 27 0.93712467 
844 141 27 39 0.93499994 
741 130 34 37 0.93066823 
379 70 28 34 0.9112766 
0 171 25 41 0.900029 
428 11 27 36 0.89605474 
661 2 27 34 0.8909769 
169 0 32 33 0.8839883 
493 0 27 18 0.8545124 
230 121 32 44 0.8480988 
557 31 27 33 0.83862484 
63 39 27 34 0.81448495 
36 114 28 33 0.8129005 
409 145 32 35 0.44424224 
979 141 35 49 0.31169286 
