35_Basketball_basketballgame_ball_35_565
20
700 388 23 25 0.96213096 
784 470 25 34 0.9528703 
800 425 23 28 0.93281806 
866 431 23 29 0.9306885 
591 473 19 26 0.91574264 
255 455 21 25 0.8707166 
876 462 21 22 0.8528841 
578 423 18 23 0.83462507 
881 354 21 27 0.82103443 
782 382 19 26 0.73942083 
964 282 18 23 0.60930306 
171 456 18 18 0.5629859 
792 316 16 20 0.48048955 
899 289 17 23 0.47212377 
825 382 20 24 0.46686307 
531 447 17 24 0.46545205 
798 334 16 20 0.42690542 
949 354 18 24 0.33025667 
706 481 22 26 0.3114464 
516 432 17 22 0.3030135 
