35_Basketball_basketballgame_ball_35_256
22
529 56 63 91 0.99981254 
228 71 54 63 0.99910825 
468 158 41 58 0.9828864 
761 351 48 58 0.9763134 
936 355 47 57 0.9675326 
870 327 41 55 0.9463995 
362 58 39 51 0.9384183 
886 373 39 47 0.854261 
357 154 32 43 0.8470435 
949 53 32 39 0.8364631 
663 265 46 50 0.82759947 
721 240 40 52 0.8244095 
985 339 33 56 0.82339406 
757 321 41 48 0.7987057 
954 164 43 50 0.7903135 
276 130 37 61 0.7858253 
778 110 33 47 0.7321475 
851 195 31 43 0.6563098 
921 117 30 41 0.6364647 
736 147 41 50 0.48548532 
541 12 39 59 0.40657276 
968 198 55 125 0.3061178 
