35_Basketball_playingbasketball_35_674
38
371 148 62 81 0.9996978 
980 25 41 81 0.9981042 
186 137 45 57 0.9957425 
635 40 45 87 0.99232215 
599 275 32 42 0.9614133 
17 234 33 42 0.9604451 
646 259 36 45 0.93487364 
860 259 31 38 0.9297739 
0 87 26 47 0.8924258 
152 64 35 44 0.8852441 
562 101 28 37 0.87212116 
786 87 25 33 0.86228245 
266 83 31 40 0.86030644 
88 7 33 35 0.8536562 
289 115 30 38 0.83835727 
170 15 32 37 0.80077404 
357 91 26 34 0.76373255 
874 165 29 34 0.7430295 
602 26 21 28 0.6927371 
803 51 21 31 0.68012875 
451 47 25 32 0.65371996 
213 74 28 35 0.6320272 
1000 250 23 25 0.6248649 
408 19 24 34 0.6149693 
839 135 25 30 0.6109568 
451 18 25 31 0.60848606 
506 33 21 26 0.59717196 
350 11 24 31 0.5956824 
949 251 24 28 0.56046325 
578 74 21 27 0.53662044 
900 79 24 27 0.5249997 
979 124 21 26 0.4584398 
931 85 19 26 0.45260906 
554 35 21 28 0.41949007 
478 107 23 29 0.39630276 
818 157 26 35 0.37703916 
973 181 23 28 0.3577305 
744 50 21 25 0.34928817 
