61_Street_Battle_streetfight_61_430
37
138 451 18 20 0.9973808 
951 433 21 25 0.99701947 
570 470 27 35 0.9947082 
453 452 19 19 0.9930228 
916 582 23 25 0.9927067 
841 461 18 18 0.9903593 
232 463 20 24 0.9881853 
518 458 21 23 0.9870107 
863 485 19 23 0.9861166 
912 391 14 16 0.9845591 
199 461 16 19 0.97472364 
690 453 19 21 0.96044046 
34 453 19 21 0.95795065 
916 429 27 27 0.9523259 
290 453 18 23 0.9390084 
797 459 13 15 0.9371879 
89 460 19 24 0.92711276 
978 452 15 13 0.9101358 
622 466 23 22 0.8926463 
756 450 27 29 0.7797308 
273 460 12 16 0.77114516 
428 475 20 24 0.75549185 
368 458 21 34 0.75472975 
708 451 27 32 0.7025115 
65 447 17 16 0.63916886 
476 453 14 15 0.5595719 
594 517 41 56 0.5592893 
549 468 19 19 0.5519956 
596 445 14 16 0.55020285 
725 502 53 41 0.5331469 
162 459 19 20 0.5105102 
860 456 15 13 0.46636978 
139 380 15 14 0.4377599 
289 459 20 24 0.4223393 
970 546 38 60 0.36940512 
840 482 22 25 0.36059496 
746 24 18 18 0.32915246 
