35_Basketball_Basketball_35_327
25
84 163 27 34 0.9998258 
540 154 27 34 0.99980336 
384 175 23 27 0.9997521 
25 176 23 31 0.9997408 
828 148 26 33 0.9996643 
791 171 29 37 0.9996524 
465 180 22 28 0.99962676 
915 143 40 51 0.9994821 
186 181 18 26 0.99936 
738 155 23 32 0.99930036 
969 185 30 35 0.9992374 
435 163 20 24 0.9990502 
665 154 26 30 0.99902475 
764 146 27 35 0.99875975 
598 163 21 25 0.99858034 
249 169 21 26 0.9985734 
637 172 21 24 0.9982918 
409 228 53 85 0.9974356 
324 184 18 24 0.9964014 
982 160 24 26 0.9960336 
491 178 19 22 0.9952041 
509 194 18 20 0.9863187 
563 161 17 24 0.9581802 
368 405 86 88 0.4242361 
508 364 29 24 0.36958393 
