35_Basketball_basketballgame_ball_35_709
100
884 1011 29 36 0.99908173 
767 998 32 42 0.9985875 
524 406 71 67 0.99855083 
221 1009 37 39 0.99850523 
5 1004 35 45 0.9956365 
182 985 33 39 0.99461186 
347 964 28 35 0.994449 
62 986 32 39 0.993893 
288 993 33 38 0.991959 
994 977 27 37 0.9880782 
1002 999 22 37 0.9869379 
865 977 21 27 0.98248625 
938 981 24 29 0.98207825 
395 871 21 27 0.9776014 
995 931 19 27 0.9776003 
786 974 23 38 0.9728716 
497 993 24 37 0.97040635 
853 919 19 28 0.97013366 
910 955 19 26 0.9646895 
173 941 22 28 0.9640847 
906 926 20 24 0.96280646 
975 863 18 24 0.9574397 
140 824 21 29 0.95531034 
933 907 18 24 0.95467883 
896 978 28 35 0.9502194 
136 959 25 32 0.9492393 
998 813 18 25 0.93999064 
268 987 26 34 0.93570715 
798 807 20 24 0.9343809 
415 756 19 23 0.9266642 
355 753 18 23 0.9222867 
783 714 16 22 0.9200839 
389 787 20 24 0.91232795 
54 960 22 28 0.88776493 
870 861 17 25 0.885194 
2 966 25 36 0.8843666 
325 778 18 26 0.8822745 
354 834 21 24 0.8660839 
1 887 20 27 0.8592893 
106 829 21 25 0.85287994 
975 832 18 26 0.8505963 
263 778 19 23 0.83747613 
914 865 17 25 0.8363407 
985 720 18 21 0.83142966 
162 992 22 32 0.827882 
36 986 28 38 0.818508 
49 634 19 26 0.80396587 
248 931 21 27 0.8013349 
754 966 17 25 0.7872408 
28 775 17 24 0.7745223 
829 719 17 25 0.76503474 
55 807 20 21 0.76371574 
927 734 16 22 0.7597606 
984 779 18 22 0.7558762 
974 913 16 22 0.7507282 
794 835 17 24 0.7470392 
768 922 18 27 0.74354535 
20 857 19 25 0.7325201 
926 804 19 27 0.7211595 
946 655 18 21 0.7139169 
0 811 11 24 0.70965314 
976 759 17 23 0.7081589 
98 932 23 25 0.70350015 
279 755 16 20 0.69895685 
307 806 18 24 0.69534147 
950 684 16 22 0.6933275 
16 618 16 23 0.6920311 
965 968 20 26 0.6875029 
296 685 17 24 0.68228126 
643 658 56 69 0.6821898 
219 758 17 21 0.6803614 
881 735 16 24 0.67240834 
806 781 17 22 0.662565 
241 734 16 24 0.6602977 
156 710 18 24 0.65707713 
231 686 16 21 0.65218985 
193 662 18 21 0.63919026 
833 773 15 22 0.63683856 
506 938 21 27 0.6280885 
303 731 17 21 0.6267909 
147 673 16 22 0.6207414 
245 624 17 24 0.61625975 
440 703 15 24 0.60129917 
108 645 16 21 0.58887684 
793 644 15 21 0.5782451 
189 731 16 22 0.56975555 
910 835 18 21 0.55536246 
270 706 17 21 0.5391436 
392 629 15 21 0.5388467 
264 956 28 36 0.53450173 
83 860 18 24 0.5315329 
322 703 17 22 0.49408197 
808 1005 31 36 0.48362407 
974 608 15 19 0.4737926 
363 719 17 22 0.46881843 
331 647 15 22 0.4568274 
675 568 19 22 0.45490316 
183 615 15 20 0.45185542 
380 709 18 25 0.44543454 
861 812 16 23 0.44307807 
