35_Basketball_basketballgame_ball_35_389
21
506 227 35 61 0.9987312 
624 587 15 25 0.9906082 
972 585 32 45 0.964315 
566 618 11 19 0.9575775 
502 584 10 15 0.8985614 
322 614 10 17 0.77544314 
223 612 8 13 0.7580575 
63 582 7 10 0.7557036 
256 626 10 14 0.6692888 
17 611 9 12 0.6052661 
136 587 8 13 0.5672682 
982 399 7 11 0.5601701 
544 631 10 9 0.55217284 
27 596 9 11 0.53207743 
152 625 11 12 0.5239858 
138 568 7 12 0.48474947 
927 401 9 14 0.47797346 
158 590 7 11 0.4457088 
547 612 9 13 0.43286076 
343 564 8 12 0.3410891 
112 571 7 12 0.31692606 
