46_Jockey_Jockey_46_909
20
508 287 26 37 0.99971074 
496 551 53 70 0.99876535 
785 185 15 19 0.99752456 
458 418 40 45 0.99726605 
694 181 13 20 0.99425393 
773 211 13 17 0.99124265 
910 274 24 34 0.98657113 
650 247 16 23 0.98619926 
274 182 14 16 0.98610723 
643 190 12 16 0.98574823 
482 185 10 20 0.96093905 
219 568 42 73 0.95158994 
741 267 17 23 0.8867657 
487 153 8 14 0.8632676 
736 177 12 18 0.7475566 
358 195 10 14 0.7399867 
535 161 8 12 0.6382245 
730 328 16 32 0.5152266 
740 178 12 17 0.47150534 
648 286 16 23 0.3802692 
