46_Jockey_Jockey_46_79
20
393 246 38 55 0.99937385 
596 43 35 51 0.9993298 
557 84 34 50 0.99926716 
428 171 39 53 0.99924845 
321 239 45 60 0.99914134 
663 20 32 46 0.9990646 
417 223 31 51 0.99867177 
623 29 26 41 0.9942299 
538 41 39 43 0.98841816 
298 296 37 42 0.9600252 
253 341 39 43 0.9550074 
537 106 21 41 0.9355095 
197 404 21 46 0.8141993 
285 336 25 46 0.8060452 
460 154 29 41 0.71789235 
677 0 32 22 0.69437575 
447 154 27 39 0.49604452 
254 379 18 45 0.4814918 
199 481 23 48 0.34183112 
451 158 31 44 0.3197094 
