0_Parade_marchingband_1_620
26
795 411 37 37 0.99739826 
911 324 31 37 0.9943203 
661 335 26 34 0.9850456 
841 353 24 27 0.98064166 
954 234 18 19 0.9801135 
764 337 30 38 0.9363316 
604 241 23 23 0.9353226 
117 274 23 28 0.93196917 
440 243 19 21 0.9281707 
858 204 20 20 0.9122654 
819 252 22 28 0.89585596 
325 243 21 21 0.8925232 
192 176 21 22 0.8405215 
0 203 36 31 0.821163 
337 243 19 22 0.814679 
289 239 15 16 0.7728515 
255 200 18 20 0.7691831 
902 216 19 23 0.74477684 
763 212 16 16 0.6138402 
670 340 24 28 0.5572955 
464 191 17 23 0.53588927 
86 197 13 12 0.5318981 
973 216 19 20 0.42219615 
133 235 23 23 0.36861295 
328 250 25 21 0.36281765 
768 217 13 12 0.32946426 
