0_Parade_Parade_0_317
42
563 126 16 15 0.9738225 
159 89 21 20 0.89804655 
260 98 16 19 0.8806165 
998 99 24 20 0.8627073 
307 77 18 19 0.8545065 
604 106 19 19 0.83511513 
115 73 32 33 0.8242951 
958 108 20 18 0.80036163 
220 98 16 17 0.7889138 
246 89 14 18 0.7666949 
387 122 16 15 0.7570058 
927 74 16 12 0.7417535 
31 90 32 21 0.6654498 
640 78 17 16 0.66216093 
508 90 23 22 0.6518283 
995 82 29 37 0.6474308 
481 92 22 16 0.63260216 
171 205 25 25 0.62390614 
275 103 14 12 0.6217893 
428 87 16 12 0.6188076 
299 99 18 18 0.6152458 
542 91 18 20 0.6141059 
354 126 16 13 0.6102112 
381 83 15 17 0.60093546 
834 71 15 13 0.59724504 
100 69 17 14 0.5826705 
175 104 16 15 0.55676174 
788 61 23 18 0.49034542 
684 79 26 21 0.48940736 
953 62 25 21 0.47475123 
1002 82 21 23 0.45503548 
565 80 24 20 0.44504568 
430 334 99 72 0.43108553 
625 88 15 14 0.40833598 
327 74 16 15 0.4071343 
862 227 34 25 0.3904981 
193 105 24 22 0.37195763 
516 103 23 18 0.36811885 
656 82 15 11 0.3561734 
119 86 24 22 0.3352121 
343 63 25 15 0.327922 
856 225 49 37 0.3094727 
