0_Parade_Parade_0_120
23
110 303 41 48 0.99984455 
950 305 43 51 0.99979144 
524 335 34 30 0.9995808 
326 315 18 19 0.9994351 
665 327 15 17 0.99405515 
45 323 24 31 0.9897854 
442 326 17 18 0.98664504 
627 320 15 16 0.9846675 
491 316 19 21 0.9846086 
392 332 16 18 0.95931983 
696 321 15 14 0.94062895 
25 380 26 24 0.9279403 
228 338 20 26 0.91896796 
564 319 12 14 0.87022346 
745 311 14 16 0.8569143 
287 343 17 15 0.80831176 
235 341 13 20 0.7480879 
757 317 15 15 0.7027811 
988 236 25 24 0.61576754 
558 325 10 16 0.60644907 
620 325 14 14 0.5901715 
795 318 11 16 0.5319897 
987 336 25 31 0.33393335 
