0_Parade_marchingband_1_1045
24
945 260 40 54 0.9988715 
88 267 34 39 0.9975962 
662 270 29 35 0.9911656 
179 315 20 24 0.9906893 
355 295 24 24 0.99005425 
0 314 13 23 0.9708011 
278 301 27 26 0.9681673 
383 299 17 17 0.96094525 
442 305 16 18 0.9499964 
504 308 16 17 0.93553174 
583 253 33 44 0.89992183 
696 259 21 26 0.84309584 
201 320 13 17 0.8190629 
55 286 19 23 0.81336445 
484 311 12 12 0.79768527 
751 306 16 20 0.7576054 
469 291 12 14 0.68693495 
776 298 12 14 0.61998117 
212 307 13 15 0.5851266 
151 319 12 17 0.52566594 
138 320 23 24 0.3396348 
375 299 23 21 0.32011282 
419 309 9 12 0.31796515 
190 317 21 24 0.31235886 
