0_Parade_marchingband_1_149
26
809 239 24 32 0.9999198 
281 386 26 34 0.9999182 
784 313 26 31 0.9998921 
713 388 28 36 0.99987376 
672 317 25 32 0.99981195 
527 386 26 32 0.9997662 
281 230 24 29 0.99972314 
632 377 26 33 0.9997193 
664 235 25 33 0.99970406 
729 240 24 29 0.9996118 
600 240 22 29 0.99960977 
212 234 23 30 0.9995739 
464 306 22 27 0.9995629 
373 380 25 36 0.9995617 
474 233 22 28 0.9995388 
442 375 28 36 0.99947304 
536 300 24 32 0.9994642 
603 324 23 29 0.9992336 
226 314 23 30 0.9991223 
351 236 23 30 0.99888724 
405 223 23 28 0.9988739 
391 309 23 29 0.9986455 
310 316 24 28 0.9986374 
535 223 22 30 0.998293 
703 267 22 26 0.83834296 
567 263 24 29 0.41512766 
