0_Parade_Parade_0_218
23
739 386 34 38 0.9983315 
140 559 14 15 0.9836137 
928 621 10 13 0.939146 
968 547 9 10 0.90848094 
321 535 13 15 0.71798635 
1014 536 10 12 0.69217694 
857 527 14 21 0.6892296 
847 528 20 20 0.67280024 
955 553 8 11 0.5856796 
0 604 10 19 0.5525502 
356 217 246 196 0.5494893 
918 547 9 12 0.5009383 
436 432 104 85 0.483416 
943 611 9 14 0.45764565 
611 662 15 13 0.45091233 
99 563 9 11 0.4233139 
892 401 24 23 0.42050484 
994 558 8 10 0.4204258 
941 540 10 13 0.34008518 
352 291 103 103 0.33084428 
335 256 187 164 0.31712097 
1006 599 12 15 0.3103639 
130 553 9 11 0.3011523 
