0_Parade_marchingband_1_881
19
96 240 12 16 0.98776406 
641 164 15 27 0.9655763 
723 181 17 33 0.9394402 
140 257 13 16 0.9162036 
6 215 11 18 0.9116639 
183 212 13 15 0.9022982 
339 155 16 40 0.8818768 
229 214 8 12 0.77089417 
51 234 12 15 0.7509635 
241 262 10 14 0.69294965 
999 261 11 14 0.6270626 
893 194 17 27 0.5767963 
194 299 18 26 0.53766847 
569 204 10 13 0.4941682 
877 194 19 31 0.48039645 
179 316 17 15 0.41524798 
324 154 28 44 0.4126022 
23 227 12 18 0.400855 
899 196 11 21 0.3764786 
