0_Parade_marchingband_1_765
100
88 323 20 24 0.99952316 
494 367 17 23 0.9990125 
845 372 18 22 0.9989793 
605 244 14 16 0.9988708 
308 372 17 21 0.99829024 
453 343 15 19 0.99816066 
249 371 17 20 0.9980039 
369 371 17 20 0.99797267 
429 374 18 22 0.99775666 
554 378 17 21 0.99758863 
807 323 13 18 0.99751043 
316 305 16 18 0.99747854 
172 257 14 17 0.9971796 
912 291 15 17 0.9970579 
728 314 14 15 0.99637884 
803 157 10 13 0.99615854 
442 235 12 16 0.9959927 
398 244 12 15 0.99565154 
196 374 16 18 0.99537957 
785 384 16 18 0.9953448 
648 267 12 16 0.99485284 
664 381 16 18 0.9943346 
233 199 12 15 0.99413717 
873 247 11 14 0.9939235 
623 348 14 16 0.99382436 
351 344 15 18 0.9934614 
312 250 12 15 0.99276555 
340 266 12 15 0.9925242 
225 319 14 17 0.99251175 
202 222 13 15 0.9924684 
613 383 16 20 0.9922746 
688 296 14 18 0.99206793 
615 295 13 18 0.9912881 
501 264 11 15 0.9911164 
152 382 17 18 0.9910285 
540 348 14 18 0.99095106 
363 230 12 15 0.9907164 
835 203 11 14 0.99061286 
287 290 12 17 0.99035406 
674 247 11 16 0.99021953 
245 184 11 13 0.9897216 
538 253 11 16 0.98958987 
849 225 12 14 0.98939896 
728 383 16 22 0.98935866 
693 355 14 15 0.9892954 
715 273 12 15 0.9890233 
758 190 10 13 0.9887128 
766 352 13 16 0.9886113 
114 300 14 18 0.9885062 
466 251 11 14 0.98849493 
285 234 11 14 0.9880134 
641 233 10 15 0.9878478 
770 293 13 16 0.98748034 
704 230 12 16 0.98701084 
786 274 13 17 0.9865927 
650 318 13 16 0.9864655 
664 211 12 15 0.9857858 
834 298 12 16 0.98555297 
486 190 9 13 0.98507774 
567 201 10 14 0.983966 
459 291 12 16 0.9838884 
569 234 11 14 0.98372144 
659 164 8 11 0.9836654 
690 200 11 15 0.98357564 
414 214 11 14 0.98297507 
577 269 13 15 0.982928 
369 161 9 14 0.98255986 
258 345 14 16 0.98217714 
261 174 10 13 0.9814129 
606 210 10 13 0.9813845 
329 172 10 13 0.98114866 
600 189 10 13 0.98103744 
540 209 12 14 0.98094076 
502 315 15 17 0.98016477 
421 269 13 16 0.9796663 
310 204 10 12 0.9794724 
139 275 15 16 0.97869337 
894 267 11 15 0.9786889 
906 383 16 22 0.9784466 
351 185 10 13 0.9783311 
630 200 11 14 0.97636944 
542 298 13 14 0.97557276 
764 231 11 13 0.9752814 
745 251 12 16 0.9744746 
654 189 9 12 0.9740568 
541 188 10 12 0.9738703 
457 173 10 14 0.97172856 
274 162 10 12 0.97120374 
253 269 12 16 0.9694084 
803 253 11 14 0.9693839 
550 166 8 12 0.96850264 
629 178 10 13 0.9665424 
369 291 13 17 0.9660095 
506 204 9 12 0.96586055 
436 163 10 13 0.96395874 
511 171 10 13 0.96335244 
503 234 12 15 0.9628435 
449 203 10 11 0.9594312 
283 149 11 14 0.95920724 
781 222 10 12 0.9587512 
