0_Parade_Parade_0_850
22
365 309 22 31 0.99991035 
943 286 26 35 0.9997608 
250 316 20 23 0.99968696 
486 297 21 32 0.9993267 
625 288 28 38 0.9987966 
750 302 22 30 0.99832684 
126 318 14 19 0.9980446 
190 317 14 18 0.99638176 
36 319 12 17 0.99398875 
74 320 15 18 0.99343127 
153 313 17 23 0.98587024 
842 291 22 44 0.96788156 
861 337 15 16 0.96385974 
544 335 11 15 0.907249 
51 326 9 13 0.8674531 
990 329 12 18 0.8459903 
852 232 30 35 0.711796 
267 311 16 23 0.66672164 
260 277 16 21 0.46472195 
207 326 7 11 0.42095575 
427 329 6 9 0.4100537 
843 230 28 35 0.35150447 
