0_Parade_marchingband_1_188
35
252 502 11 13 0.9957926 
920 486 10 14 0.9946179 
549 516 11 14 0.9912384 
575 569 11 12 0.9684655 
158 368 9 12 0.91671205 
442 548 12 15 0.9091922 
521 365 9 14 0.8637882 
686 350 11 12 0.7135338 
299 374 11 12 0.69435704 
694 282 8 10 0.6471569 
332 267 8 12 0.6371553 
451 320 10 12 0.60208464 
587 324 9 12 0.5867968 
555 263 9 13 0.57260466 
296 248 8 12 0.5561599 
784 383 10 13 0.55355775 
798 360 9 11 0.55145985 
708 405 11 14 0.55099213 
60 442 13 14 0.49044544 
211 422 9 12 0.47936252 
437 271 10 12 0.4746468 
240 326 9 11 0.46943685 
343 320 8 12 0.43103984 
599 449 15 22 0.4219217 
503 279 9 10 0.4202647 
610 277 9 13 0.38514307 
118 334 8 10 0.37496835 
864 378 20 20 0.36180374 
994 243 7 11 0.3549457 
486 417 14 16 0.33227685 
62 322 11 12 0.33075878 
591 324 8 12 0.32870132 
556 247 8 14 0.3259971 
601 408 12 13 0.32386178 
140 209 7 13 0.30912188 
