0_Parade_marchingband_1_410
100
563 469 23 34 0.9996308 
17 502 18 25 0.99940264 
875 451 30 40 0.9981 
221 481 20 29 0.9970214 
313 481 19 28 0.9956494 
386 482 20 30 0.9947068 
91 504 14 25 0.9937243 
665 334 11 14 0.99303097 
178 495 15 26 0.991388 
464 487 22 35 0.99075294 
1011 342 11 14 0.9902282 
696 484 27 43 0.98702013 
495 318 10 13 0.98512995 
933 121 10 13 0.9842876 
782 226 13 14 0.9827665 
648 416 14 15 0.9817902 
171 464 12 15 0.9803869 
141 177 11 13 0.97879785 
577 114 10 13 0.97788155 
686 67 10 14 0.9776869 
868 447 12 17 0.9774764 
237 297 12 13 0.97726 
653 399 12 15 0.9771169 
271 271 12 15 0.9769572 
199 218 11 14 0.97638285 
141 488 12 18 0.9728443 
327 321 11 14 0.97243935 
255 316 11 13 0.97236776 
686 324 11 14 0.97207075 
267 481 12 15 0.97177863 
389 414 12 14 0.9713785 
809 275 13 15 0.97085774 
659 222 12 13 0.96877456 
705 192 12 14 0.9684038 
266 331 12 14 0.9674037 
493 113 10 14 0.9670456 
50 34 10 11 0.9668523 
96 52 11 13 0.96337 
886 316 10 13 0.96149915 
575 132 11 13 0.96024364 
469 130 13 14 0.9590012 
638 337 10 13 0.9585726 
735 124 11 14 0.95855576 
931 73 10 11 0.95672876 
941 217 11 12 0.95617193 
651 319 11 14 0.9556327 
39 112 11 15 0.95218974 
117 214 12 12 0.95208883 
609 395 12 14 0.95129526 
167 313 12 14 0.9505707 
230 427 11 12 0.94572085 
454 40 12 12 0.94351584 
125 463 13 14 0.94332033 
49 133 10 12 0.94273293 
846 281 12 14 0.940959 
242 241 11 13 0.9391995 
183 75 10 12 0.93791944 
16 140 11 12 0.93711644 
167 32 11 13 0.93707395 
939 29 11 14 0.93584764 
825 342 10 14 0.9343318 
471 79 11 13 0.93378115 
609 172 11 13 0.93268114 
978 436 11 15 0.93250823 
663 123 10 11 0.9289095 
332 450 13 17 0.92843646 
94 180 11 13 0.928087 
557 59 10 11 0.9279752 
84 212 16 16 0.9278211 
1005 155 12 15 0.92744416 
998 279 12 14 0.92567074 
694 124 10 11 0.92384505 
902 339 11 13 0.92337894 
144 270 12 12 0.9219161 
215 311 12 14 0.9190438 
276 436 11 15 0.9185451 
237 339 13 14 0.9179953 
169 229 11 15 0.9175257 
969 335 11 14 0.91565746 
177 260 12 13 0.9137565 
412 434 13 18 0.9130301 
914 322 12 13 0.90766805 
838 319 11 13 0.9061661 
350 415 11 12 0.9051451 
777 91 11 12 0.90488267 
245 448 11 13 0.9033491 
226 139 11 13 0.90216565 
658 173 10 12 0.90168583 
222 74 12 13 0.90072834 
0 107 9 14 0.8992244 
129 35 10 12 0.8972977 
146 76 10 12 0.89665926 
966 302 12 14 0.8924876 
567 336 11 14 0.8895227 
862 212 10 12 0.8887302 
597 62 10 12 0.8874061 
204 379 10 12 0.887333 
60 463 13 15 0.8870392 
749 281 13 15 0.8870356 
126 233 11 13 0.88618886 
