0_Parade_marchingband_1_593
72
676 334 8 11 0.9705071 
541 374 9 12 0.96396685 
624 379 8 11 0.96158546 
908 349 9 11 0.9606035 
469 379 8 11 0.9560434 
802 301 7 11 0.9557747 
153 337 8 12 0.954261 
753 329 7 11 0.94853574 
863 336 10 13 0.9476205 
661 376 8 11 0.93557274 
352 360 7 9 0.9323767 
183 331 8 14 0.9321774 
430 376 7 11 0.92571634 
438 320 8 11 0.91780335 
104 330 9 13 0.9148931 
800 340 9 11 0.90910894 
507 377 7 12 0.90415597 
477 341 8 12 0.90305334 
600 348 8 10 0.8868193 
320 322 7 9 0.8838688 
779 325 8 11 0.8815274 
227 357 9 13 0.8749542 
594 288 7 11 0.8748526 
176 304 8 10 0.8674735 
533 292 7 10 0.8661317 
446 347 8 11 0.85116565 
373 323 8 11 0.84770566 
77 343 8 12 0.8447111 
626 339 8 12 0.8423041 
211 333 7 13 0.8271641 
503 344 8 10 0.8255913 
488 309 8 11 0.8171881 
270 359 8 12 0.81050026 
540 324 8 9 0.80856264 
615 303 6 11 0.80340624 
649 304 8 12 0.800247 
312 355 8 10 0.79960614 
254 321 7 12 0.7903779 
761 345 7 10 0.7879378 
711 324 7 8 0.7872257 
207 308 7 9 0.7799554 
792 318 7 10 0.777095 
224 323 7 9 0.7745107 
586 378 7 11 0.75783443 
288 319 8 12 0.75329566 
763 313 7 12 0.7418088 
139 306 9 11 0.7339651 
393 376 7 11 0.7306605 
305 303 8 11 0.71685594 
727 353 7 8 0.71487445 
531 344 8 9 0.7044129 
698 347 9 13 0.6870558 
437 289 7 9 0.6771611 
359 383 9 11 0.67336917 
504 290 8 10 0.67198 
735 323 6 7 0.6567052 
580 306 7 11 0.63505495 
371 323 7 10 0.6302267 
521 309 7 9 0.62794405 
360 300 7 8 0.60462314 
471 314 7 10 0.5916543 
155 353 6 9 0.58047587 
725 333 7 11 0.55166286 
653 339 7 11 0.53410137 
273 303 7 11 0.49523297 
772 302 8 11 0.48571998 
696 312 6 9 0.4799276 
127 329 8 12 0.46890756 
723 292 7 11 0.4606394 
109 309 7 10 0.448734 
564 294 5 8 0.41814917 
564 344 8 10 0.33050457 
