0_Parade_Parade_0_873
93
320 465 49 57 0.99995553 
400 324 28 33 0.9999316 
817 503 67 86 0.9999263 
932 298 24 27 0.9997125 
480 310 19 23 0.999368 
713 406 37 44 0.9993081 
276 374 24 26 0.99920183 
744 356 26 29 0.99898154 
743 315 21 25 0.9989128 
371 323 19 23 0.99878675 
818 319 23 27 0.9980737 
149 411 33 35 0.9979881 
299 355 22 24 0.9977664 
629 365 24 27 0.99769706 
807 353 23 25 0.9972217 
854 328 23 28 0.99722135 
59 336 15 18 0.9967962 
625 333 19 28 0.994997 
443 372 29 32 0.9945215 
927 402 48 55 0.9942696 
188 359 19 21 0.9941818 
78 372 26 25 0.9935581 
771 359 25 25 0.9927269 
726 484 47 68 0.9913244 
210 310 19 20 0.9891685 
532 360 27 28 0.9884194 
98 583 71 101 0.9854624 
959 346 27 30 0.9849845 
808 265 13 15 0.9839436 
663 392 28 36 0.9832182 
501 322 15 19 0.98273015 
511 372 21 27 0.982113 
247 345 12 16 0.9819163 
981 465 43 73 0.98136526 
983 282 16 17 0.9805617 
28 447 32 28 0.9802152 
428 308 14 16 0.97975653 
934 271 15 17 0.97719586 
11 362 27 29 0.976944 
662 313 13 16 0.97676784 
703 291 12 15 0.9764316 
335 369 28 28 0.97148055 
582 344 24 31 0.97121465 
129 385 30 32 0.9704315 
448 398 42 39 0.9700537 
631 311 17 18 0.96804553 
23 299 13 16 0.96729136 
33 338 15 16 0.96037835 
965 296 15 18 0.95766926 
908 309 13 16 0.9542343 
859 381 31 38 0.95421225 
259 331 11 13 0.95170873 
588 367 24 29 0.94654226 
0 393 22 29 0.9461891 
314 401 35 48 0.9436253 
994 310 18 25 0.9424102 
74 451 62 60 0.9414568 
604 492 52 65 0.9409487 
448 530 71 81 0.93324274 
565 330 14 15 0.9307287 
922 275 11 14 0.93064356 
734 301 17 16 0.9230497 
319 323 14 17 0.9111945 
901 374 24 36 0.9048444 
780 415 39 44 0.9027845 
473 302 12 15 0.894026 
1001 366 23 30 0.8819187 
979 294 15 20 0.8817371 
460 318 12 14 0.86954314 
233 330 12 14 0.85969305 
742 278 16 16 0.8264484 
574 308 11 17 0.8247406 
256 354 13 17 0.81016946 
864 284 13 16 0.77680916 
663 618 58 55 0.76664835 
896 349 30 37 0.76652074 
217 354 14 20 0.7522467 
532 303 12 13 0.7438903 
500 343 19 22 0.74353933 
873 270 11 12 0.7277387 
99 336 13 13 0.71995133 
144 479 39 57 0.7184283 
553 425 47 54 0.70350665 
706 307 18 24 0.69975454 
173 333 18 21 0.63989884 
2 327 10 18 0.60537755 
152 330 13 14 0.5980023 
220 413 41 39 0.5967552 
31 432 39 44 0.5926766 
161 366 13 14 0.4296237 
467 349 17 21 0.364921 
91 452 64 93 0.31217557 
859 595 104 92 0.3082331 
