0_Parade_marchingband_1_379
19
848 319 13 16 0.9851451 
658 326 16 22 0.9165403 
187 316 26 28 0.89640164 
537 314 22 31 0.89256746 
696 288 23 22 0.8696752 
506 306 9 14 0.8154352 
426 313 32 31 0.7656815 
985 329 13 13 0.67764306 
896 318 14 15 0.6536241 
954 316 12 13 0.6272663 
441 309 31 33 0.55675 
537 325 17 21 0.5563415 
430 315 17 21 0.5320449 
783 325 12 13 0.46953902 
581 299 7 11 0.42865857 
765 324 12 12 0.41756827 
453 307 29 36 0.39357865 
694 284 29 37 0.33448058 
598 323 13 15 0.32923156 
