0_Parade_marchingband_1_267
34
354 235 25 32 0.99978024 
166 246 33 38 0.99968505 
467 220 33 41 0.9996166 
924 147 16 18 0.9994019 
316 222 25 35 0.99862516 
584 179 19 25 0.99797994 
506 195 20 25 0.99784064 
426 202 23 33 0.99773955 
586 225 25 32 0.99756634 
510 235 25 30 0.997549 
0 218 29 48 0.996799 
565 139 15 16 0.9935155 
550 179 19 25 0.9921834 
832 147 13 15 0.9867381 
804 138 16 22 0.98545545 
711 164 18 24 0.97946584 
648 156 13 19 0.96986717 
762 155 13 14 0.96024203 
589 142 14 16 0.9426915 
624 175 16 21 0.9163115 
701 150 14 13 0.88322973 
682 144 13 16 0.83881724 
730 144 18 21 0.76870483 
621 106 10 12 0.724554 
655 195 17 21 0.61714286 
405 116 9 13 0.59372276 
475 194 18 25 0.49771577 
846 131 10 14 0.3606095 
605 209 16 25 0.35625067 
614 105 17 17 0.35487616 
234 387 23 24 0.3211222 
626 106 10 14 0.3135036 
676 198 12 21 0.31249186 
633 148 12 14 0.30268607 
