0_Parade_Parade_0_72
19
348 467 23 28 0.99482465 
456 385 26 32 0.9922942 
666 347 26 42 0.9712198 
738 365 20 24 0.9590966 
411 377 18 27 0.9554168 
628 368 20 26 0.95041835 
129 333 32 49 0.92447543 
206 370 21 23 0.91442835 
775 344 14 19 0.9025118 
579 600 32 31 0.86662227 
499 343 15 17 0.8269396 
255 384 16 16 0.81510156 
542 374 22 26 0.80442667 
789 264 19 26 0.67998874 
625 341 19 28 0.67624915 
4 478 14 16 0.41348934 
549 380 19 25 0.37911278 
672 355 27 42 0.3275723 
348 375 17 25 0.3022723 
