0_Parade_marchingband_1_765
100
453 342 15 20 0.9989525 
612 383 16 20 0.9987521 
428 373 19 22 0.9985361 
493 367 17 23 0.9982722 
844 371 19 23 0.9980221 
307 371 18 23 0.9980165 
555 379 16 20 0.99785393 
370 371 17 19 0.99771214 
89 323 19 24 0.9975383 
398 244 12 15 0.9964324 
250 371 16 19 0.9962907 
906 385 17 20 0.99594927 
196 374 16 19 0.9958853 
202 221 13 16 0.9956351 
912 290 14 18 0.99497426 
648 266 13 17 0.99479795 
785 384 16 18 0.9947807 
606 243 12 17 0.9947642 
226 318 13 17 0.9945756 
688 295 14 18 0.9943416 
728 383 16 21 0.9943094 
152 382 17 18 0.99418336 
539 348 15 19 0.9939028 
316 305 16 18 0.99352854 
693 354 14 16 0.9933842 
806 322 14 19 0.99332654 
113 299 16 20 0.99287295 
663 377 18 22 0.99269307 
351 184 10 14 0.9926802 
352 344 15 19 0.99223983 
674 247 12 16 0.9911391 
422 268 12 17 0.9911283 
173 258 13 15 0.99050456 
287 290 13 18 0.99019694 
233 199 12 15 0.99010193 
501 264 12 16 0.9899525 
466 250 12 15 0.98993486 
615 295 13 17 0.98988664 
623 348 14 16 0.98896897 
363 230 12 15 0.9889647 
501 314 15 19 0.988889 
140 274 15 17 0.9879518 
728 312 14 17 0.9872175 
705 231 11 15 0.9872049 
766 351 14 16 0.9862536 
894 267 11 17 0.9860175 
823 179 11 15 0.98525584 
312 249 12 16 0.98496926 
442 234 11 16 0.9844521 
641 233 10 15 0.98436815 
664 211 12 15 0.98430943 
834 203 12 14 0.9841903 
872 246 12 15 0.98279136 
745 251 12 16 0.9823992 
486 190 10 14 0.9818029 
849 225 12 14 0.98139006 
758 189 10 14 0.98047614 
650 317 13 16 0.9801564 
406 311 13 17 0.9785685 
541 208 11 15 0.97804594 
258 345 14 17 0.9776994 
715 272 13 15 0.97750574 
803 157 10 13 0.9771771 
786 273 12 17 0.97692823 
310 204 10 12 0.97580963 
690 200 11 15 0.97540057 
834 298 12 15 0.9749653 
414 213 11 14 0.9749179 
538 253 11 16 0.9737921 
567 201 10 14 0.97144127 
584 314 13 17 0.97135925 
340 266 12 15 0.97130245 
370 291 12 17 0.9709934 
458 290 13 17 0.96996516 
261 173 10 13 0.96929014 
541 188 11 13 0.96919334 
285 235 11 13 0.9691765 
253 268 12 17 0.9691115 
570 234 11 13 0.9687382 
630 199 11 14 0.96770525 
505 234 11 15 0.96739006 
245 183 11 14 0.9673108 
505 203 10 13 0.9669292 
370 161 9 14 0.96489954 
770 293 12 15 0.9610477 
541 297 14 15 0.9607445 
329 171 10 15 0.9580688 
577 268 13 17 0.95614827 
790 150 10 10 0.95606905 
601 189 9 14 0.9556237 
299 142 9 13 0.954144 
284 149 10 14 0.95228696 
765 230 10 13 0.94791573 
855 355 16 21 0.9464555 
802 252 12 15 0.94539726 
606 209 10 14 0.94241345 
311 130 9 11 0.9396522 
654 188 9 14 0.9382519 
630 177 9 13 0.9382456 
659 164 8 12 0.9305521 
