0_Parade_Parade_0_470
22
320 370 78 108 0.99986744 
123 468 84 109 0.9998605 
471 328 70 98 0.99980813 
704 229 61 88 0.99979264 
932 268 61 72 0.99977475 
540 181 58 91 0.9997404 
151 170 70 98 0.99966836 
418 203 63 85 0.99966216 
298 239 64 80 0.9996617 
38 165 82 100 0.99966073 
619 135 57 75 0.9996007 
901 172 58 70 0.99957865 
464 142 55 69 0.99951243 
840 228 49 70 0.99937975 
601 242 68 102 0.99926764 
220 170 65 85 0.9991042 
327 160 56 78 0.9989447 
777 228 61 75 0.9989262 
762 170 17 27 0.9987538 
849 174 53 67 0.9982849 
0 150 30 49 0.9397114 
270 166 35 60 0.794661 
