0_Parade_marchingband_1_881
23
97 240 10 15 0.99146795 
723 177 16 37 0.9716879 
141 257 12 15 0.96553326 
338 154 18 40 0.94336903 
639 157 17 37 0.92149496 
184 212 11 14 0.9045575 
52 234 10 14 0.89643484 
228 214 8 11 0.8613651 
7 216 10 14 0.8204832 
963 261 10 13 0.78822446 
25 228 11 13 0.78633666 
242 262 9 13 0.76609015 
897 196 12 21 0.73525214 
876 195 16 30 0.69504434 
194 299 13 16 0.69210446 
227 302 8 12 0.6848774 
1000 261 9 11 0.6625482 
180 316 15 14 0.58058023 
773 210 7 13 0.48391673 
889 195 18 26 0.47961944 
540 284 9 13 0.37695524 
328 150 26 47 0.37402916 
713 175 20 39 0.3329036 
