0_Parade_Parade_0_639
23
591 99 28 33 0.99935 
715 78 23 32 0.99852705 
340 203 31 48 0.9971323 
635 576 46 65 0.9969162 
516 161 25 34 0.9965025 
939 409 10 13 0.968658 
950 421 14 21 0.93598056 
978 519 46 119 0.9145222 
907 558 53 81 0.86524427 
269 192 43 65 0.83900166 
436 271 28 40 0.8297836 
825 437 11 15 0.77863705 
986 408 9 11 0.69676536 
904 413 8 11 0.6389551 
967 486 31 52 0.54363763 
967 405 8 11 0.51651216 
921 253 6 10 0.44663256 
429 281 30 35 0.43956137 
578 147 20 27 0.41815126 
810 441 11 15 0.41369194 
911 413 8 10 0.37017116 
573 248 10 18 0.31433463 
883 428 12 17 0.30992875 
