0_Parade_marchingband_1_78
100
567 255 8 10 0.95509183 
699 594 11 14 0.9319137 
129 340 12 18 0.9222388 
1012 171 7 9 0.9155607 
267 203 8 12 0.9155387 
679 254 8 10 0.9123838 
587 342 7 10 0.898002 
788 208 7 10 0.8931734 
854 402 8 10 0.87515485 
907 571 10 12 0.8664071 
654 191 8 11 0.84358436 
425 174 8 11 0.8121 
322 181 7 11 0.80866915 
830 231 8 11 0.80795914 
655 358 8 11 0.80684394 
880 157 7 10 0.77837425 
399 192 8 12 0.76167995 
991 313 7 12 0.7610813 
596 145 7 10 0.75526065 
1007 289 8 12 0.75311786 
963 269 8 11 0.74664056 
1016 94 8 13 0.7420749 
291 167 7 11 0.73126787 
699 468 10 16 0.73077416 
1004 143 8 10 0.71434 
328 151 7 10 0.7017554 
465 142 7 11 0.700101 
940 103 8 10 0.6760057 
994 195 6 8 0.6662339 
385 106 8 9 0.6639636 
0 542 11 19 0.6624959 
470 80 7 9 0.6585365 
452 143 6 10 0.6567635 
766 140 7 10 0.64939976 
374 230 8 11 0.64767146 
878 195 7 10 0.64631563 
864 98 7 10 0.644927 
896 204 7 9 0.6417696 
788 93 7 9 0.63729846 
265 170 6 9 0.6357655 
751 596 10 13 0.63308424 
495 161 7 10 0.626693 
637 155 7 9 0.6238035 
602 114 7 10 0.614103 
705 266 7 11 0.61197025 
235 186 7 10 0.6032759 
250 299 15 30 0.5989983 
512 187 7 9 0.59089476 
543 152 8 11 0.5894699 
209 300 17 29 0.58777124 
880 131 7 9 0.5849246 
746 114 6 10 0.5838628 
543 179 8 12 0.5803441 
1014 110 7 10 0.5772487 
371 168 7 11 0.5766947 
135 556 12 20 0.56723416 
688 139 6 9 0.56717825 
548 206 7 9 0.566666 
640 9 6 8 0.55905086 
525 37 7 11 0.55040276 
441 95 7 10 0.54875624 
721 283 9 11 0.54790765 
605 9 6 8 0.54731303 
326 116 7 10 0.5442517 
263 136 7 9 0.54175884 
509 127 7 9 0.5359612 
627 112 7 9 0.5328699 
845 186 7 10 0.5288822 
916 170 7 9 0.527801 
855 497 8 12 0.5268458 
860 594 10 13 0.5223477 
886 312 8 10 0.5187205 
705 118 7 9 0.5118459 
167 288 10 14 0.5078734 
517 326 7 9 0.5073084 
813 183 6 10 0.506318 
391 162 8 10 0.50235397 
423 126 7 9 0.49489176 
974 154 7 11 0.49464476 
649 137 6 10 0.47697806 
678 24 5 8 0.4745848 
239 145 6 9 0.47130597 
573 119 7 11 0.45895603 
55 202 11 14 0.4571365 
309 161 6 9 0.45531213 
487 133 7 9 0.4507101 
182 241 9 13 0.44984016 
963 189 6 9 0.44813964 
943 170 7 10 0.44812825 
484 217 7 9 0.4469352 
726 134 6 9 0.44599068 
676 168 6 9 0.4439201 
729 202 7 10 0.44256306 
628 17 6 8 0.4408517 
434 149 8 10 0.4404279 
215 197 7 9 0.435099 
708 485 9 12 0.43149325 
575 173 7 9 0.43136883 
911 85 7 9 0.42365187 
849 120 6 9 0.4225016 
