0_Parade_marchingband_1_910
20
78 240 36 39 0.9953205 
207 204 41 48 0.99522024 
570 228 48 63 0.99442625 
370 258 50 45 0.993807 
790 339 50 91 0.9887193 
523 224 37 58 0.9886064 
285 259 39 38 0.98685765 
136 220 35 41 0.97176087 
481 183 31 64 0.9614449 
39 219 33 49 0.88692015 
959 277 39 76 0.75431085 
441 266 41 55 0.7250266 
335 230 31 46 0.68231815 
477 719 21 26 0.44256744 
572 58 58 120 0.437132 
107 236 24 36 0.4220383 
454 267 35 43 0.40161884 
893 271 78 113 0.36560166 
424 142 18 38 0.32531103 
877 524 133 205 0.30440253 
