0_Parade_marchingband_1_309
30
500 74 32 36 0.998054 
47 83 28 29 0.9929844 
842 93 34 37 0.98599005 
728 89 30 34 0.97851276 
387 91 31 36 0.97669023 
270 95 24 25 0.962444 
906 32 16 18 0.96233726 
125 114 28 25 0.9583602 
297 90 36 35 0.93438274 
817 109 29 26 0.91663116 
438 89 27 31 0.8612402 
956 85 24 21 0.7905831 
925 107 22 21 0.7575888 
673 79 13 14 0.68028295 
711 104 24 29 0.67590326 
892 95 25 26 0.5772278 
50 14 15 19 0.52874935 
71 55 23 23 0.50579745 
116 0 16 9 0.49373662 
316 9 14 15 0.4873898 
646 0 28 22 0.4834881 
490 251 38 50 0.43167531 
210 91 24 26 0.41550437 
711 95 37 40 0.40643644 
78 83 34 42 0.40338218 
464 1 20 17 0.3967604 
51 46 21 22 0.37350476 
258 0 26 17 0.37169665 
340 1 14 11 0.346007 
571 0 39 42 0.30133516 
