0_Parade_Parade_0_266
20
955 336 26 33 0.996079 
643 377 84 120 0.87833005 
27 418 13 17 0.8558099 
865 571 27 40 0.7932801 
165 337 11 14 0.69851243 
70 329 12 14 0.6065716 
905 439 24 27 0.60056245 
46 335 13 16 0.5689751 
0 419 9 20 0.55318785 
856 572 24 35 0.52947384 
367 355 23 29 0.5276474 
10 331 10 16 0.5043964 
663 397 53 86 0.4684304 
127 328 12 16 0.46781436 
911 447 16 19 0.43523315 
208 324 12 15 0.3754459 
722 377 29 62 0.33007255 
435 307 48 56 0.31768402 
906 447 14 18 0.3152082 
85 412 15 15 0.30281895 
