0_Parade_marchingband_1_188
39
252 501 11 13 0.9937464 
920 486 11 14 0.9900614 
549 516 12 14 0.9830488 
575 566 11 15 0.97254986 
442 548 11 15 0.9494905 
521 366 9 13 0.94884825 
686 350 10 12 0.9283878 
156 369 9 11 0.90694684 
62 323 9 10 0.8751504 
118 334 8 9 0.86963755 
332 267 9 11 0.8591598 
503 280 9 10 0.8438959 
211 415 8 11 0.83692384 
240 325 9 12 0.8226973 
300 375 9 11 0.8224425 
588 324 8 12 0.81267565 
784 382 10 14 0.78629714 
555 263 8 13 0.7600252 
694 282 7 9 0.7448787 
249 264 7 9 0.71574277 
611 278 8 12 0.68286264 
602 407 10 13 0.6707462 
724 303 7 11 0.65202814 
492 177 6 8 0.636488 
796 360 10 14 0.62373 
466 428 11 14 0.60765666 
341 319 9 12 0.59979224 
49 428 10 9 0.57485086 
140 209 7 11 0.46791086 
331 252 8 13 0.4585321 
798 359 10 12 0.44528767 
510 213 6 8 0.44192433 
708 406 11 13 0.43652034 
775 194 15 21 0.42464262 
296 249 8 10 0.41125292 
616 370 9 11 0.40899453 
451 320 9 11 0.39148858 
622 305 9 13 0.3639868 
329 251 7 13 0.3347519 
