0_Parade_Parade_0_490
75
384 350 60 75 0.9995578 
772 558 106 142 0.9995498 
898 360 79 102 0.99947315 
503 152 33 40 0.9994186 
102 183 45 57 0.9993905 
177 198 48 65 0.99937207 
769 315 57 84 0.999337 
243 320 55 69 0.9992624 
476 328 47 71 0.99910504 
16 288 44 56 0.99899775 
122 436 82 92 0.99892056 
745 152 36 46 0.9988814 
278 180 36 42 0.9985361 
730 239 43 49 0.9984957 
348 125 32 33 0.99846065 
594 279 51 65 0.998237 
716 88 32 36 0.9981153 
968 54 25 33 0.997678 
910 84 29 29 0.9975069 
595 169 41 54 0.9974994 
572 58 24 28 0.9973847 
525 222 35 44 0.9970931 
876 50 22 31 0.9968845 
669 132 42 58 0.99673164 
760 84 33 40 0.99636745 
135 76 17 21 0.9956737 
173 133 34 39 0.9956328 
433 112 25 30 0.99477106 
243 163 27 34 0.99468577 
448 69 21 26 0.9930696 
547 116 24 34 0.99220455 
929 7 22 30 0.9920557 
952 22 24 32 0.99022734 
275 80 22 26 0.9882157 
536 77 21 28 0.9875794 
635 78 27 30 0.98703396 
73 159 30 35 0.98644596 
668 638 39 58 0.9849605 
671 81 26 30 0.9803756 
28 170 27 30 0.97962487 
10 484 70 83 0.979324 
902 13 23 27 0.978884 
596 110 27 36 0.9766881 
384 97 24 30 0.9758251 
537 22 15 19 0.9700875 
380 183 46 52 0.9697796 
823 150 46 47 0.96818507 
60 113 17 18 0.9662465 
355 59 21 24 0.9638254 
936 192 48 43 0.9611671 
9 141 19 23 0.9450696 
233 450 49 63 0.9238216 
440 40 15 20 0.9115941 
232 91 22 27 0.9100587 
89 62 14 20 0.90200967 
480 280 38 49 0.8907838 
6 92 17 17 0.84286 
851 31 20 26 0.83047765 
493 665 50 79 0.80721 
725 41 24 29 0.8052604 
644 21 12 18 0.7742713 
771 249 28 47 0.75691056 
438 214 39 58 0.72624546 
5 192 30 39 0.71954024 
246 56 15 15 0.6289515 
884 0 15 18 0.62119305 
26 381 29 47 0.5652585 
1005 167 19 42 0.54612005 
518 18 12 20 0.53474563 
613 2 18 22 0.50938785 
819 84 29 36 0.4574589 
1 210 23 48 0.44179502 
370 237 37 56 0.3849214 
396 275 44 65 0.37353835 
272 151 25 28 0.37043306 
