0_Parade_marchingband_1_227
39
288 138 25 33 0.9974795 
597 131 23 33 0.99530315 
915 138 43 50 0.99508756 
173 107 26 29 0.9938075 
458 134 33 41 0.9937756 
511 109 23 26 0.99235004 
289 101 23 27 0.98360795 
413 112 24 30 0.9823155 
560 85 18 25 0.98046905 
488 96 19 25 0.97704816 
840 125 32 40 0.9603469 
346 105 19 21 0.94077516 
251 93 19 25 0.9032699 
503 83 19 22 0.88879657 
325 92 17 18 0.7808884 
364 93 13 14 0.65772176 
527 96 13 18 0.61409575 
641 101 12 18 0.60759294 
0 81 10 17 0.6074291 
135 91 11 14 0.5964334 
369 155 14 20 0.5548 
792 89 19 25 0.52295506 
6 15 19 27 0.5124424 
633 95 12 12 0.505785 
43 117 17 24 0.5022308 
247 78 22 25 0.5019991 
168 77 12 14 0.4482097 
37 95 13 15 0.43701535 
601 85 9 11 0.435132 
375 56 16 20 0.40889993 
934 95 31 42 0.38096195 
605 111 16 16 0.38087007 
421 100 20 21 0.36338943 
521 86 11 14 0.35939044 
772 125 20 29 0.3470068 
549 100 10 14 0.3456462 
531 95 11 16 0.3404616 
381 97 13 17 0.32937127 
213 75 10 12 0.3069738 
