0_Parade_Parade_0_317
59
173 205 24 24 0.96177995 
563 127 16 14 0.9588381 
221 99 15 15 0.95706534 
604 105 18 17 0.9264951 
354 121 16 14 0.8918811 
387 121 15 16 0.88737595 
29 90 22 20 0.86431324 
309 78 16 18 0.8629318 
836 71 14 13 0.8623157 
261 101 14 15 0.85446584 
101 69 17 14 0.8402004 
929 73 13 13 0.8390189 
301 101 14 14 0.827201 
961 109 15 15 0.8139348 
178 105 14 14 0.80169004 
159 90 19 19 0.8001737 
867 88 19 16 0.78134143 
782 100 17 13 0.7708203 
641 78 15 16 0.7600337 
180 68 16 14 0.7528125 
430 87 14 13 0.7447842 
541 92 18 18 0.7441279 
246 90 13 15 0.73470545 
997 82 27 37 0.7160554 
625 86 16 15 0.7052571 
487 93 15 12 0.6964551 
853 74 12 10 0.6659048 
327 74 18 17 0.645203 
863 308 29 35 0.6359642 
123 89 20 18 0.6290547 
1000 98 22 21 0.59111434 
794 65 19 12 0.58994 
817 101 15 12 0.587378 
479 87 11 11 0.5858239 
655 105 15 12 0.576101 
904 94 15 12 0.5468709 
657 79 13 11 0.5260196 
342 63 23 14 0.51695853 
643 108 13 12 0.50836647 
1005 256 14 12 0.5041375 
509 90 16 12 0.502315 
381 82 14 13 0.4969705 
567 85 14 13 0.4875051 
1003 129 18 14 0.45336512 
606 68 17 13 0.44155905 
511 93 16 13 0.43118748 
274 101 12 14 0.42233503 
0 104 17 17 0.40697452 
46 93 20 19 0.40116692 
349 84 13 12 0.38906717 
895 223 23 22 0.3812839 
121 74 22 22 0.37328193 
947 92 18 14 0.36231413 
519 101 16 13 0.33773747 
73 71 23 18 0.33608416 
293 94 12 13 0.33538604 
645 105 20 17 0.3281572 
808 93 20 18 0.31611314 
441 333 48 61 0.30164653 
