0_Parade_marchingband_1_104
28
315 251 36 40 0.998566 
739 230 15 20 0.9982938 
452 263 25 29 0.9962729 
124 252 18 21 0.9907831 
239 245 16 19 0.9907004 
34 253 12 16 0.9900351 
150 242 14 17 0.9337858 
1000 213 21 28 0.9067063 
353 235 12 14 0.8924488 
834 228 14 16 0.8087714 
105 240 10 14 0.7666064 
576 251 13 24 0.71216637 
602 227 9 10 0.69782406 
69 247 10 13 0.6431731 
409 242 9 13 0.63637465 
24 238 8 11 0.6348237 
502 225 9 11 0.6301706 
284 233 11 15 0.59570205 
461 244 11 13 0.56042117 
966 233 9 11 0.54867446 
57 258 9 13 0.5122772 
339 227 11 14 0.49635628 
60 258 10 14 0.46689352 
192 244 10 14 0.41562423 
895 237 9 11 0.40382826 
177 242 12 14 0.3614425 
621 3 123 76 0.30931088 
899 235 9 12 0.30140206 
