0_Parade_Parade_0_275
35
166 776 17 14 0.8281085 
929 645 11 12 0.8029231 
828 632 9 12 0.7722353 
910 578 13 13 0.755482 
978 674 8 11 0.73829335 
1004 423 8 9 0.72822547 
600 627 11 15 0.6357594 
940 240 9 11 0.5995729 
729 659 11 15 0.5455974 
704 705 20 26 0.51948744 
181 791 12 14 0.51723564 
824 715 14 18 0.50855577 
794 627 16 18 0.4797542 
645 478 10 11 0.43953553 
760 671 9 10 0.4255566 
922 431 11 14 0.4077446 
926 195 10 13 0.39545637 
440 683 7 8 0.39395183 
618 759 9 9 0.3920045 
707 761 9 10 0.3806908 
725 145 7 10 0.3699529 
709 285 8 11 0.35393402 
922 236 10 12 0.34644103 
625 488 9 13 0.34187987 
858 173 11 13 0.33964968 
905 35 12 16 0.33671987 
895 180 10 14 0.3298562 
954 406 9 11 0.32625183 
997 156 10 11 0.32334226 
640 658 15 18 0.317362 
642 575 8 9 0.31467396 
121 579 20 20 0.31424335 
13 523 12 14 0.30991104 
960 527 10 11 0.30874738 
559 799 8 9 0.30376786 
