0_Parade_Parade_0_873
100
820 504 62 83 0.99976593 
401 324 27 33 0.999694 
320 458 49 64 0.999671 
933 298 22 26 0.9994923 
714 406 36 45 0.99947244 
480 309 18 24 0.99932516 
744 355 25 30 0.9989058 
743 314 21 26 0.9988411 
300 354 22 24 0.99857235 
60 336 15 17 0.99841785 
148 409 34 39 0.9983712 
868 583 95 99 0.9983683 
807 353 22 25 0.9983261 
96 580 76 103 0.9982078 
726 478 53 72 0.9979202 
189 358 18 22 0.9978669 
929 401 49 55 0.9978271 
276 373 25 28 0.99758613 
854 328 22 27 0.9968875 
531 360 27 29 0.9966273 
629 365 24 28 0.9966073 
371 323 18 21 0.9965957 
449 516 75 89 0.9965148 
130 385 30 33 0.9965145 
819 319 22 27 0.99517375 
12 364 27 26 0.9949831 
809 265 13 15 0.99491715 
444 372 28 33 0.9943082 
453 397 38 40 0.99429435 
29 430 36 44 0.9915202 
958 344 33 34 0.9892034 
336 369 27 30 0.9889354 
513 372 21 28 0.988598 
909 309 13 16 0.98760605 
771 357 26 31 0.986834 
904 375 23 33 0.9843513 
589 368 23 28 0.983563 
211 308 17 21 0.9833143 
626 333 19 29 0.98216796 
858 380 28 35 0.9819936 
502 323 12 17 0.98193157 
23 298 13 17 0.98016214 
666 392 26 37 0.9773158 
33 338 15 16 0.9771171 
428 307 14 17 0.97577626 
704 290 12 16 0.97516745 
632 311 16 17 0.97279793 
574 308 10 16 0.97174406 
933 271 15 17 0.9695114 
79 372 24 25 0.96789056 
994 311 18 24 0.9614688 
582 343 23 29 0.96082836 
604 487 53 68 0.9591838 
734 301 17 19 0.9581803 
671 364 19 27 0.95402104 
979 459 45 76 0.9520084 
82 456 53 54 0.9512175 
779 416 39 46 0.95096695 
221 415 30 35 0.95061123 
663 603 63 71 0.95053667 
258 330 12 15 0.9410033 
0 394 22 28 0.94055325 
966 295 15 19 0.9369236 
565 329 13 16 0.93018466 
663 313 13 16 0.92967767 
998 364 24 31 0.92630166 
895 349 31 37 0.9200051 
467 349 16 19 0.9198605 
248 345 12 15 0.9147677 
785 344 22 26 0.91165936 
319 323 13 16 0.9034824 
922 276 11 13 0.90312344 
525 338 13 18 0.9022262 
474 303 11 15 0.8963228 
502 345 15 19 0.8923456 
983 281 17 21 0.882181 
460 318 11 13 0.87085915 
554 425 38 50 0.8657467 
233 330 12 14 0.86418325 
873 269 11 13 0.8401437 
462 332 11 14 0.83383685 
161 346 14 17 0.833651 
743 278 14 15 0.82687396 
315 398 36 50 0.82626104 
979 294 16 20 0.81893307 
142 470 36 65 0.80942315 
679 315 12 13 0.76164633 
257 353 13 19 0.7490215 
785 302 14 19 0.7297635 
126 341 11 15 0.6918192 
502 360 16 21 0.6741866 
947 471 45 55 0.67354965 
855 282 9 11 0.6617419 
534 320 13 14 0.6385939 
2 328 10 15 0.61594236 
460 632 25 24 0.60899884 
980 286 19 26 0.60185575 
204 402 19 17 0.6001335 
153 330 12 13 0.57982135 
533 303 11 12 0.57803667 
