0_Parade_Parade_0_68
22
501 420 14 15 0.93912184 
180 352 9 11 0.76787984 
252 353 10 11 0.75848657 
313 451 12 13 0.73159766 
582 363 11 14 0.6967969 
652 378 11 10 0.69272554 
797 450 9 12 0.6886789 
523 365 11 15 0.6855967 
409 420 12 16 0.6593556 
291 368 9 11 0.6362814 
453 389 12 16 0.6181823 
393 473 14 17 0.59623736 
799 312 11 14 0.58536786 
499 473 18 26 0.5685213 
154 356 10 12 0.55524045 
120 342 10 12 0.45300826 
291 344 8 10 0.4233089 
713 421 13 18 0.37453988 
576 293 9 12 0.35751578 
84 355 10 15 0.35545763 
343 366 10 13 0.35246938 
325 340 8 11 0.32951143 
