0_Parade_marchingband_1_653
82
678 193 15 18 0.99764365 
806 96 13 10 0.99645007 
604 42 11 11 0.9958895 
113 90 12 11 0.9957724 
365 48 11 13 0.9941812 
649 130 13 18 0.99403 
716 86 13 12 0.99239373 
585 96 13 11 0.9923701 
481 208 14 16 0.99234915 
537 195 14 19 0.992299 
870 194 15 18 0.9917305 
125 151 13 16 0.9910913 
604 139 14 18 0.99089277 
629 94 13 12 0.990697 
739 136 13 16 0.99062634 
261 113 10 11 0.99055135 
874 118 17 19 0.9903266 
913 32 13 12 0.989796 
188 44 12 13 0.9896179 
864 40 13 12 0.98949754 
600 188 14 17 0.98934865 
323 137 15 19 0.9890562 
826 32 13 13 0.9884369 
210 97 13 13 0.9884339 
783 36 12 12 0.9875915 
274 54 11 12 0.9874844 
761 89 13 13 0.9871553 
78 147 13 14 0.98653364 
960 180 17 21 0.98558426 
43 45 12 12 0.98537976 
352 97 13 14 0.98477095 
654 25 12 13 0.9847696 
512 133 13 17 0.9841425 
167 98 10 11 0.9829795 
129 203 14 17 0.9828803 
312 210 12 16 0.9821102 
533 100 12 11 0.98094064 
396 200 14 16 0.9795711 
850 95 12 11 0.979328 
231 50 12 13 0.9786871 
466 38 11 12 0.9785432 
28 145 13 15 0.97709024 
510 36 11 11 0.9763667 
68 100 12 13 0.97564757 
46 200 12 14 0.9745549 
304 98 11 12 0.972639 
764 191 15 19 0.9717856 
320 44 11 13 0.9690372 
980 132 14 14 0.9683119 
742 45 12 12 0.96631205 
226 143 12 15 0.9594348 
274 157 12 13 0.9576676 
933 97 11 11 0.9568634 
100 54 10 10 0.9567067 
700 29 13 13 0.95614684 
893 100 10 11 0.9537389 
959 41 12 12 0.9457702 
556 35 11 11 0.9403446 
323 200 11 11 0.9388892 
692 122 16 22 0.93666524 
412 35 11 12 0.93658787 
826 127 13 17 0.9360565 
177 141 12 15 0.93321675 
462 151 12 14 0.93204725 
398 90 12 12 0.9313297 
781 132 15 19 0.9113252 
150 58 11 11 0.9107526 
21 100 13 12 0.90756077 
980 80 12 13 0.90224314 
559 130 15 17 0.8899534 
442 96 11 14 0.8574412 
376 146 12 19 0.8551186 
673 92 13 17 0.8542527 
490 86 11 13 0.84881294 
223 205 14 16 0.82363224 
929 117 12 15 0.8199375 
419 144 14 19 0.8034137 
159 212 8 9 0.64407295 
863 211 31 37 0.5643593 
761 191 19 30 0.46492055 
723 194 11 19 0.40669954 
374 208 11 11 0.31970012 
