0_Parade_Parade_0_43
100
654 348 20 25 0.9995989 
134 428 20 23 0.9993548 
187 386 20 24 0.99932504 
770 460 19 23 0.99924636 
152 507 21 23 0.99890244 
202 454 19 22 0.99889684 
253 376 22 25 0.99874437 
943 521 20 24 0.99854076 
677 449 19 24 0.99840873 
500 511 19 26 0.9983089 
702 377 20 23 0.99821305 
305 355 21 26 0.99814737 
398 512 21 25 0.9979303 
310 452 20 25 0.9976591 
603 509 20 27 0.99758446 
501 394 20 23 0.9975425 
266 512 21 25 0.99746656 
75 455 20 21 0.9972339 
490 222 18 23 0.99663275 
543 289 20 23 0.9964479 
30 509 20 25 0.99644715 
598 341 20 25 0.9962805 
440 288 18 21 0.99542433 
755 402 18 22 0.994802 
384 340 19 24 0.9946295 
11 482 18 21 0.99374723 
443 447 19 25 0.99326247 
810 435 19 22 0.9924839 
715 516 18 23 0.99199206 
549 447 18 25 0.99041116 
884 462 19 26 0.98834014 
823 517 19 23 0.98828065 
918 500 19 24 0.9633688 
792 388 16 16 0.9205332 
143 277 9 12 0.90648437 
838 373 11 13 0.90492034 
886 373 11 14 0.8774132 
773 384 12 15 0.86474097 
887 271 9 11 0.8632201 
614 303 10 13 0.85338575 
906 329 10 13 0.84329677 
747 323 14 15 0.8282863 
574 234 13 16 0.8000076 
896 298 9 11 0.7958372 
978 323 12 14 0.794264 
849 326 10 12 0.78984773 
863 370 12 14 0.78144777 
774 317 10 12 0.7528105 
809 263 9 12 0.73504597 
342 272 8 11 0.7318039 
114 272 10 12 0.7220242 
709 315 11 12 0.72122705 
195 283 11 11 0.7042 
19 276 10 14 0.6922084 
719 360 14 15 0.6678717 
937 332 11 12 0.6622666 
986 272 10 10 0.65620786 
702 260 9 11 0.6467416 
4 278 10 13 0.64272505 
759 273 9 11 0.60758525 
790 327 10 12 0.60598654 
40 257 7 10 0.6005768 
794 276 10 11 0.59773844 
704 337 9 12 0.58616596 
900 371 13 13 0.57334393 
674 312 10 13 0.5729871 
568 264 9 11 0.56977034 
603 258 8 10 0.5609983 
639 308 10 12 0.56008863 
849 297 11 13 0.5450049 
822 313 11 12 0.5377641 
997 308 11 12 0.53729725 
827 271 9 11 0.5319583 
248 347 15 16 0.50936365 
642 253 9 12 0.5070939 
910 276 8 9 0.5018336 
557 237 9 12 0.5009127 
600 283 8 10 0.4813532 
215 589 12 16 0.47480553 
328 281 8 10 0.46687856 
155 256 9 11 0.46099207 
968 258 8 9 0.45426023 
294 280 13 16 0.45263064 
725 312 9 11 0.437346 
145 587 19 21 0.42402497 
839 481 13 19 0.4103744 
734 281 8 10 0.40469253 
643 289 8 10 0.3917142 
787 246 8 10 0.38591707 
354 271 8 10 0.38484386 
755 292 9 11 0.36517292 
395 629 19 26 0.35632604 
767 313 10 12 0.35600322 
888 255 8 9 0.3555382 
818 334 12 13 0.35367617 
174 272 12 11 0.34750116 
841 482 22 27 0.34729493 
931 273 8 10 0.3424495 
579 259 10 10 0.3399787 
159 271 8 9 0.3318476 
