0_Parade_marchingband_1_695
34
311 170 41 56 0.9995797 
845 196 42 43 0.9988858 
753 268 25 31 0.99861145 
572 94 59 68 0.99811757 
182 209 40 51 0.99632984 
517 240 23 31 0.99013734 
141 247 34 39 0.98337597 
938 93 12 16 0.9680733 
79 269 27 32 0.947411 
285 168 20 26 0.9297272 
262 178 16 20 0.9268915 
479 179 13 18 0.8921492 
993 71 10 14 0.7529519 
282 168 15 21 0.75250536 
25 288 19 17 0.6634173 
433 171 12 16 0.6603063 
440 475 15 20 0.6357775 
826 147 10 12 0.5782453 
513 168 14 19 0.532485 
506 166 13 20 0.52218777 
376 194 28 39 0.5032276 
312 141 21 30 0.49748665 
744 150 10 11 0.4655162 
878 113 9 10 0.45058027 
74 266 13 16 0.42164496 
949 236 45 48 0.40522528 
385 171 12 20 0.3641766 
702 152 10 12 0.3622185 
516 224 12 17 0.36168057 
427 172 14 16 0.34653592 
894 106 10 11 0.345543 
968 84 9 10 0.33338168 
908 110 9 11 0.32225162 
434 161 11 14 0.31972077 
