0_Parade_Parade_0_664
84
937 337 28 29 0.99923587 
618 341 19 27 0.9990676 
15 339 34 33 0.996931 
579 329 19 19 0.9968911 
123 325 22 23 0.99445975 
411 335 19 25 0.9934942 
196 294 13 14 0.9932423 
975 346 20 18 0.99213326 
464 340 22 28 0.9895495 
658 320 18 21 0.9885179 
515 314 14 18 0.987508 
844 325 17 24 0.98696417 
463 301 14 16 0.98576397 
212 319 21 22 0.98099935 
360 323 14 18 0.9804534 
999 303 10 10 0.96977085 
489 326 17 23 0.9689539 
159 305 13 15 0.960014 
955 313 10 10 0.9521965 
785 327 12 14 0.9354806 
807 349 20 23 0.9204656 
89 289 11 9 0.91506106 
59 310 17 20 0.8940198 
449 261 16 25 0.8711555 
542 352 22 20 0.8702734 
137 320 16 17 0.8556637 
38 288 9 10 0.8477683 
210 299 11 11 0.83605033 
670 314 15 17 0.8274852 
1013 324 11 11 0.8250975 
177 288 10 8 0.8035361 
981 309 11 9 0.7902271 
843 298 8 8 0.7675344 
367 303 10 11 0.7426755 
109 302 14 19 0.7360359 
891 322 9 9 0.7326955 
34 304 10 8 0.7252005 
425 309 9 13 0.723318 
134 304 12 12 0.72246546 
882 359 25 13 0.7217414 
893 310 7 7 0.7084314 
529 302 10 10 0.70099527 
170 351 22 21 0.6900859 
793 292 7 8 0.6719422 
580 304 12 10 0.6514151 
672 298 8 8 0.6510736 
920 309 9 9 0.6471061 
724 297 7 8 0.6169359 
15 287 8 9 0.5921537 
69 285 9 10 0.5680678 
36 310 17 17 0.5497445 
554 293 8 9 0.5177202 
491 304 13 15 0.50320697 
346 305 9 12 0.48701507 
978 321 11 11 0.4845344 
253 357 38 15 0.47132447 
730 288 7 7 0.46913132 
487 303 11 12 0.44418377 
1007 301 9 8 0.4419612 
992 341 15 10 0.43696755 
917 297 7 7 0.42088586 
231 294 10 10 0.41891184 
745 289 7 8 0.40882003 
936 318 10 8 0.40807852 
357 295 9 8 0.40474576 
439 301 9 10 0.40114903 
578 308 10 12 0.39663216 
358 301 8 9 0.38610253 
249 304 12 11 0.3826382 
793 288 8 8 0.3706712 
234 295 10 9 0.36895686 
343 359 23 13 0.36643526 
127 277 12 13 0.36586544 
700 307 9 10 0.36374548 
748 301 7 8 0.3608986 
1003 293 8 7 0.35849497 
659 304 9 8 0.35620502 
862 307 9 9 0.34710532 
859 307 8 9 0.34705675 
756 296 7 8 0.34523726 
922 310 10 10 0.3401536 
683 322 9 12 0.32036638 
685 300 7 7 0.31984508 
767 304 8 9 0.31804124 
