0_Parade_marchingband_1_649
35
410 84 35 44 0.9997534 
245 192 43 44 0.9996283 
555 80 34 48 0.999572 
491 123 34 43 0.99955016 
701 288 38 50 0.9995338 
174 282 42 49 0.9994295 
894 319 40 51 0.999342 
24 201 37 45 0.99932456 
940 207 40 45 0.99924904 
859 151 32 39 0.9992429 
4 128 27 32 0.99914265 
293 283 41 57 0.99913067 
650 146 29 37 0.9990212 
55 119 31 34 0.99893993 
970 151 31 39 0.9989354 
814 204 35 42 0.99881184 
342 118 30 39 0.99871707 
247 144 31 33 0.9985129 
661 214 38 45 0.99841 
797 282 38 52 0.998406 
761 150 29 34 0.99813604 
702 175 23 29 0.99757606 
102 136 26 30 0.9971527 
907 179 23 28 0.9934496 
131 235 37 45 0.9929141 
530 130 29 37 0.990164 
193 238 14 15 0.9459213 
235 159 19 26 0.9069686 
837 179 21 25 0.89697397 
147 156 18 25 0.86586034 
441 132 23 28 0.8486012 
151 122 17 32 0.8277819 
114 511 33 24 0.5282344 
671 447 20 25 0.46217152 
788 169 22 28 0.40687844 
