0_Parade_marchingband_1_379
23
187 315 27 31 0.99428093 
538 325 17 20 0.9742105 
506 307 9 12 0.9568087 
849 319 11 16 0.954033 
658 329 13 19 0.89567894 
765 322 13 14 0.853212 
698 288 21 24 0.8406856 
812 319 18 21 0.81552434 
580 299 8 11 0.79664415 
427 307 44 36 0.76869285 
276 294 38 39 0.73362917 
987 328 11 14 0.73074085 
954 314 12 15 0.7273003 
899 311 12 16 0.69433814 
599 321 13 17 0.67840827 
445 308 35 35 0.6530032 
783 319 13 16 0.6124178 
540 313 14 19 0.54479116 
85 316 21 24 0.5303984 
384 304 23 25 0.3981907 
876 325 10 13 0.38054094 
931 323 9 12 0.3555616 
278 319 31 23 0.3125224 
