0_Parade_marchingband_1_267
42
426 202 23 33 0.99947935 
315 222 26 34 0.9994616 
467 222 32 38 0.9993612 
166 245 33 38 0.999303 
354 234 26 34 0.9990621 
0 219 29 47 0.99875927 
585 181 17 23 0.9974911 
925 146 15 19 0.9973236 
506 195 20 26 0.99687874 
585 225 23 33 0.9965 
565 138 15 18 0.99478996 
832 145 13 17 0.99265903 
804 137 17 22 0.99227166 
711 163 18 23 0.9920167 
511 235 25 30 0.9906081 
549 179 20 25 0.98937106 
589 142 14 16 0.982511 
647 157 15 19 0.977826 
681 144 14 16 0.94107133 
655 196 17 22 0.9317966 
624 174 17 21 0.9304472 
763 154 12 14 0.9234796 
736 146 12 16 0.8679965 
897 121 10 13 0.85100293 
709 186 15 24 0.8268532 
678 200 12 18 0.8011189 
844 131 12 17 0.7561487 
406 117 8 11 0.68705 
705 150 10 13 0.68669367 
606 209 17 28 0.6565009 
436 110 8 11 0.6459261 
786 137 11 14 0.6376425 
620 105 12 14 0.5465502 
693 143 10 15 0.45040557 
880 118 11 14 0.43789187 
550 373 18 27 0.41359347 
634 147 12 15 0.34613883 
452 575 23 16 0.33024266 
530 243 20 25 0.32991198 
229 388 31 23 0.3177402 
663 149 11 15 0.31237406 
162 54 20 29 0.31022993 
