61_Street_Battle_streetfight_61_432
41
639 516 30 42 0.99977785 
143 296 32 47 0.99957484 
646 320 26 33 0.999185 
807 419 27 39 0.9990544 
847 325 22 27 0.9987728 
844 273 18 22 0.99873894 
147 229 39 54 0.99855477 
179 149 25 37 0.99834824 
500 503 31 41 0.99827945 
587 217 18 25 0.9977939 
741 323 25 36 0.9977863 
793 287 19 26 0.9977672 
101 153 28 37 0.99729115 
966 375 28 32 0.9969162 
522 207 19 25 0.99658716 
418 530 29 44 0.99553597 
622 269 22 31 0.9946996 
500 297 28 33 0.99408334 
824 268 12 16 0.993624 
633 216 15 21 0.9934395 
762 248 14 19 0.9931959 
886 324 22 27 0.9914836 
796 263 14 16 0.9912964 
714 397 29 41 0.9911403 
215 213 24 35 0.9894509 
653 203 14 18 0.98472995 
910 277 11 15 0.97997046 
900 283 16 21 0.9667118 
835 286 15 20 0.9542482 
265 175 15 19 0.93556154 
548 237 23 33 0.92287695 
316 150 22 33 0.9211953 
932 270 12 13 0.9072156 
419 163 24 43 0.889659 
316 148 26 55 0.81401485 
852 399 25 31 0.7821374 
261 207 35 37 0.681984 
543 247 24 43 0.6306812 
831 326 12 17 0.34128335 
986 384 19 27 0.3288212 
921 385 24 35 0.3084394 
