61_Street_Battle_streetfight_61_430
41
570 470 26 35 0.99805236 
139 451 17 20 0.99740833 
918 580 22 27 0.9952297 
951 434 21 25 0.9936027 
863 484 19 23 0.99118257 
291 454 17 23 0.99036473 
231 462 21 25 0.98500097 
454 450 18 20 0.982372 
623 464 22 23 0.97989136 
199 461 16 19 0.9778202 
747 21 18 23 0.9761159 
916 429 27 28 0.9743235 
841 461 17 18 0.97339714 
519 459 20 21 0.971368 
35 453 20 21 0.96314746 
162 460 18 19 0.95689493 
89 463 18 20 0.9561596 
428 476 19 21 0.95124096 
692 453 16 20 0.9502815 
912 391 14 16 0.94577587 
797 459 13 15 0.9321817 
978 451 15 14 0.8723149 
967 532 39 75 0.848147 
369 458 22 36 0.8375337 
61 444 22 19 0.75377357 
384 459 15 16 0.74287003 
654 476 19 21 0.7373847 
476 453 15 17 0.7225881 
861 455 13 13 0.72048277 
1014 451 10 18 0.7039372 
273 460 10 13 0.69570416 
549 471 21 24 0.60545963 
310 465 12 16 0.60379094 
709 452 24 24 0.5265976 
140 380 14 13 0.48211184 
757 450 20 20 0.43148878 
595 444 13 17 0.3935301 
373 454 24 31 0.39060625 
380 480 12 17 0.36092508 
841 482 22 22 0.31026894 
51 456 15 17 0.30019715 
