24_Soldier_Firing_Soldier_Firing_24_601
22
296 317 28 37 0.9990398 
86 315 29 34 0.99862957 
393 306 30 39 0.998459 
176 324 33 34 0.9983559 
859 303 37 37 0.9982864 
472 304 33 38 0.9979736 
734 320 35 42 0.9976931 
596 304 37 45 0.99748284 
25 325 15 20 0.9496827 
980 293 13 15 0.9424483 
307 287 31 37 0.9213052 
985 335 13 17 0.9017035 
416 283 29 39 0.8106265 
98 471 25 25 0.8094051 
496 470 26 26 0.654873 
406 478 26 24 0.65069485 
908 328 13 16 0.59205747 
205 292 27 29 0.5061493 
910 322 13 18 0.4615959 
632 467 30 25 0.4432273 
543 471 21 31 0.42942545 
257 345 14 22 0.31479406 
