5_Car_Accident_Accident_5_77
40
574 66 25 33 0.9995765 
628 60 24 32 0.9992736 
376 61 23 29 0.9992399 
930 47 38 46 0.9990957 
289 77 22 28 0.9990513 
759 34 25 32 0.9986895 
186 76 21 27 0.9986518 
230 68 21 26 0.9984779 
810 53 26 32 0.997962 
654 60 21 30 0.9977024 
886 56 27 37 0.99664634 
718 66 21 29 0.99642205 
490 67 20 26 0.99635243 
112 88 21 26 0.99505806 
446 85 23 26 0.99410456 
520 38 15 19 0.9922024 
541 78 20 23 0.9911611 
589 45 19 24 0.9875693 
711 8 11 16 0.98741174 
873 59 12 16 0.9868628 
692 69 22 29 0.9852455 
980 46 21 28 0.9829197 
438 53 22 28 0.97201186 
797 57 16 23 0.9624621 
32 9 12 14 0.9479437 
794 22 12 15 0.9324004 
392 0 13 11 0.89571303 
2 0 11 14 0.8945363 
21 27 13 15 0.8919928 
739 26 9 13 0.8908566 
883 48 10 13 0.84865326 
739 53 12 15 0.7531763 
82 58 20 43 0.6438377 
961 42 21 31 0.63287216 
879 540 97 92 0.61335945 
825 445 43 53 0.4987764 
679 27 10 13 0.47863176 
644 422 28 29 0.4737275 
135 326 58 48 0.41598693 
682 172 31 37 0.3446595 
