5_Car_Accident_Accident_5_244
25
649 204 21 27 0.99512583 
919 188 19 25 0.9824897 
489 206 23 26 0.9705828 
797 194 23 26 0.97006094 
706 185 23 28 0.9545398 
769 198 19 25 0.9221876 
622 312 43 46 0.8452446 
841 199 28 42 0.83659995 
570 186 19 28 0.8105307 
471 302 30 26 0.76344675 
22 493 230 157 0.71242505 
998 187 26 56 0.6395113 
728 394 73 74 0.58708024 
76 193 58 69 0.5494694 
4 540 117 82 0.54598475 
479 546 96 65 0.5441099 
660 306 28 39 0.5309765 
19 306 169 200 0.42841047 
865 206 30 40 0.4006372 
336 323 28 57 0.39964706 
114 499 163 124 0.37935337 
464 301 26 26 0.36395535 
760 212 13 14 0.36069813 
4 554 84 55 0.34337515 
887 205 21 26 0.32141113 
