5_Car_Accident_Accident_5_448
66
926 557 26 31 0.9974113 
85 393 16 19 0.99669456 
50 437 19 22 0.9956513 
803 432 17 26 0.9890732 
189 446 19 23 0.9745273 
135 348 14 16 0.9719295 
314 259 10 14 0.9695878 
980 317 13 16 0.9680149 
865 232 11 13 0.96768737 
926 259 12 13 0.95795614 
291 392 16 18 0.9495515 
206 413 19 19 0.94742167 
296 538 29 35 0.94309175 
356 247 8 11 0.8859934 
427 238 9 11 0.8520268 
888 406 20 28 0.85047024 
229 373 13 18 0.84354544 
983 237 9 12 0.82926273 
701 405 21 22 0.827807 
392 442 14 14 0.8151555 
14 341 12 13 0.8139813 
176 285 9 12 0.80821717 
258 264 10 13 0.79363054 
922 227 10 12 0.7896395 
401 236 10 12 0.7802461 
197 285 12 13 0.77966607 
249 621 21 24 0.7783868 
304 276 8 13 0.77422374 
443 239 10 13 0.75430775 
383 243 9 10 0.7508924 
961 278 17 21 0.7440864 
335 240 9 12 0.71318024 
743 471 11 21 0.7080438 
127 432 11 16 0.70642966 
338 266 9 12 0.66624355 
292 469 15 26 0.66229844 
153 311 10 15 0.6598559 
930 334 12 15 0.54300463 
451 218 12 14 0.54206866 
261 346 13 16 0.51684386 
999 197 8 9 0.49060458 
264 288 10 11 0.48368955 
495 405 11 14 0.4809016 
230 293 10 13 0.47437498 
110 223 11 12 0.45694944 
171 366 17 15 0.44281554 
828 203 8 10 0.44236064 
159 241 10 11 0.43316242 
292 430 15 21 0.43091333 
842 197 7 9 0.4305003 
183 323 12 14 0.42507353 
197 306 10 13 0.4181176 
359 294 10 15 0.39934805 
589 454 24 25 0.39693293 
931 196 7 9 0.39129925 
227 294 10 12 0.38201723 
183 217 11 13 0.37947688 
307 371 14 15 0.3719547 
148 264 11 14 0.3717086 
271 211 9 12 0.36470717 
887 202 6 9 0.3632776 
88 291 10 12 0.34366888 
216 320 10 14 0.33205038 
270 261 9 12 0.32090375 
965 247 11 12 0.3193744 
219 225 8 12 0.30332065 
