5_Car_Accident_Accident_5_177
19
695 197 20 24 0.9979101 
302 210 19 22 0.9974607 
748 185 17 22 0.99666214 
393 207 17 23 0.9962529 
834 217 22 26 0.99159056 
808 274 25 29 0.98621064 
596 130 16 20 0.9773476 
884 259 24 30 0.9672831 
891 214 23 27 0.9487099 
975 211 19 28 0.9283238 
905 163 14 16 0.92376214 
909 237 19 29 0.9058858 
869 256 22 26 0.88516456 
638 231 15 25 0.8748349 
882 181 16 20 0.8022808 
988 188 20 24 0.72498184 
834 328 29 27 0.37060437 
796 132 7 13 0.370221 
875 257 24 28 0.3471941 
