5_Car_Accident_Accident_5_460
19
113 313 21 23 0.99725133 
236 309 12 13 0.8375058 
272 315 10 13 0.8189553 
251 104 9 10 0.8140216 
471 266 26 41 0.77934575 
388 129 6 9 0.7767069 
64 313 12 16 0.73873514 
127 290 17 20 0.6335113 
44 77 13 15 0.6029056 
155 307 9 18 0.5520608 
702 208 30 32 0.54718155 
916 352 12 13 0.49330163 
217 97 7 10 0.48983076 
866 367 15 11 0.46882233 
209 313 10 12 0.42137834 
185 313 10 14 0.39426306 
2 290 13 22 0.38387138 
140 295 20 23 0.31264314 
320 112 6 8 0.30551428 
