46_Jockey_Jockey_46_909
22
509 288 26 35 0.99863535 
785 185 16 21 0.9974076 
458 418 41 44 0.99425864 
644 191 11 14 0.99216074 
650 247 17 24 0.9860611 
275 182 14 17 0.985658 
694 181 14 20 0.9716849 
498 556 52 65 0.9627414 
909 281 23 28 0.92043704 
486 152 10 16 0.88756216 
743 180 12 15 0.86580336 
357 195 11 14 0.83048946 
740 264 18 25 0.8301185 
482 190 10 17 0.7960572 
742 268 22 27 0.79425895 
676 253 12 15 0.7765448 
216 583 41 61 0.7431511 
738 177 13 19 0.6288431 
200 566 61 83 0.6241904 
436 108 16 20 0.4921927 
541 158 15 15 0.4915115 
730 331 16 26 0.4291403 
