23_Shoppers_Shoppers_23_511
21
917 332 11 14 0.7570067 
531 14 8 12 0.72175 
66 571 34 32 0.7146547 
324 210 11 14 0.70503926 
706 603 13 21 0.62673914 
346 215 8 10 0.62339354 
746 574 9 10 0.61099094 
503 320 10 11 0.60738987 
420 283 9 12 0.60405785 
616 5 7 9 0.57411754 
387 250 8 12 0.5390278 
749 574 9 11 0.441078 
638 302 12 15 0.4367078 
58 303 7 11 0.377507 
715 335 9 14 0.36466193 
483 321 10 12 0.36152977 
749 311 12 13 0.3604592 
451 301 8 11 0.3346948 
242 123 13 18 0.31749672 
649 306 11 13 0.3153679 
842 318 12 15 0.31401896 
