23_Shoppers_Shoppers_23_43
20
355 235 62 72 0.9998772 
168 233 56 68 0.9992605 
925 203 51 60 0.9991904 
940 122 27 30 0.9980592 
572 143 46 60 0.99774593 
66 148 37 41 0.9960718 
157 393 64 86 0.9926407 
21 147 26 31 0.98278147 
382 143 25 37 0.9359435 
790 135 34 44 0.8961769 
603 121 34 44 0.88855207 
802 140 27 37 0.8158162 
71 209 41 72 0.786228 
343 344 57 61 0.58463585 
233 149 22 23 0.56720966 
873 139 20 26 0.5440023 
723 338 48 56 0.5179511 
861 143 33 48 0.48448005 
1013 126 11 17 0.36372125 
449 433 39 21 0.30981934 
