5_Car_Accident_Accident_5_77
40
887 56 26 36 0.9988047 
809 54 26 29 0.99857867 
929 48 38 45 0.9979716 
288 77 23 27 0.9967775 
760 34 24 31 0.99601054 
574 68 24 31 0.99507266 
186 78 21 23 0.9944201 
718 66 22 30 0.9942661 
627 60 23 32 0.9937437 
230 69 22 26 0.9925735 
112 89 21 27 0.9900203 
376 62 22 27 0.9832665 
692 70 22 30 0.98320293 
491 68 20 26 0.97692174 
448 85 21 24 0.9730164 
655 60 20 29 0.96910024 
541 78 20 23 0.9583652 
798 56 17 24 0.94563705 
979 46 21 30 0.9133567 
440 56 19 23 0.9046488 
520 38 15 18 0.8668602 
873 59 12 16 0.8570305 
587 44 21 24 0.81604934 
977 268 42 27 0.78689975 
711 8 11 15 0.7102321 
21 27 13 16 0.70762 
133 328 62 43 0.6289082 
31 10 12 13 0.5755958 
390 0 13 10 0.5690023 
914 56 19 29 0.5564722 
678 27 11 13 0.54188627 
738 53 17 20 0.5282843 
1 0 12 14 0.5282115 
795 22 11 14 0.50962687 
882 49 10 12 0.5095738 
0 45 22 46 0.44164833 
876 555 104 79 0.41903636 
638 19 13 18 0.415049 
739 26 10 13 0.35807276 
479 36 16 24 0.3309581 
