22_Picnic_Picnic_22_732
55
281 603 11 16 0.99074805 
723 581 10 15 0.9759454 
525 603 8 14 0.9707483 
337 610 14 17 0.9492644 
216 629 13 16 0.94902664 
191 603 9 16 0.9445387 
584 541 9 13 0.9117107 
323 581 11 14 0.8912534 
223 588 11 13 0.8785806 
59 655 17 20 0.87016904 
849 619 13 16 0.8699656 
580 559 9 12 0.8504366 
149 590 11 13 0.77357465 
607 613 10 12 0.7615339 
427 572 9 12 0.75157905 
407 569 8 11 0.7489279 
211 548 9 12 0.73390466 
53 661 21 15 0.6825358 
240 572 13 15 0.67706656 
451 0 48 60 0.67080945 
59 551 10 12 0.66287094 
367 587 9 11 0.65941924 
488 560 9 12 0.6482292 
790 547 9 12 0.62380326 
989 568 7 13 0.6046569 
158 536 9 11 0.54126424 
366 565 9 12 0.53370225 
629 568 7 12 0.5326934 
247 584 11 13 0.5278189 
193 606 10 14 0.50953436 
296 544 8 11 0.50407666 
107 559 9 12 0.4964435 
822 553 9 10 0.48559907 
415 624 8 15 0.4610907 
706 568 11 14 0.4527341 
562 540 8 13 0.45267677 
450 539 7 10 0.4289892 
1014 601 7 13 0.41835666 
201 525 11 13 0.4144062 
595 580 9 13 0.41102335 
216 539 8 11 0.40906677 
148 522 9 10 0.3831597 
342 527 6 9 0.37879878 
883 668 11 15 0.3754412 
864 577 9 14 0.37463725 
467 533 7 9 0.37282917 
614 548 8 11 0.36248013 
197 526 14 16 0.36096957 
50 547 9 13 0.35405222 
517 564 8 11 0.3481891 
510 540 10 12 0.32067516 
171 522 9 10 0.30922696 
215 610 10 12 0.30562904 
355 563 9 11 0.304352 
719 17 189 174 0.3036259 
