22_Picnic_Picnic_22_310
20
649 223 40 58 0.9992374 
599 186 21 30 0.9974279 
452 210 19 33 0.9970668 
272 201 46 67 0.9958941 
855 217 27 32 0.9939971 
148 276 12 15 0.94351727 
764 192 18 33 0.9266318 
521 274 19 28 0.90082747 
696 195 14 27 0.8921 
0 573 27 48 0.85936034 
678 188 24 33 0.75865185 
40 280 12 20 0.68274266 
90 301 14 21 0.65644616 
969 236 32 36 0.52984995 
511 604 31 34 0.45430228 
980 222 28 45 0.3974069 
114 275 8 15 0.370017 
769 193 22 31 0.35069704 
32 278 20 29 0.32821652 
515 280 22 28 0.3124414 
