50_Celebration_Or_Party_houseparty_50_609
46
214 347 67 77 0.9998579 
287 245 43 54 0.9998398 
139 256 46 49 0.99925953 
213 213 32 45 0.99819404 
842 193 22 28 0.9951952 
889 176 19 25 0.9948289 
412 236 25 32 0.9855747 
127 237 31 35 0.98003995 
995 123 12 16 0.9734205 
800 212 22 30 0.9695625 
787 158 14 17 0.96141905 
994 255 30 48 0.94360405 
532 126 10 13 0.9251443 
873 172 11 16 0.89737755 
473 176 31 44 0.88628674 
601 252 26 44 0.87825143 
891 133 11 16 0.8752722 
768 187 22 31 0.87371266 
820 167 13 15 0.8410058 
636 168 13 18 0.81527674 
832 134 12 15 0.8147063 
834 172 12 16 0.7838069 
91 225 20 33 0.7811869 
185 215 15 24 0.76004064 
964 191 13 15 0.7533673 
144 220 24 23 0.7486098 
809 189 18 22 0.644175 
708 188 18 24 0.6379705 
481 129 8 10 0.6190248 
308 322 51 79 0.5421194 
333 191 20 36 0.53222334 
552 256 75 77 0.5274315 
275 179 18 26 0.51498663 
814 2 25 33 0.49696025 
441 163 18 21 0.49437076 
328 199 22 32 0.493713 
752 185 39 40 0.4834636 
540 265 56 67 0.46743774 
740 158 13 16 0.4180535 
882 156 10 11 0.39454505 
321 186 33 49 0.3613095 
930 128 10 17 0.339046 
858 484 53 65 0.32550073 
317 204 33 34 0.32373944 
578 122 10 14 0.32114425 
738 142 18 33 0.31872407 
