47_Matador_Bullfighter_matadorbullfighting_47_491
19
316 196 14 17 0.9543905 
949 63 12 15 0.953928 
983 198 14 16 0.91176957 
102 191 14 16 0.8458328 
405 190 15 17 0.83256245 
348 194 11 16 0.79614145 
5 152 13 16 0.7880371 
871 137 12 14 0.65098345 
36 189 13 17 0.627893 
228 187 13 13 0.61851907 
462 257 27 33 0.61802095 
891 134 12 15 0.5694391 
378 184 13 17 0.5662671 
259 375 237 223 0.46483302 
749 192 14 21 0.38770515 
893 138 13 16 0.35699707 
932 192 12 15 0.35314134 
757 195 11 20 0.3514925 
58 189 10 15 0.30368906 
