47_Matador_Bullfighter_Matador_Bullfighter_47_912
68
779 126 26 32 0.99961925 
777 4 25 32 0.9991615 
731 64 24 29 0.99888974 
843 59 26 34 0.99874485 
632 111 21 33 0.9980065 
602 100 22 28 0.99746525 
546 58 19 21 0.99744487 
915 0 36 39 0.9968045 
248 177 22 34 0.99647933 
846 116 36 42 0.99644 
684 58 21 23 0.9958818 
629 18 19 23 0.995333 
435 28 17 23 0.99519736 
658 7 15 21 0.9950806 
371 100 19 23 0.9946674 
180 44 19 21 0.9943751 
379 36 19 23 0.99429625 
738 12 19 24 0.99368805 
820 0 19 18 0.9928818 
326 96 20 24 0.99150676 
593 164 24 30 0.9914187 
92 37 16 18 0.990348 
688 27 20 21 0.9898112 
511 18 18 21 0.9878983 
84 0 14 12 0.9878521 
236 20 16 20 0.98734504 
879 112 37 53 0.98569554 
596 48 20 22 0.98226637 
568 2 17 20 0.97995824 
119 19 16 19 0.9760073 
157 20 15 18 0.970547 
846 349 43 47 0.95847845 
57 13 18 21 0.95816797 
728 301 44 67 0.9412186 
479 19 17 20 0.93247736 
110 0 14 10 0.9179656 
32 19 16 18 0.90258306 
498 106 20 22 0.9023978 
910 60 32 41 0.8599107 
946 265 58 95 0.8508764 
0 19 11 20 0.8320742 
347 50 13 16 0.81217784 
695 110 20 26 0.8106624 
679 8 14 18 0.8044498 
724 119 19 27 0.79497546 
356 0 14 14 0.7876189 
991 40 21 25 0.7083793 
749 115 23 24 0.7059105 
463 511 87 73 0.68999195 
862 25 21 22 0.6636662 
442 2 14 15 0.6554759 
285 204 35 26 0.63322103 
976 66 26 32 0.5918571 
952 430 64 84 0.583096 
276 2 14 16 0.5711209 
226 10 12 16 0.5463555 
39 505 87 90 0.5422585 
859 0 21 24 0.5302559 
768 110 20 30 0.5047029 
716 117 20 31 0.47708076 
609 18 19 22 0.47479627 
386 15 15 17 0.43214306 
834 221 34 42 0.4220016 
84 305 45 69 0.42166272 
546 112 14 20 0.4162216 
860 213 40 75 0.36819017 
843 455 43 62 0.3373326 
41 320 55 59 0.30497175 
