47_Matador_Bullfighter_matadorbullfighting_47_731
100
575 138 22 28 0.9988815 
424 170 20 22 0.9949709 
12 167 14 14 0.9298489 
997 129 13 15 0.9111688 
0 79 7 13 0.88075745 
389 148 11 12 0.86076427 
645 151 12 15 0.8505955 
28 152 12 14 0.8416655 
34 97 11 12 0.81693494 
72 149 12 14 0.8082039 
412 156 12 12 0.8076285 
368 153 12 14 0.7913519 
196 161 11 12 0.7531027 
141 10 11 14 0.7528619 
496 116 13 15 0.725137 
103 121 11 12 0.72297364 
907 134 11 14 0.72120994 
40 127 12 13 0.7211923 
522 123 11 15 0.71776253 
1006 4 10 13 0.7047494 
973 140 13 18 0.6998331 
529 182 12 15 0.68417853 
780 137 12 12 0.6687928 
166 157 11 13 0.66066384 
990 79 12 13 0.6585873 
871 111 11 15 0.6518025 
974 136 13 13 0.6490849 
359 116 12 14 0.64695776 
968 90 12 14 0.644299 
363 163 13 13 0.6263465 
325 141 13 17 0.6242228 
182 90 11 13 0.6230772 
721 135 11 12 0.622112 
100 89 10 11 0.6208188 
0 4 5 12 0.6093927 
51 83 11 12 0.60409945 
622 129 11 14 0.6039626 
914 109 11 13 0.60113037 
429 104 11 13 0.5841612 
190 138 11 14 0.583365 
347 108 11 13 0.580381 
923 89 11 16 0.57496315 
86 99 11 14 0.5651555 
524 152 12 15 0.5625802 
278 143 11 15 0.5528999 
125 145 10 13 0.54889244 
890 102 10 13 0.5476405 
83 122 11 15 0.5379823 
882 129 11 13 0.5379131 
962 72 10 12 0.5361738 
565 121 12 14 0.5298818 
331 75 10 12 0.52674806 
106 137 11 16 0.52244776 
403 133 12 13 0.5221976 
460 148 11 13 0.52167827 
307 76 12 13 0.5191216 
679 89 10 12 0.51894444 
767 126 11 13 0.5087962 
58 174 13 15 0.5080953 
179 3 10 11 0.5024815 
2 148 11 14 0.50120956 
839 85 11 13 0.4958641 
189 8 12 13 0.49507508 
505 138 12 16 0.4946064 
819 159 11 14 0.4793568 
402 0 11 10 0.47848555 
287 12 10 11 0.47515053 
602 117 11 14 0.47212115 
986 109 12 14 0.4628669 
18 136 13 13 0.4621493 
164 6 10 12 0.4597086 
24 1 10 11 0.45891234 
494 63 11 13 0.45476437 
438 127 12 12 0.4517843 
626 107 11 14 0.44588163 
227 89 9 11 0.44266367 
28 78 11 12 0.4423915 
834 111 11 13 0.4351983 
414 79 11 13 0.43502256 
453 106 11 12 0.43456212 
128 5 10 12 0.43402448 
543 79 10 11 0.4328501 
971 46 11 14 0.42901877 
1014 84 9 14 0.4238954 
709 128 11 12 0.42123505 
44 5 10 13 0.41989017 
410 158 13 15 0.41480827 
485 111 11 12 0.41311026 
985 103 13 15 0.4125365 
755 87 11 14 0.40872002 
71 67 11 13 0.39985314 
973 173 12 16 0.39879203 
783 79 10 13 0.39758447 
303 1 10 12 0.39752832 
946 38 11 13 0.39147782 
679 114 12 13 0.38772282 
82 80 11 13 0.38490656 
450 139 11 14 0.38201746 
231 6 11 11 0.3789433 
870 93 10 12 0.37144893 
