55_Sports_Coach_Trainer_sportcoaching_55_122
29
58 373 36 43 0.9994136 
872 393 36 48 0.9989077 
101 279 29 38 0.9973098 
725 371 37 51 0.99641234 
346 294 28 29 0.9961635 
867 302 26 35 0.99609166 
812 271 32 39 0.99591607 
36 171 29 35 0.99541414 
457 310 27 32 0.9920621 
563 300 30 36 0.9919957 
181 280 28 37 0.99083966 
26 218 26 29 0.99034053 
527 294 26 29 0.98949593 
20 250 29 39 0.98708564 
737 274 27 34 0.9845293 
627 271 28 32 0.97984344 
963 218 43 40 0.9749928 
359 250 25 26 0.9505094 
666 298 28 35 0.9128886 
260 270 25 32 0.8944712 
769 269 36 37 0.8600465 
603 258 24 29 0.72757155 
831 203 34 46 0.61055267 
522 260 26 36 0.5997966 
386 267 20 28 0.5701673 
617 215 36 43 0.5205342 
694 285 23 31 0.42908847 
127 190 26 32 0.38924327 
556 280 38 61 0.36741138 
