55_Sports_Coach_Trainer_sportcoaching_55_774
28
445 170 22 33 0.9997569 
794 273 57 88 0.9997446 
474 195 27 40 0.9991258 
848 56 53 86 0.9987779 
660 103 23 30 0.99834347 
126 263 37 57 0.9980471 
601 143 28 39 0.9979032 
520 295 39 46 0.98883224 
329 77 20 25 0.98701525 
673 11 11 12 0.9808796 
754 122 56 97 0.9754396 
418 104 20 24 0.9706664 
421 43 13 13 0.95852727 
383 7 14 18 0.9481926 
343 96 20 27 0.89729106 
362 174 27 38 0.8960188 
793 318 59 42 0.8291203 
382 73 16 21 0.81136703 
409 15 12 13 0.80514234 
404 72 24 30 0.6173236 
848 103 56 40 0.5761563 
341 105 25 22 0.55243737 
485 170 21 27 0.5366647 
388 8 13 19 0.4067249 
345 4 10 11 0.39393392 
324 18 10 16 0.33321485 
488 124 20 19 0.31573138 
332 0 8 8 0.30380288 
