55_Sports_Coach_Trainer_sportcoaching_55_643
18
505 218 17 20 0.99629956 
471 233 16 23 0.98798907 
6 294 27 34 0.98212576 
295 260 18 23 0.9509688 
785 213 18 22 0.9401063 
596 255 14 21 0.8428267 
422 267 18 20 0.8033602 
663 257 17 21 0.68846667 
690 261 12 17 0.6754773 
781 211 15 20 0.6450342 
528 258 14 17 0.53460515 
861 249 13 17 0.50477934 
12 290 32 38 0.40331346 
647 253 15 21 0.3705852 
281 246 14 20 0.35361725 
457 311 18 21 0.35090163 
932 216 14 19 0.33948004 
371 218 9 17 0.3094353 
