48_Parachutist_Paratrooper_Parachutist_Paratrooper_48_72
37
610 326 28 30 0.9988716 
54 322 24 24 0.99858344 
16 309 24 24 0.9975376 
95 323 30 32 0.9973387 
254 277 25 30 0.9961455 
333 283 22 27 0.99344796 
483 298 19 21 0.9894304 
165 297 41 27 0.9834853 
455 305 20 22 0.98178023 
764 306 15 15 0.9649263 
954 308 13 15 0.9601252 
934 297 14 17 0.9598486 
863 301 15 17 0.93330055 
895 305 11 12 0.9098673 
708 285 14 15 0.8505533 
902 315 21 20 0.8370017 
631 296 11 14 0.81011635 
568 289 13 16 0.76056725 
536 288 15 17 0.7602942 
596 293 15 16 0.6965078 
401 285 22 29 0.6783636 
181 297 36 28 0.66215336 
228 328 19 18 0.6593757 
841 298 11 11 0.63961244 
48 306 15 16 0.6332119 
277 298 17 19 0.6263185 
974 312 12 12 0.61444235 
924 300 13 15 0.5978654 
417 303 15 17 0.59551466 
182 399 29 19 0.57247233 
805 297 14 14 0.56095976 
1011 304 12 13 0.454968 
790 300 13 15 0.4229484 
923 305 12 12 0.3463965 
475 374 16 15 0.3448457 
448 307 21 22 0.34213662 
928 321 18 21 0.31932735 
