36_Football_Football_36_157
100
508 175 21 24 0.9976502 
868 84 22 28 0.99470216 
876 172 22 27 0.99454814 
614 74 21 23 0.99451303 
740 218 28 31 0.99438006 
907 217 23 31 0.99437815 
75 196 19 24 0.99383026 
426 262 20 26 0.993551 
42 255 23 27 0.99320084 
229 172 19 25 0.9928148 
607 240 28 32 0.9921672 
303 158 19 26 0.99193805 
756 119 17 21 0.9918982 
660 253 22 25 0.9917606 
546 109 16 22 0.99130124 
49 129 21 28 0.9909999 
535 75 20 27 0.99030393 
144 270 15 23 0.9902597 
162 202 21 27 0.98984796 
197 1 20 20 0.98944914 
787 57 17 21 0.98792666 
541 27 20 25 0.98732775 
578 84 19 23 0.9872191 
499 246 24 32 0.987046 
409 140 20 23 0.9866196 
0 181 19 25 0.9855252 
964 136 17 25 0.98489493 
607 142 23 28 0.98488265 
564 103 20 28 0.9848504 
898 83 22 28 0.983146 
185 185 20 24 0.98148096 
667 33 20 25 0.98142344 
334 180 21 22 0.9811265 
898 25 18 26 0.9796774 
392 192 33 41 0.97869164 
301 217 20 20 0.9774869 
460 32 22 28 0.977222 
750 185 24 29 0.97577465 
903 104 18 23 0.9756958 
524 110 19 24 0.9740418 
151 151 19 22 0.9728258 
985 245 21 25 0.9728232 
416 1 23 23 0.972316 
96 239 22 26 0.9716906 
855 0 21 21 0.97059274 
633 194 20 23 0.9697034 
285 134 18 23 0.96781564 
391 82 21 23 0.9660097 
157 177 21 24 0.9655735 
786 174 23 25 0.9650612 
433 218 19 25 0.96466154 
144 96 18 24 0.964298 
494 7 16 21 0.96396506 
582 188 22 23 0.9631581 
892 128 15 20 0.9619276 
642 0 16 16 0.961586 
846 50 19 21 0.9606367 
337 104 19 22 0.9518314 
981 158 15 27 0.94762427 
439 346 22 35 0.9434353 
479 122 20 25 0.9418019 
906 167 20 24 0.9415664 
969 26 16 20 0.9400928 
248 117 16 22 0.9380031 
232 78 21 27 0.9287554 
342 133 21 27 0.92762595 
545 193 17 20 0.9268877 
578 6 22 27 0.9261461 
270 164 19 22 0.9185003 
335 39 20 26 0.9135327 
16 116 18 28 0.9057413 
308 254 25 28 0.900518 
236 250 28 31 0.89587367 
979 198 14 24 0.8891527 
44 187 21 25 0.8725659 
112 136 18 24 0.8703227 
91 107 14 18 0.86800224 
292 91 20 24 0.8643954 
616 40 19 23 0.8604912 
833 109 13 19 0.8430748 
245 192 22 25 0.8391571 
412 57 17 17 0.8391338 
88 134 19 25 0.8332137 
487 88 19 25 0.82985497 
515 55 17 22 0.8174412 
784 237 26 26 0.8103048 
513 147 20 21 0.79827493 
361 118 15 19 0.7976575 
270 44 19 21 0.78212804 
177 95 19 26 0.769025 
114 200 18 21 0.7670264 
438 166 23 22 0.75299513 
320 82 22 23 0.7411592 
78 147 20 24 0.7402209 
485 337 36 53 0.73502743 
383 128 18 22 0.7250515 
819 18 14 18 0.61601186 
934 168 20 25 0.6136126 
95 5 20 20 0.6095348 
897 194 19 24 0.6011939 
