36_Football_americanfootball_ball_36_6
33
612 253 14 18 0.99860877 
939 153 15 18 0.9970734 
399 195 14 17 0.99619126 
301 173 13 18 0.9960049 
407 157 15 18 0.9954235 
565 124 14 16 0.99520904 
995 150 14 14 0.9947937 
250 168 15 16 0.99335563 
354 271 14 16 0.9930228 
25 153 14 17 0.9926122 
357 169 12 15 0.99260485 
596 215 15 17 0.9908826 
443 198 21 24 0.97263473 
250 272 17 20 0.9718764 
803 121 34 46 0.9584438 
128 103 33 52 0.9580959 
653 161 13 17 0.95479333 
493 196 14 16 0.9517725 
574 272 13 14 0.95089304 
376 217 13 18 0.93742764 
613 165 12 15 0.93629146 
478 240 36 46 0.93099713 
647 233 13 13 0.9195529 
449 178 13 15 0.8786041 
494 173 13 15 0.8491169 
969 257 15 17 0.79904425 
869 155 23 29 0.79762805 
542 212 23 28 0.6104721 
635 323 20 27 0.4903138 
331 469 17 27 0.45972365 
559 299 13 15 0.41794452 
160 167 21 37 0.35187018 
961 217 13 14 0.31176084 
