56_Voter_peoplevoting_56_410
35
271 468 16 21 0.9839807 
177 434 17 19 0.97810674 
469 431 18 22 0.9682068 
367 435 16 19 0.9539878 
57 445 16 20 0.9499277 
122 451 16 19 0.9483067 
492 444 15 18 0.9046998 
32 426 17 22 0.9007077 
421 452 16 20 0.8907609 
96 435 15 20 0.8893615 
423 429 16 18 0.88158643 
616 462 15 18 0.8730299 
691 475 19 22 0.8638659 
322 441 14 19 0.85176575 
931 461 19 17 0.8380426 
286 440 14 19 0.8131491 
551 445 14 17 0.8048873 
527 428 16 17 0.7765739 
744 476 15 19 0.76564246 
983 454 20 28 0.7611772 
937 425 16 18 0.69917274 
322 61 25 27 0.6358029 
827 428 18 20 0.6227339 
962 440 14 15 0.6028925 
192 422 18 24 0.6021238 
401 419 14 14 0.59849596 
896 427 15 16 0.59738314 
216 461 15 19 0.48434424 
644 466 14 19 0.4591147 
816 466 15 16 0.39508218 
643 453 15 17 0.36944523 
922 440 13 15 0.34658843 
81 444 18 22 0.3308076 
571 446 11 14 0.3245037 
947 458 19 24 0.3040319 
