42_Car_Racing_Car_Racing_42_906
19
236 81 27 35 0.9996094 
586 105 27 36 0.9992238 
194 102 34 40 0.99905604 
756 80 24 34 0.9980484 
392 147 25 27 0.9978108 
652 77 24 35 0.9975291 
418 93 26 35 0.9974718 
294 96 30 43 0.9942987 
840 107 29 37 0.9902154 
332 112 25 39 0.98822707 
499 78 27 38 0.9881967 
567 72 24 37 0.9821686 
707 70 19 35 0.9573882 
754 95 29 21 0.72299296 
499 90 30 35 0.5826792 
651 95 23 18 0.53890747 
538 234 14 21 0.49551252 
462 236 22 20 0.3439753 
708 88 17 19 0.31393766 
