49_Greeting_peoplegreeting_49_53
21
222 330 46 72 0.99956757 
667 213 48 67 0.9994875 
329 641 69 94 0.99931264 
436 336 58 73 0.99927443 
799 395 61 80 0.9991831 
347 331 44 69 0.9984256 
88 383 59 80 0.9976465 
775 668 67 89 0.996506 
567 166 45 70 0.99348795 
707 292 37 63 0.9903764 
830 329 45 61 0.989682 
687 381 44 67 0.9802024 
171 280 40 69 0.9767007 
174 1304 52 34 0.87582034 
505 270 50 65 0.85866195 
231 261 35 62 0.85135174 
109 341 51 72 0.7919121 
229 217 42 62 0.78948694 
330 232 41 59 0.61018425 
226 144 21 25 0.5569843 
841 273 51 77 0.4498258 
