0_Parade_Parade_0_472
24
318 116 43 51 0.99943334 
59 135 32 37 0.9994168 
603 262 44 55 0.99863416 
511 131 35 41 0.9981034 
975 147 17 18 0.9888781 
708 110 20 24 0.98759884 
932 228 18 24 0.9808152 
657 166 18 24 0.94702965 
629 164 16 17 0.94352275 
562 136 17 26 0.92434627 
951 153 13 17 0.900239 
401 129 28 29 0.8988503 
747 120 14 25 0.8860835 
730 118 16 23 0.87252384 
832 116 15 25 0.76813287 
815 119 18 25 0.6739127 
678 126 13 16 0.5746809 
787 165 15 26 0.54444546 
644 120 13 21 0.5436044 
841 169 15 31 0.4481167 
724 112 12 16 0.43754867 
937 154 12 15 0.425419 
600 222 13 21 0.34822172 
819 120 22 25 0.3276276 
