0_Parade_Parade_0_120
25
951 306 42 48 0.99953043 
110 304 40 48 0.9991673 
525 334 32 32 0.9972777 
45 322 25 34 0.99330455 
327 314 17 20 0.978458 
24 373 28 31 0.9753128 
492 315 18 22 0.9309222 
442 326 17 18 0.9290883 
664 327 16 16 0.8662021 
391 332 16 17 0.8551851 
627 318 14 17 0.8252002 
744 311 14 15 0.7819954 
562 319 14 15 0.6913015 
987 332 23 36 0.66315997 
757 317 14 13 0.6342079 
698 321 13 13 0.6132415 
161 738 35 20 0.5683958 
8 352 27 33 0.5591447 
286 343 14 16 0.5565776 
233 341 15 22 0.5391378 
553 324 13 17 0.39524335 
910 306 17 18 0.36668643 
238 325 13 15 0.326336 
826 321 15 15 0.3144496 
990 227 22 28 0.3055951 
