0_Parade_marchingband_1_768
19
462 611 20 30 0.99766076 
674 636 35 41 0.9964933 
982 641 37 34 0.9959013 
279 208 39 46 0.9923613 
819 618 35 42 0.99122846 
533 613 20 24 0.9796419 
300 648 11 15 0.79006994 
910 650 29 33 0.77935123 
640 635 11 16 0.70808274 
402 627 10 13 0.6999081 
500 636 12 15 0.6949619 
423 0 58 56 0.66535956 
712 623 12 16 0.64849055 
550 620 16 21 0.64701337 
784 622 13 16 0.58869886 
609 631 10 13 0.5442297 
542 615 22 24 0.45777267 
180 588 18 21 0.39315125 
179 651 29 30 0.3303561 
