0_Parade_Parade_0_29
25
800 167 43 48 0.99977845 
978 186 36 41 0.999627 
540 166 64 71 0.9994217 
193 240 20 22 0.99940217 
315 232 32 39 0.99857724 
238 235 24 27 0.998073 
421 248 20 20 0.9941691 
161 249 17 20 0.992203 
586 238 26 30 0.99175596 
486 235 17 17 0.9859475 
704 245 18 18 0.98089486 
140 249 14 15 0.97818965 
860 235 19 21 0.97362477 
746 241 23 27 0.9730109 
292 241 14 17 0.9557924 
510 244 13 14 0.8921285 
120 243 12 13 0.89080495 
692 247 13 15 0.86076236 
351 240 19 22 0.775757 
617 252 13 16 0.7675461 
409 240 14 17 0.7063948 
219 252 11 13 0.5738094 
647 240 8 11 0.48099697 
668 241 8 9 0.31459263 
374 254 10 11 0.30604634 
