0_Parade_Parade_0_664
60
938 336 26 29 0.9978181 
619 340 19 29 0.99604475 
975 344 21 20 0.99163705 
465 340 22 28 0.98996663 
14 338 39 34 0.98562765 
124 324 22 24 0.97843057 
580 328 18 21 0.97578514 
197 294 12 14 0.9726323 
844 324 17 24 0.97214454 
409 334 20 25 0.95492375 
212 315 21 24 0.9526863 
543 351 23 21 0.94334006 
658 319 18 22 0.932428 
488 325 18 23 0.9207046 
462 301 15 17 0.9079221 
361 324 16 18 0.88181275 
515 314 14 18 0.86024964 
807 349 19 23 0.85996634 
60 310 16 19 0.85894006 
136 319 17 21 0.8179904 
166 351 25 21 0.8080877 
672 314 13 16 0.76637137 
999 303 10 10 0.7623179 
210 299 11 11 0.7610254 
31 306 20 21 0.75948447 
955 313 10 10 0.7421417 
89 289 11 10 0.6571146 
785 327 15 15 0.6281176 
38 288 10 10 0.5825025 
982 309 10 10 0.57578474 
882 359 24 13 0.56225437 
842 298 8 8 0.5435405 
424 309 9 13 0.51349396 
1012 324 12 11 0.48293868 
249 303 12 12 0.47694865 
671 298 8 9 0.46235284 
488 303 14 16 0.46104196 
578 307 11 12 0.4591977 
529 300 10 11 0.45241624 
161 305 11 14 0.4230792 
15 287 8 9 0.42267972 
554 292 8 11 0.4189685 
863 343 16 18 0.41499722 
305 336 13 20 0.39081335 
368 303 9 12 0.38518906 
134 304 12 12 0.37997055 
109 298 12 11 0.36773703 
231 298 14 13 0.36216033 
890 321 9 11 0.36189067 
892 312 10 8 0.36148447 
357 296 8 8 0.35156253 
271 281 8 10 0.35060462 
795 292 6 8 0.34903347 
502 298 10 11 0.33805996 
252 297 8 9 0.33694687 
127 280 10 11 0.33354992 
920 309 9 10 0.33110794 
861 307 10 9 0.3295184 
720 355 44 17 0.31999233 
992 341 16 12 0.30853182 
