0_Parade_marchingband_1_149
24
809 237 25 34 0.9996056 
282 385 25 35 0.9994517 
632 377 26 34 0.99916005 
713 387 27 38 0.9991161 
352 237 23 29 0.9989924 
729 239 24 29 0.99893695 
604 321 22 31 0.9988238 
443 373 27 38 0.99870217 
672 317 24 31 0.99852127 
664 236 24 31 0.99849296 
783 313 26 31 0.99845314 
474 232 22 29 0.99811554 
600 239 22 30 0.99810624 
405 223 22 29 0.9980829 
212 233 23 31 0.99794835 
527 385 25 33 0.99776006 
280 230 24 28 0.9977375 
535 222 22 31 0.9974953 
226 313 23 31 0.9972869 
373 380 25 36 0.9964768 
310 314 24 30 0.9960198 
537 300 23 31 0.9955264 
390 310 24 28 0.9933611 
465 305 21 28 0.9924672 
