0_Parade_Parade_0_639
21
591 98 28 35 0.9995573 
716 77 23 33 0.9992211 
516 159 27 35 0.9986045 
341 208 30 42 0.9982437 
638 571 45 72 0.9973845 
810 441 11 14 0.92689025 
977 527 47 112 0.9267937 
271 196 40 57 0.9178928 
825 437 12 16 0.9103545 
952 421 14 22 0.9028536 
577 144 21 31 0.8864491 
441 267 26 38 0.8652933 
910 552 42 81 0.85196066 
882 427 13 17 0.84238726 
939 409 10 14 0.81672955 
291 223 23 38 0.5164368 
425 287 17 27 0.44242966 
904 413 8 10 0.42957795 
968 480 29 52 0.4097591 
453 493 18 23 0.37654927 
911 436 10 15 0.33378094 
