0_Parade_Parade_0_490
71
771 548 109 150 0.99944335 
124 442 77 90 0.9993562 
242 320 54 69 0.9991258 
768 317 59 84 0.9991227 
898 356 79 108 0.999038 
476 328 48 68 0.9988427 
731 242 40 45 0.9988362 
383 350 61 74 0.99867344 
177 198 48 63 0.99845564 
595 279 52 65 0.99829835 
16 290 43 55 0.9968459 
525 221 35 43 0.9962798 
351 126 28 32 0.9960718 
278 179 37 43 0.9959454 
175 134 32 36 0.993654 
102 185 45 54 0.9928906 
667 640 36 59 0.99269354 
503 153 33 40 0.9926622 
911 85 28 29 0.992034 
716 90 31 33 0.98349655 
745 155 35 44 0.9829574 
230 455 52 57 0.98043776 
760 85 33 38 0.98029035 
12 487 66 80 0.97894394 
939 197 43 37 0.9699416 
572 59 24 29 0.9683517 
969 54 24 33 0.9657493 
594 171 41 51 0.96501464 
380 184 45 52 0.96377313 
953 22 24 31 0.9606559 
29 169 25 31 0.9542529 
243 165 26 34 0.946533 
535 77 22 28 0.9460744 
668 132 42 57 0.94498175 
596 111 28 34 0.938327 
73 159 33 33 0.92318946 
447 70 22 26 0.9163992 
902 13 22 27 0.9106655 
276 80 21 26 0.91060776 
823 150 47 46 0.9068735 
930 6 21 30 0.8967999 
547 117 25 33 0.89390975 
432 112 24 28 0.89359033 
878 50 21 31 0.88798606 
672 80 26 30 0.86599165 
537 22 16 19 0.8501482 
384 97 23 28 0.8460253 
135 76 16 20 0.843115 
635 79 26 28 0.81906253 
60 112 16 21 0.80247504 
233 91 20 26 0.79680526 
722 43 21 26 0.74307305 
438 216 38 55 0.7287948 
9 140 20 23 0.70751137 
768 245 39 58 0.70341915 
22 382 27 43 0.68477637 
789 49 14 21 0.6080823 
90 62 13 20 0.60069144 
6 91 15 19 0.5789937 
207 18 10 14 0.5388849 
885 0 14 17 0.5010085 
480 282 35 37 0.49726963 
441 40 14 19 0.48047838 
643 20 14 19 0.47796482 
520 19 12 22 0.4628922 
503 93 15 23 0.44604015 
605 29 13 19 0.4228091 
369 239 37 54 0.40463802 
58 197 37 50 0.38187212 
246 56 15 15 0.3627072 
0 216 16 45 0.32153645 
