0_Parade_marchingband_1_1045
22
945 259 40 54 0.99955803 
659 270 30 36 0.9972535 
88 269 35 36 0.9932968 
356 294 23 24 0.9923804 
180 314 20 24 0.9861813 
585 257 32 41 0.9540008 
0 315 14 21 0.9409136 
280 304 23 23 0.93042874 
505 307 15 18 0.8991632 
384 299 16 19 0.89738303 
695 257 22 29 0.8592457 
442 305 15 18 0.83658785 
754 306 15 17 0.72778016 
201 320 13 17 0.72057265 
152 318 12 18 0.67560923 
776 297 13 14 0.58056027 
212 307 12 16 0.42515367 
790 301 12 14 0.3867023 
484 310 12 13 0.35727558 
287 0 146 76 0.35343844 
307 303 12 15 0.32166597 
469 291 12 17 0.31464934 
