0_Parade_Parade_0_377
29
572 305 31 37 0.99853396 
977 339 19 24 0.99605775 
254 504 69 94 0.9955798 
730 309 23 25 0.9911929 
16 265 39 68 0.9681141 
943 320 17 19 0.9678706 
245 339 28 34 0.8943401 
429 307 16 27 0.87928724 
857 364 61 76 0.8383708 
86 361 64 75 0.74456763 
520 288 21 31 0.6467312 
763 315 13 18 0.56889164 
810 310 13 16 0.56059116 
455 311 19 30 0.56007844 
709 310 17 22 0.55985487 
897 309 13 17 0.5396762 
163 323 26 36 0.53551316 
464 254 13 15 0.5143671 
846 311 10 14 0.51336896 
250 417 41 43 0.4780058 
349 334 20 35 0.46740705 
987 318 16 16 0.45086634 
357 271 22 28 0.41452825 
271 330 24 41 0.41226938 
262 255 20 24 0.39043778 
326 333 22 33 0.37508246 
251 414 29 32 0.31331882 
445 351 13 18 0.31198198 
933 514 15 17 0.30143023 
