0_Parade_Parade_0_470
23
473 332 68 94 0.9999211 
152 172 71 95 0.99981874 
319 371 80 106 0.9997851 
419 203 60 85 0.99974555 
122 469 84 109 0.99968207 
39 163 79 102 0.99962425 
705 230 59 87 0.99958783 
325 159 57 82 0.99955815 
932 269 60 72 0.9995433 
620 136 56 76 0.99950194 
601 243 73 98 0.999313 
901 173 57 70 0.9993105 
536 184 62 87 0.99925345 
465 143 54 66 0.99920887 
296 240 66 78 0.9990433 
777 227 60 78 0.99894804 
840 229 49 70 0.99840397 
848 175 52 68 0.9975432 
219 174 66 82 0.9961475 
762 170 17 27 0.9945662 
0 146 27 52 0.9516014 
275 175 26 36 0.75353163 
263 173 39 60 0.61524975 
