0_Parade_marchingband_1_765
100
89 323 19 23 0.9980028 
844 372 19 23 0.9978961 
494 366 17 23 0.9945603 
785 383 16 19 0.9945479 
152 381 18 20 0.99237365 
906 384 16 20 0.99206597 
307 371 19 22 0.99104977 
663 377 18 22 0.9865367 
912 291 14 17 0.98631454 
429 373 18 22 0.9858148 
728 383 16 21 0.9846064 
612 380 17 23 0.98453057 
195 374 17 18 0.9841324 
555 377 16 22 0.9830672 
369 369 17 22 0.98016375 
249 371 17 19 0.9785467 
693 353 14 17 0.97170043 
539 348 15 19 0.96898377 
453 342 15 20 0.96580803 
806 322 14 18 0.96466476 
173 258 13 16 0.96431243 
765 350 15 18 0.96162426 
823 179 11 15 0.9545035 
623 348 14 16 0.9529006 
140 274 14 16 0.9507728 
351 343 15 19 0.9493246 
113 299 16 20 0.94708025 
833 297 14 18 0.93921506 
202 221 13 16 0.93505204 
226 318 13 17 0.9299266 
317 306 15 17 0.92852557 
834 203 12 14 0.92304903 
872 247 12 14 0.8950938 
405 310 14 18 0.8878686 
615 295 13 17 0.8721838 
258 344 14 17 0.8716353 
650 317 14 17 0.869274 
502 314 14 18 0.8691442 
728 312 14 17 0.8668787 
848 224 13 15 0.845151 
786 274 13 17 0.8451138 
688 295 14 18 0.8311797 
674 247 12 16 0.8228223 
398 244 12 15 0.81613946 
770 293 12 16 0.81200254 
584 314 14 17 0.8097919 
715 271 12 17 0.80238086 
855 355 16 20 0.7978458 
790 149 10 12 0.78938776 
606 243 13 17 0.77307683 
285 234 11 14 0.7692521 
245 183 11 14 0.74404716 
340 266 12 15 0.741842 
894 267 11 16 0.7244494 
442 234 12 16 0.71644723 
745 252 12 15 0.7085779 
261 174 10 13 0.70477235 
802 252 12 15 0.7002629 
772 126 10 13 0.6985989 
704 230 11 16 0.6939449 
803 157 10 14 0.6895556 
253 268 12 17 0.67289585 
299 142 9 13 0.67074573 
779 222 11 12 0.66869086 
542 298 13 14 0.66610456 
641 233 11 15 0.66480225 
458 290 13 17 0.64875805 
648 266 12 17 0.64699364 
233 199 12 15 0.6350766 
723 213 11 14 0.628204 
501 264 11 16 0.6223421 
283 149 11 14 0.61666936 
363 230 12 15 0.61185426 
287 289 12 18 0.6094623 
629 151 11 14 0.6093762 
312 249 12 16 0.6000721 
421 269 12 16 0.5942158 
310 203 10 13 0.5916959 
779 138 11 13 0.58726335 
764 230 11 13 0.5859582 
466 249 11 17 0.5682348 
664 210 12 16 0.56199294 
630 199 11 15 0.5436652 
758 190 10 13 0.54168075 
578 268 12 16 0.53676015 
745 203 10 13 0.5318651 
370 291 12 17 0.52218235 
569 234 11 14 0.5202357 
731 181 9 12 0.51844674 
598 165 10 11 0.5112851 
540 208 11 14 0.5096542 
311 130 9 11 0.5054074 
332 218 10 14 0.5048595 
690 200 11 15 0.497492 
606 210 11 13 0.48884186 
716 154 10 12 0.48004636 
704 166 9 11 0.47452185 
384 204 9 13 0.46319807 
537 252 13 18 0.46194467 
712 190 9 14 0.45931858 
