0_Parade_marchingband_1_439
21
133 566 34 64 0.96099985 
912 487 36 48 0.8909028 
131 455 16 22 0.783991 
141 428 11 13 0.64089125 
83 429 12 13 0.62831986 
946 408 11 14 0.6082194 
961 421 14 15 0.5961627 
1009 401 11 14 0.5811139 
344 431 10 14 0.5218601 
219 423 11 12 0.5020112 
1009 418 12 16 0.46194944 
11 441 10 14 0.46112818 
13 428 9 13 0.4494473 
419 477 11 22 0.40822014 
1 429 9 13 0.4000775 
1 467 14 23 0.3948721 
430 533 22 27 0.3912086 
74 461 14 19 0.33111313 
328 432 11 13 0.3147056 
244 463 14 21 0.3017485 
978 431 13 16 0.30123836 
