0_Parade_marchingband_1_329
39
136 314 24 27 0.9996068 
896 337 22 23 0.99800426 
835 326 21 23 0.99656856 
179 392 21 22 0.9948697 
192 314 19 21 0.9937209 
80 298 21 22 0.9926893 
633 427 19 25 0.98794854 
213 344 18 17 0.98514014 
448 416 20 25 0.98431224 
784 353 17 16 0.9832659 
157 329 20 19 0.981781 
748 342 16 16 0.9805398 
510 427 18 24 0.97278476 
479 317 17 18 0.9689436 
758 393 16 18 0.9682673 
572 423 18 24 0.9611755 
332 323 15 17 0.9577624 
707 334 16 17 0.9568227 
566 338 16 20 0.9559613 
716 376 19 20 0.9509024 
373 326 15 19 0.95044136 
413 319 15 18 0.94747746 
330 389 17 18 0.94320154 
685 331 14 16 0.9405238 
291 319 17 19 0.93597555 
798 402 17 18 0.9314865 
524 318 15 17 0.9197118 
659 335 17 18 0.91923445 
254 387 17 18 0.90486157 
609 314 19 21 0.87401706 
571 307 16 17 0.8603147 
390 384 18 18 0.85160804 
767 335 15 16 0.8366896 
640 311 14 17 0.7769222 
542 324 14 14 0.68320334 
508 335 12 13 0.6175126 
401 331 14 16 0.5708039 
592 316 14 17 0.5456726 
302 444 16 21 0.34812066 
