0_Parade_marchingband_1_172
62
570 240 38 48 0.9992094 
244 167 32 40 0.99534273 
853 183 29 31 0.98758554 
671 179 28 32 0.98351717 
868 586 105 150 0.9791245 
944 126 23 29 0.96216625 
984 130 20 25 0.9544464 
746 125 25 30 0.94869006 
509 143 24 31 0.92610437 
114 84 23 27 0.9183395 
776 99 23 30 0.91618747 
561 132 23 29 0.9088185 
279 93 22 28 0.8781516 
649 104 22 26 0.8571662 
698 137 25 27 0.84207195 
492 109 22 27 0.83822113 
253 94 20 26 0.81651187 
374 107 24 29 0.7942731 
710 102 22 24 0.79367435 
968 118 16 22 0.7624221 
229 85 19 24 0.7609163 
524 92 20 27 0.75544095 
841 99 21 24 0.7296519 
173 79 19 25 0.7237595 
442 105 22 26 0.71953225 
874 103 17 20 0.7045501 
306 76 18 27 0.6958128 
370 83 20 25 0.6824566 
643 77 19 21 0.6511028 
198 95 18 22 0.63450235 
804 75 22 24 0.63398904 
72 81 18 23 0.6289952 
561 48 15 20 0.6030454 
586 77 20 22 0.577188 
68 32 15 18 0.5713961 
673 52 15 18 0.5702963 
249 46 17 22 0.56588167 
878 167 23 27 0.5638003 
440 69 18 24 0.5569895 
591 111 25 25 0.5360585 
1005 77 14 17 0.53364867 
0 32 12 19 0.51855093 
784 44 14 16 0.50378114 
398 102 17 25 0.49761727 
908 95 17 23 0.49053687 
332 121 17 24 0.4901755 
541 69 15 19 0.48859277 
487 68 18 22 0.48735768 
931 88 14 18 0.47168612 
819 163 23 26 0.44778645 
405 64 15 19 0.437704 
886 138 22 26 0.41977975 
956 86 13 17 0.41117963 
649 40 15 19 0.38117144 
812 34 10 13 0.38116157 
696 73 15 20 0.37261176 
606 48 13 16 0.37113085 
465 37 15 17 0.35971877 
285 40 15 15 0.359149 
998 36 11 16 0.33729798 
114 28 13 14 0.3041595 
840 24 12 15 0.30365807 
