21_Festival_Festival_21_201
20
771 306 31 51 0.99342394 
677 295 23 35 0.98428404 
718 378 23 28 0.9664528 
507 346 20 36 0.92709225 
393 367 24 31 0.9149955 
41 378 25 40 0.91198534 
218 423 22 29 0.88484794 
328 405 21 32 0.8806348 
552 311 20 25 0.8667316 
292 344 16 21 0.8591352 
640 292 17 27 0.6583394 
303 402 38 44 0.6103147 
297 371 27 30 0.495846 
612 331 16 20 0.428668 
679 70 26 37 0.41464835 
374 337 21 28 0.4075998 
400 338 16 23 0.37834147 
11 398 15 19 0.36388123 
903 307 20 26 0.31938773 
599 316 20 26 0.3019669 
