55_Sports_Coach_Trainer_sportcoaching_55_774
32
794 270 57 90 0.9998449 
847 57 57 82 0.9997634 
444 171 24 33 0.9988525 
475 195 27 39 0.99881774 
125 261 39 56 0.9975292 
660 103 23 30 0.99665135 
601 144 29 38 0.9965744 
519 294 40 45 0.9955135 
362 173 26 39 0.9940019 
673 10 12 14 0.9911758 
332 83 18 20 0.99090636 
346 97 19 23 0.9899222 
756 122 54 93 0.9897739 
418 104 19 23 0.9843717 
409 15 12 12 0.9670104 
421 42 13 14 0.9383198 
483 172 24 24 0.93452215 
372 23 13 16 0.8755736 
345 4 11 14 0.8729086 
384 7 14 17 0.8492143 
380 73 16 19 0.84434927 
357 16 13 14 0.6878746 
326 18 8 15 0.6116838 
443 12 14 12 0.5918941 
332 0 8 7 0.5800052 
442 0 18 17 0.55138344 
354 30 11 12 0.52134436 
542 161 17 27 0.47160673 
329 79 15 15 0.39902052 
389 9 12 15 0.3733428 
412 66 16 26 0.35940492 
488 123 21 19 0.31063828 
