55_Sports_Coach_Trainer_sportcoaching_55_789
23
149 214 43 73 0.99986017 
673 197 38 61 0.99949706 
68 236 40 66 0.9993067 
454 245 41 63 0.9992855 
270 226 46 64 0.99928194 
543 259 39 54 0.9992362 
632 274 42 62 0.99921703 
730 332 41 60 0.9992003 
928 327 45 60 0.9990081 
367 284 37 63 0.9988757 
327 127 34 58 0.9988153 
466 156 39 61 0.99853027 
231 185 40 63 0.9984627 
590 216 37 59 0.9982102 
922 156 43 66 0.9981153 
763 166 39 64 0.99737597 
89 171 39 52 0.99729 
615 114 35 58 0.996617 
392 222 38 60 0.99605197 
824 317 37 58 0.9960169 
200 145 34 44 0.9948196 
425 122 32 58 0.99148613 
54 127 36 58 0.97344714 
