55_Sports_Coach_Trainer_sportcoaching_55_122
41
344 287 29 36 0.99940646 
870 393 36 49 0.9991192 
181 280 27 35 0.9987104 
58 371 35 44 0.9986625 
18 249 32 40 0.99801135 
966 218 38 43 0.99754286 
726 373 36 47 0.9971831 
866 303 27 35 0.9962315 
34 171 30 34 0.99551386 
632 267 22 33 0.99538165 
812 273 30 35 0.99503607 
27 217 25 32 0.9944464 
102 280 30 37 0.9931085 
564 302 27 34 0.99175596 
458 308 26 34 0.99063486 
737 276 26 34 0.9904702 
260 273 25 29 0.9886757 
527 291 25 33 0.98768914 
695 282 22 34 0.97963756 
360 245 22 33 0.97938716 
385 268 20 29 0.97200394 
743 244 20 25 0.9434437 
523 262 24 31 0.9406261 
670 298 22 34 0.92827535 
123 272 22 28 0.9087002 
773 273 25 32 0.8728509 
873 236 27 33 0.8415778 
171 270 24 27 0.772883 
605 261 18 26 0.7659732 
247 260 20 23 0.74017614 
184 233 22 26 0.7065985 
500 226 20 28 0.63196784 
880 164 15 17 0.6169132 
311 213 18 23 0.5960786 
438 275 20 29 0.48519352 
467 236 18 24 0.4414423 
608 259 14 19 0.40419996 
619 179 16 20 0.4031742 
769 507 28 43 0.38598844 
785 271 23 35 0.30778128 
496 289 20 25 0.30463332 
