55_Sports_Coach_Trainer_sportcoaching_55_516
18
573 131 36 48 0.99989855 
688 369 48 59 0.99973303 
665 197 30 38 0.9996878 
445 194 31 38 0.9996859 
372 320 44 56 0.99967265 
777 362 50 61 0.9996481 
319 208 31 38 0.9995901 
114 298 45 56 0.9995449 
253 316 46 59 0.9994875 
472 322 48 58 0.99947363 
587 338 44 56 0.99945813 
253 208 31 38 0.99926525 
772 207 28 36 0.99922454 
825 188 34 42 0.9991715 
380 212 29 35 0.9989925 
503 188 29 37 0.9989837 
741 206 24 36 0.9988194 
467 507 48 33 0.41318136 
