44_Aerobics_Aerobics_44_332
21
427 306 29 32 0.99343973 
180 303 19 29 0.977267 
702 308 21 29 0.9761652 
123 301 15 16 0.9565928 
749 306 14 18 0.9368988 
209 300 15 17 0.93199456 
21 292 14 17 0.9216489 
298 303 12 16 0.8949103 
546 306 15 20 0.8375115 
831 305 17 20 0.8349742 
987 304 14 15 0.8329246 
241 286 16 22 0.7783672 
395 300 15 16 0.7176046 
385 301 20 22 0.6283896 
74 300 12 13 0.6114899 
869 304 12 12 0.58969736 
445 298 18 25 0.54543954 
655 299 10 13 0.431824 
767 295 10 13 0.41367045 
533 286 13 15 0.3636529 
332 292 8 10 0.31363085 
