44_Aerobics_Aerobics_44_167
19
888 487 136 186 0.9998204 
275 309 65 92 0.9995553 
612 306 25 33 0.99949586 
373 281 31 41 0.9991835 
885 320 59 74 0.9983187 
176 278 24 29 0.9978375 
683 269 20 28 0.99667823 
926 245 21 28 0.9960459 
845 232 16 21 0.9938186 
723 265 17 19 0.99379385 
792 275 36 47 0.9928832 
959 261 15 20 0.9862687 
575 247 15 20 0.98214656 
770 273 22 35 0.96990955 
748 245 15 19 0.95295495 
375 264 23 28 0.88746315 
1009 272 15 15 0.8180501 
881 261 11 15 0.78901285 
823 262 21 27 0.31774932 
