32_Worker_Laborer_Worker_Laborer_32_516
21
48 27 69 84 0.99968004 
764 333 57 43 0.99965906 
756 98 41 51 0.99965763 
673 320 48 41 0.999603 
256 113 35 42 0.9993574 
299 119 41 56 0.99895597 
347 311 42 37 0.9986218 
576 355 45 34 0.9979728 
480 343 36 29 0.99742585 
419 123 29 38 0.99741495 
520 98 38 52 0.99607277 
281 316 47 35 0.9918934 
844 118 30 33 0.9915051 
677 156 20 28 0.98163486 
967 49 57 94 0.97548103 
367 147 19 21 0.97031176 
227 129 25 33 0.9498793 
728 142 27 26 0.9326367 
879 145 36 39 0.897624 
593 126 22 20 0.4739473 
964 90 60 47 0.37235227 
