5_Car_Accident_Accident_5_244
20
649 205 21 26 0.9989785 
841 200 24 40 0.9980014 
798 194 24 26 0.99479103 
707 187 20 25 0.9898818 
488 208 25 26 0.97609746 
918 189 20 25 0.9721524 
464 302 26 25 0.94643366 
997 190 27 53 0.87833273 
768 198 19 24 0.7863036 
570 187 18 26 0.7751832 
478 577 102 61 0.7560168 
630 317 31 35 0.7464845 
3 505 212 155 0.62058705 
572 184 15 20 0.6153613 
890 205 18 25 0.5321907 
5 531 129 123 0.51131487 
500 590 78 33 0.47346583 
79 193 66 80 0.42789796 
41 123 12 12 0.3516273 
574 181 18 27 0.30168843 
