10_People_Marching_People_Marching_2_36
30
257 324 26 32 0.99986553 
753 318 26 31 0.9998258 
950 338 33 38 0.99981135 
698 306 27 34 0.99978536 
815 332 30 33 0.9997743 
649 307 24 29 0.9995178 
503 319 25 35 0.9992798 
558 326 28 32 0.9992631 
428 304 26 31 0.99925774 
222 317 25 33 0.9992514 
385 295 24 30 0.99923587 
305 336 29 36 0.9992337 
467 308 26 34 0.9980154 
189 312 22 30 0.9971976 
154 305 24 32 0.993385 
32 286 16 20 0.88422143 
853 291 16 18 0.8756129 
323 292 18 25 0.8320264 
114 289 18 25 0.8302992 
134 293 20 29 0.78549635 
813 292 15 19 0.7842355 
929 291 16 21 0.7760057 
594 275 17 19 0.6923796 
12 313 16 16 0.6330449 
672 271 16 18 0.63297904 
632 290 16 23 0.5967238 
120 290 21 27 0.48234925 
828 291 18 20 0.43471918 
342 287 22 32 0.40638667 
713 282 19 22 0.32888573 
