10_People_Marching_People_Marching_2_373
100
511 414 40 47 0.9994991 
142 505 45 50 0.99949014 
352 435 46 54 0.9994523 
107 426 41 43 0.99883527 
20 322 37 38 0.99882406 
765 496 41 54 0.9987679 
249 465 41 47 0.9983662 
136 316 32 32 0.99767846 
692 481 48 51 0.99734783 
381 186 29 39 0.9971812 
281 294 36 41 0.99647033 
672 436 38 42 0.9961731 
983 241 32 37 0.9957522 
809 299 36 36 0.99528176 
629 471 40 46 0.9951008 
251 400 37 46 0.99462354 
392 345 37 43 0.9944112 
273 363 40 47 0.9929838 
912 229 30 34 0.9929328 
267 202 29 29 0.9926772 
71 469 37 46 0.99206597 
697 337 33 40 0.99202627 
152 345 33 36 0.990697 
954 502 41 50 0.9904947 
258 262 30 36 0.9900866 
291 470 33 42 0.98977405 
710 172 31 36 0.9896299 
53 541 40 35 0.989528 
461 326 36 42 0.98940897 
771 187 28 35 0.98933965 
619 112 26 29 0.9891754 
943 207 29 30 0.9885716 
52 303 32 40 0.9870863 
774 87 23 26 0.9853957 
264 138 27 31 0.9844657 
310 202 32 39 0.98445845 
270 95 26 32 0.98388 
169 385 35 39 0.9832818 
567 301 31 40 0.98324215 
756 334 32 40 0.9831402 
913 149 28 34 0.9830497 
808 145 26 27 0.9828347 
414 424 38 49 0.982752 
371 107 26 28 0.98232216 
837 75 27 28 0.98187274 
885 174 30 31 0.981752 
838 157 27 27 0.9811973 
499 94 26 31 0.97988164 
756 276 33 34 0.97911227 
695 202 31 30 0.9771021 
994 79 25 30 0.9759251 
147 101 26 29 0.9737674 
337 167 26 30 0.9736137 
223 309 31 40 0.97345155 
613 76 21 25 0.9708436 
765 115 27 27 0.96918935 
202 202 29 32 0.96904546 
691 294 32 35 0.96769273 
520 259 30 31 0.96658605 
367 383 31 37 0.9658927 
871 403 37 44 0.9653907 
47 429 38 43 0.96515775 
864 134 25 29 0.9650965 
969 91 26 31 0.96348655 
982 150 28 34 0.9632462 
90 376 33 39 0.9624953 
355 76 21 26 0.96114516 
50 51 24 27 0.95816064 
757 234 27 30 0.95737773 
857 295 28 33 0.95591235 
85 187 28 30 0.9535759 
398 254 26 27 0.95047057 
728 86 24 29 0.9487127 
546 92 26 29 0.94365925 
622 409 32 43 0.9425182 
774 147 24 26 0.94142723 
478 38 22 27 0.9383753 
991 476 30 43 0.9380706 
183 434 31 43 0.93723285 
367 135 28 31 0.9369614 
978 439 29 33 0.9355864 
254 165 23 28 0.92778426 
168 192 25 25 0.9272894 
183 120 23 30 0.9256399 
199 101 22 27 0.9236741 
319 541 44 35 0.92301434 
928 497 34 46 0.92140627 
168 287 34 45 0.9191584 
872 68 23 23 0.91463894 
173 498 30 44 0.913147 
406 55 19 21 0.91232646 
874 100 27 30 0.91036487 
319 43 21 22 0.90754557 
575 59 20 27 0.9058424 
968 190 25 29 0.9014849 
49 258 27 32 0.9010701 
332 433 36 41 0.9004028 
675 136 25 30 0.89699525 
933 72 24 31 0.8932982 
553 390 36 42 0.89115095 
