10_People_Marching_People_Marching_10_People_Marching_People_Marching_10_447
43
967 477 24 29 0.8830487 
493 786 41 43 0.870873 
767 742 26 33 0.8598656 
683 762 45 41 0.76712894 
382 643 24 27 0.75515723 
567 754 27 28 0.7180209 
852 654 23 27 0.6935116 
557 634 24 24 0.678086 
408 798 31 34 0.66018033 
177 829 22 28 0.65970653 
791 704 24 27 0.6544987 
179 602 24 26 0.65125114 
830 525 23 30 0.5935337 
252 810 24 26 0.580341 
460 477 29 35 0.57979923 
927 617 23 27 0.57631564 
806 634 23 30 0.5498036 
232 637 22 26 0.5459632 
132 792 23 29 0.5404088 
640 673 24 25 0.5326859 
873 378 20 27 0.53066015 
978 271 22 23 0.49588555 
215 881 25 32 0.4888665 
872 625 21 27 0.4869402 
47 72 21 24 0.4620268 
488 325 22 26 0.4343307 
183 573 25 28 0.43313137 
861 471 21 25 0.41361266 
245 483 27 31 0.41331276 
76 891 29 34 0.38888308 
325 423 25 28 0.38475263 
310 641 23 25 0.36650178 
964 392 25 28 0.36315545 
721 44 20 26 0.3544 
83 192 22 27 0.35403883 
68 445 24 26 0.352245 
993 364 22 27 0.3444563 
995 524 20 24 0.33799714 
409 452 24 30 0.33380577 
621 3 19 22 0.3283446 
884 406 23 26 0.31725398 
609 690 24 27 0.31226486 
108 536 20 25 0.30571774 
