10_People_Marching_People_Marching_10_People_Marching_People_Marching_10_240
31
908 430 115 122 0.99983513 
241 307 64 81 0.9995976 
410 326 106 130 0.99947065 
610 231 49 62 0.9992774 
419 236 40 54 0.9984419 
2 238 32 37 0.99828714 
129 210 28 35 0.98835385 
222 269 32 44 0.98697007 
290 267 35 52 0.98579794 
837 262 29 39 0.9851011 
714 244 25 31 0.9756074 
798 307 35 48 0.97340494 
218 225 24 27 0.9432938 
380 253 25 33 0.9366648 
327 229 27 39 0.923219 
552 225 21 27 0.90163785 
939 272 38 43 0.8355113 
691 258 22 35 0.8162389 
977 341 47 58 0.8014827 
457 239 22 35 0.7846725 
823 276 26 32 0.70491964 
220 205 19 23 0.617265 
516 242 28 36 0.6062551 
164 198 24 30 0.5387519 
889 216 18 22 0.53236467 
888 231 20 24 0.5298975 
1011 221 13 28 0.4862768 
491 212 19 25 0.4294077 
196 198 17 21 0.3474486 
998 214 17 20 0.3405334 
264 212 17 23 0.3387616 
