10_People_Marching_People_Marching_2_27
27
574 188 36 48 0.99910706 
362 182 29 38 0.9977496 
861 203 25 35 0.997349 
304 183 36 38 0.9968087 
537 197 30 39 0.99663395 
704 205 32 35 0.996077 
266 193 24 31 0.9949531 
519 195 22 31 0.99478924 
913 212 30 40 0.99423134 
37 201 28 39 0.9938864 
132 195 30 37 0.9931972 
19 188 25 33 0.99193394 
832 227 30 36 0.99036646 
989 206 24 34 0.9855086 
915 265 36 47 0.9841951 
790 227 26 36 0.9821732 
645 181 28 34 0.97898895 
433 186 26 36 0.97677535 
485 196 21 26 0.9766659 
609 210 33 41 0.9656912 
211 204 24 26 0.9548029 
206 187 21 23 0.93512607 
653 220 26 33 0.8791829 
161 183 28 33 0.8582819 
757 220 24 36 0.53140026 
890 217 23 29 0.36628377 
705 184 26 30 0.3059887 
