2_Demonstration_Demonstration_Or_Protest_2_604
22
94 163 47 62 0.99923897 
405 137 58 69 0.9984931 
659 113 54 113 0.99458885 
286 38 78 116 0.9938446 
825 441 120 131 0.9812959 
537 135 24 26 0.86242014 
10 176 29 34 0.8335406 
42 128 13 18 0.7129657 
508 177 43 49 0.69967955 
86 120 11 11 0.5827233 
73 135 14 17 0.5481606 
598 154 59 104 0.46580905 
773 95 31 33 0.458957 
165 160 30 43 0.45125538 
517 95 14 15 0.42098275 
544 136 28 27 0.39841306 
32 204 21 30 0.39268547 
13 133 11 12 0.37741077 
516 176 59 53 0.36079252 
565 95 8 12 0.32345164 
816 366 144 220 0.30718467 
101 131 14 19 0.30295774 
