2_Demonstration_Demonstration_Or_Protest_2_895
54
674 334 31 39 0.9996183 
488 351 49 65 0.9985172 
275 306 24 30 0.9976896 
23 285 20 24 0.99188715 
138 272 16 20 0.98631763 
67 283 17 21 0.9795838 
630 338 30 41 0.9794388 
373 319 25 30 0.97523504 
803 305 24 26 0.96432376 
197 273 13 15 0.907114 
297 309 19 24 0.9063077 
113 286 18 21 0.895769 
417 311 23 33 0.8821191 
616 330 21 32 0.85635126 
676 274 13 13 0.8466702 
965 306 16 18 0.84585243 
989 322 25 30 0.8280562 
744 298 21 22 0.82040423 
609 282 12 13 0.7911472 
825 295 24 25 0.7906251 
413 280 16 17 0.7899199 
0 284 10 15 0.75502074 
461 299 23 28 0.7362133 
136 315 22 24 0.7158804 
925 309 14 15 0.711813 
298 294 17 17 0.6944882 
425 310 21 30 0.65719056 
586 352 30 41 0.6503723 
335 314 16 18 0.63628405 
206 365 27 46 0.62345254 
451 302 17 24 0.6129467 
382 275 15 17 0.5994696 
885 268 12 12 0.5888304 
342 279 12 14 0.5811821 
901 57 16 19 0.5797585 
806 339 20 27 0.556294 
922 292 11 12 0.5334748 
729 278 10 11 0.52583766 
868 325 15 14 0.52039677 
127 270 13 15 0.48093343 
205 301 21 21 0.47359636 
547 300 19 22 0.43518144 
330 289 13 12 0.4335394 
57 268 13 15 0.4261623 
618 333 35 50 0.42330614 
368 266 9 12 0.42083603 
47 297 20 24 0.39411423 
273 291 15 16 0.39185354 
521 292 13 16 0.39170143 
833 338 23 23 0.3762634 
454 288 12 13 0.3591122 
688 254 14 18 0.35888544 
567 352 32 61 0.34811953 
255 267 11 12 0.3430165 
