2_Demonstration_Demonstrators_2_28
73
455 396 23 33 0.999899 
755 431 22 31 0.99987864 
249 396 23 29 0.9995819 
602 384 23 30 0.9994981 
39 392 31 39 0.9994388 
172 380 27 34 0.9990007 
892 437 25 42 0.9986533 
490 389 20 28 0.9986291 
263 452 22 30 0.99855953 
845 511 41 54 0.9981781 
513 443 29 36 0.99783343 
331 443 22 32 0.99764 
659 602 52 66 0.9975304 
386 427 26 35 0.9974112 
597 504 34 45 0.9969849 
442 370 19 30 0.99567896 
332 513 30 42 0.9954574 
65 354 18 22 0.9948185 
87 476 35 48 0.99390936 
179 514 40 48 0.9937728 
296 426 22 30 0.9934901 
979 480 26 35 0.99332047 
262 362 19 25 0.9909916 
477 368 21 24 0.9901254 
368 381 16 21 0.98975676 
672 378 15 23 0.9897131 
42 542 37 58 0.98814315 
286 371 17 23 0.98458904 
548 363 15 21 0.98450536 
769 351 12 19 0.9828955 
456 346 13 16 0.98224133 
647 367 15 20 0.98047286 
32 360 29 33 0.97371125 
684 450 21 23 0.9722339 
139 371 17 21 0.96892893 
240 342 12 17 0.9597876 
586 363 15 21 0.9588466 
621 363 12 18 0.92309976 
868 397 23 31 0.91860306 
137 413 21 31 0.9061558 
563 368 16 23 0.9014265 
216 370 15 19 0.8905334 
330 342 13 17 0.87733215 
192 353 12 16 0.8760016 
620 320 8 12 0.8471226 
422 352 16 18 0.8379381 
171 588 61 79 0.8361642 
840 389 14 21 0.8264747 
758 353 12 18 0.8219047 
564 321 8 11 0.8189957 
525 343 9 13 0.7830065 
806 358 10 17 0.7499354 
215 338 11 15 0.7488982 
0 363 18 24 0.74888724 
493 560 36 55 0.7486747 
1007 444 17 33 0.72489697 
438 494 31 36 0.6569274 
806 391 13 18 0.6548235 
589 320 6 10 0.64028275 
571 341 11 16 0.63988465 
922 340 13 15 0.63395905 
436 461 26 38 0.60926193 
906 421 21 29 0.60573846 
308 620 50 64 0.57253194 
95 356 24 28 0.55063814 
570 396 11 20 0.5253397 
153 368 19 27 0.45547107 
697 358 12 18 0.42010784 
814 359 11 17 0.40027872 
899 356 10 16 0.38019016 
716 402 15 19 0.36737788 
758 404 18 27 0.33480176 
435 472 37 54 0.3028926 
