2_Demonstration_Political_Rally_2_117
29
589 195 30 41 0.9993349 
792 214 20 25 0.99912876 
839 199 25 39 0.9978447 
381 213 27 34 0.99643904 
287 196 22 29 0.9963391 
63 197 18 25 0.99471325 
414 207 16 24 0.9797707 
24 201 20 31 0.9771945 
730 215 24 39 0.9749366 
633 201 22 33 0.9728478 
956 190 23 33 0.968872 
478 192 10 13 0.9463647 
808 188 12 17 0.9383626 
144 208 12 20 0.92291296 
453 196 10 15 0.8982889 
126 217 11 23 0.83239657 
174 197 9 13 0.7683194 
781 201 12 19 0.75303227 
540 222 19 30 0.751838 
882 189 27 46 0.6920556 
692 206 20 31 0.6168722 
372 183 8 10 0.5834713 
534 193 8 12 0.51858634 
127 323 15 33 0.42426977 
884 194 38 51 0.40023866 
0 202 9 18 0.3838429 
57 217 11 22 0.3588228 
510 193 8 12 0.32466623 
865 207 12 18 0.307874 
