2_Demonstration_Demonstration_Or_Protest_2_619
53
807 86 14 14 0.98260856 
854 103 14 15 0.97642183 
988 194 18 18 0.9751474 
473 546 22 24 0.95796615 
417 393 18 19 0.95520455 
945 224 16 16 0.950744 
418 113 18 18 0.9263485 
501 112 11 14 0.9115261 
205 201 12 12 0.8883734 
429 87 17 20 0.8764374 
452 115 14 14 0.8625866 
157 201 12 13 0.8619294 
595 24 9 11 0.8571096 
908 118 17 21 0.8525676 
678 96 14 13 0.8322337 
981 255 17 19 0.8319536 
577 154 15 14 0.805602 
734 49 10 11 0.78466827 
816 137 16 22 0.78089327 
760 117 11 13 0.7764747 
571 131 13 13 0.7755403 
493 134 14 14 0.76113564 
553 114 12 14 0.7582338 
203 151 12 14 0.7513716 
211 162 15 16 0.74170274 
804 258 16 21 0.73085815 
525 126 14 15 0.69607157 
734 139 14 12 0.69159585 
619 113 15 15 0.66122353 
803 111 11 13 0.64267963 
824 322 20 21 0.6409773 
681 251 24 31 0.60069686 
380 342 21 23 0.5783349 
392 126 11 12 0.5730132 
152 199 16 18 0.5389413 
217 351 15 15 0.52601737 
895 188 16 16 0.52071255 
203 150 18 18 0.49125662 
777 145 19 20 0.46353802 
550 15 7 8 0.46044186 
988 289 13 15 0.4487852 
199 230 16 20 0.43378508 
648 137 12 16 0.42681637 
138 253 18 20 0.4231225 
417 264 13 13 0.42274407 
872 365 15 16 0.3945741 
459 204 17 18 0.38929102 
784 182 12 17 0.37570733 
889 265 19 18 0.33798513 
709 209 18 23 0.33593038 
221 212 18 19 0.33336523 
199 264 20 22 0.3201914 
527 113 9 8 0.31822821 
