2_Demonstration_Demonstration_Or_Protest_2_430
19
109 238 49 70 0.9988741 
494 126 53 101 0.99615955 
351 180 40 55 0.99431944 
610 130 44 58 0.9809276 
285 209 50 71 0.9770468 
768 139 42 65 0.9618173 
859 210 51 72 0.9613688 
678 101 61 113 0.9561187 
858 163 54 75 0.9368218 
236 218 38 41 0.9135749 
994 351 18 23 0.7806568 
812 121 29 44 0.7604986 
656 97 33 32 0.5940621 
3 375 51 64 0.53727496 
0 141 21 60 0.5118949 
143 383 37 35 0.48804337 
653 90 60 98 0.44389224 
368 518 41 58 0.42432615 
668 542 25 31 0.34159106 
