2_Demonstration_Demonstration_Or_Protest_2_159
21
264 377 62 56 0.9994511 
820 339 103 107 0.99933904 
586 341 51 72 0.9992526 
427 181 43 58 0.99863154 
671 381 31 41 0.9983277 
174 156 48 55 0.9965321 
527 411 38 41 0.9939138 
213 417 19 22 0.9865861 
290 198 19 24 0.9848637 
562 392 28 33 0.97558564 
703 93 35 50 0.91876245 
709 591 39 51 0.9035538 
242 402 23 29 0.83239245 
464 379 19 25 0.7662679 
124 397 21 41 0.73945785 
316 392 35 45 0.6091815 
956 310 68 109 0.5760772 
186 439 24 30 0.5045962 
453 376 24 28 0.44039255 
176 393 19 27 0.32287145 
872 557 133 117 0.32232967 
