2_Demonstration_Protesters_2_163
49
50 176 20 22 0.9976477 
366 153 16 20 0.9952572 
80 206 28 30 0.9926704 
226 122 29 35 0.9890893 
961 11 22 26 0.98011243 
524 117 13 15 0.9520417 
611 479 54 47 0.93799853 
101 196 16 17 0.9212273 
589 124 12 12 0.91805017 
690 150 10 12 0.917175 
158 184 22 25 0.91659683 
305 162 14 15 0.9152177 
123 197 18 19 0.912333 
614 110 13 15 0.87381536 
497 123 13 13 0.86126995 
679 164 11 13 0.84875405 
426 132 14 15 0.8339557 
556 120 12 14 0.7757184 
541 511 57 59 0.72895503 
275 160 17 16 0.72638994 
255 169 22 23 0.71269387 
642 113 10 14 0.6910161 
548 325 41 61 0.6751149 
865 71 11 11 0.6490555 
32 179 17 18 0.6272582 
272 168 16 19 0.6219234 
806 117 13 16 0.6004963 
1000 25 13 13 0.58858377 
793 415 121 78 0.56889546 
784 152 14 16 0.5453594 
541 113 13 14 0.54296494 
281 158 16 16 0.5351006 
599 106 12 13 0.5143763 
747 152 14 15 0.45885152 
574 117 11 13 0.41130555 
628 328 55 42 0.39403296 
416 141 17 15 0.39249942 
517 316 73 73 0.38003162 
763 122 11 13 0.37843806 
538 120 12 12 0.3733289 
518 109 11 11 0.3692533 
453 131 17 17 0.3619215 
158 173 37 42 0.36164245 
420 137 16 13 0.3493766 
0 539 38 52 0.34774703 
264 166 22 24 0.3373522 
469 134 11 12 0.33509994 
709 358 66 43 0.3314284 
527 185 16 18 0.3193244 
