2_Demonstration_Political_Rally_2_264
71
679 589 16 21 0.9512893 
531 513 13 17 0.932833 
787 457 11 15 0.92450786 
623 565 17 22 0.91067934 
334 400 12 15 0.8861062 
653 468 12 16 0.8804235 
396 426 13 15 0.86846906 
989 523 12 17 0.8669768 
613 471 12 17 0.85529757 
501 509 12 20 0.8447469 
490 579 14 15 0.8317811 
582 461 14 20 0.82692415 
390 551 15 18 0.82632375 
93 358 11 12 0.81415343 
732 440 10 12 0.7895691 
336 458 14 16 0.7893792 
602 513 12 20 0.78290796 
512 417 10 13 0.7786602 
600 368 8 12 0.77811766 
708 504 13 17 0.7633569 
443 500 13 21 0.7361646 
125 324 8 9 0.7257878 
154 335 12 13 0.72070956 
959 387 10 11 0.705838 
320 389 10 13 0.6647453 
340 360 11 14 0.65571713 
210 327 12 14 0.6459024 
455 303 8 11 0.64199126 
155 356 20 22 0.63963354 
50 379 11 12 0.6156351 
536 357 14 19 0.59572303 
618 421 12 15 0.5955089 
595 338 10 14 0.593056 
237 574 18 27 0.5636206 
495 330 10 14 0.56030375 
692 371 10 12 0.55331564 
645 578 13 20 0.5488123 
751 359 8 11 0.53641087 
523 330 10 14 0.53424627 
625 329 9 13 0.5330931 
664 401 19 20 0.51810133 
55 347 10 11 0.51101977 
341 496 26 38 0.5016486 
280 348 10 11 0.49832448 
723 336 7 10 0.4839621 
313 506 17 22 0.48158637 
445 350 11 16 0.48069888 
792 366 10 11 0.46255016 
144 486 11 13 0.4372106 
258 125 10 12 0.42763188 
920 385 10 13 0.41983336 
355 430 10 12 0.41847235 
363 403 10 12 0.40757996 
463 348 12 14 0.40488148 
637 584 11 18 0.4025477 
421 330 11 13 0.40062594 
113 511 10 11 0.39101502 
930 591 22 33 0.3878286 
542 306 12 14 0.3731275 
517 414 9 13 0.37309554 
330 313 9 11 0.36887306 
43 365 10 11 0.36636132 
882 417 10 15 0.36482224 
551 337 9 13 0.3392063 
771 449 9 15 0.33759382 
963 450 17 22 0.33546492 
850 500 22 36 0.32939717 
844 379 10 13 0.3212457 
194 363 11 14 0.3175323 
686 379 9 11 0.31282613 
214 362 12 13 0.3098403 
