2_Demonstration_Political_Rally_2_57
34
213 147 32 42 0.99961025 
491 166 33 40 0.9995931 
945 171 27 34 0.9995559 
782 147 29 40 0.99930656 
360 142 33 39 0.9991767 
80 139 32 44 0.9989718 
896 255 32 41 0.99895763 
277 146 31 35 0.9973002 
757 144 27 35 0.9969597 
383 122 29 38 0.99674314 
527 156 30 36 0.9955065 
444 78 20 26 0.99469537 
590 129 33 51 0.99398756 
486 305 50 67 0.99367815 
148 135 29 35 0.9934657 
825 124 33 42 0.9931872 
276 203 33 42 0.98838705 
665 181 27 41 0.9852874 
920 170 23 32 0.97786146 
642 149 22 33 0.97084856 
930 216 23 29 0.9587827 
464 151 24 39 0.9586158 
259 130 22 30 0.94452524 
9 128 19 31 0.9394689 
29 146 14 21 0.9354379 
275 140 23 35 0.8952291 
489 136 19 29 0.88317305 
110 107 27 31 0.7965519 
933 154 21 22 0.7766456 
0 123 18 43 0.770425 
634 137 29 50 0.7100567 
427 150 17 24 0.5975347 
639 133 23 28 0.42804947 
105 127 22 26 0.32559866 
