2_Demonstration_Demonstration_Or_Protest_2_914
30
259 32 38 52 0.9992176 
910 350 17 21 0.99194485 
901 109 15 15 0.9918075 
186 341 11 15 0.991366 
376 319 12 16 0.98992467 
52 336 14 19 0.98942345 
833 352 17 20 0.9893238 
606 303 13 14 0.9835653 
777 358 14 16 0.9735363 
105 362 11 15 0.953024 
638 316 10 11 0.94732344 
78 71 22 28 0.91353506 
514 329 9 11 0.90278363 
167 56 19 34 0.90104264 
719 364 14 15 0.8744486 
509 315 10 10 0.87327 
388 303 9 12 0.8722241 
856 128 13 17 0.8660966 
577 313 8 10 0.8082199 
852 118 9 10 0.71295726 
230 98 11 15 0.62848 
314 339 10 13 0.6189718 
377 135 7 8 0.5830903 
250 342 9 11 0.57167584 
169 55 13 26 0.56802803 
547 318 7 8 0.560151 
163 330 9 20 0.418808 
310 304 11 13 0.37137684 
238 341 9 11 0.36554193 
138 98 14 18 0.36431703 
