2_Demonstration_Protesters_2_561
100
287 91 15 21 0.99877876 
865 497 18 23 0.99877495 
201 81 18 22 0.99799204 
791 457 19 23 0.99785703 
747 233 17 23 0.99780434 
138 313 19 21 0.9977591 
462 379 16 23 0.99703693 
340 447 15 19 0.9963624 
491 135 18 23 0.9963174 
236 291 19 23 0.99602497 
444 462 19 20 0.9957255 
289 440 17 19 0.9956359 
161 423 16 23 0.9953067 
781 411 17 23 0.99262285 
446 139 18 21 0.99243075 
577 414 19 23 0.9923224 
400 130 18 20 0.99210393 
643 379 18 21 0.9918389 
710 238 18 22 0.9910063 
953 653 18 24 0.9903182 
187 359 17 20 0.9897507 
775 227 16 18 0.98968166 
39 412 18 21 0.98932767 
105 385 17 21 0.9881904 
644 218 17 26 0.9871767 
753 442 18 22 0.98684305 
644 471 18 22 0.98654985 
104 429 16 22 0.9862949 
940 504 21 23 0.98577785 
544 494 19 19 0.9850899 
254 389 16 21 0.98357624 
424 368 19 23 0.9826278 
496 483 19 21 0.9814089 
307 408 15 18 0.98111844 
178 394 17 21 0.98101556 
438 286 20 21 0.98019695 
724 412 15 17 0.9796265 
300 338 17 20 0.9787564 
16 261 16 18 0.97867715 
597 498 20 20 0.9778867 
27 378 17 21 0.97702163 
286 319 16 19 0.9750471 
872 644 16 18 0.9739725 
889 190 15 23 0.97366905 
624 443 16 18 0.9718665 
263 236 15 19 0.9706872 
534 128 17 25 0.96833324 
131 216 16 18 0.9676265 
94 222 15 18 0.9668624 
583 459 20 22 0.96602416 
993 460 15 20 0.96367204 
553 138 18 23 0.9607007 
545 303 19 23 0.9595621 
837 450 13 20 0.95829624 
501 325 16 17 0.9568335 
434 439 16 16 0.9538216 
768 525 19 21 0.95157385 
179 308 15 22 0.94704187 
737 514 20 23 0.9463662 
803 493 16 20 0.94622123 
865 607 18 20 0.94621646 
849 412 15 21 0.9408346 
678 427 20 24 0.9407836 
930 235 15 21 0.9337666 
119 359 17 18 0.9278576 
210 447 15 17 0.9201407 
860 314 17 22 0.9191108 
478 304 16 19 0.91710466 
900 520 17 17 0.9095283 
648 423 16 21 0.9081792 
93 317 19 22 0.8970952 
719 468 18 21 0.8919808 
218 261 13 17 0.8895606 
19 326 16 19 0.8876299 
955 536 17 19 0.87582654 
395 256 12 20 0.85451454 
734 369 14 16 0.836132 
26 304 14 14 0.8192689 
767 390 17 19 0.80861974 
331 94 13 16 0.8059025 
814 265 17 18 0.78901523 
667 498 17 20 0.7769992 
380 402 17 22 0.7759398 
850 535 19 21 0.74663264 
509 270 18 23 0.74356043 
116 201 12 15 0.6811124 
900 662 14 19 0.67081136 
943 521 14 12 0.6076196 
937 482 12 14 0.5924805 
832 397 20 22 0.55938345 
0 335 8 19 0.5462863 
229 346 12 16 0.54234624 
237 374 13 16 0.52412874 
286 403 12 14 0.51431483 
60 313 13 14 0.48770994 
915 471 12 13 0.47762978 
580 386 22 24 0.46034107 
970 111 33 32 0.45578244 
410 301 14 18 0.45434344 
305 263 11 15 0.40170744 
