2_Demonstration_Political_Rally_2_609
100
156 146 29 37 0.99894387 
967 347 16 18 0.99430615 
635 393 16 17 0.9921818 
808 545 23 25 0.98849726 
994 350 18 19 0.98533475 
941 375 15 16 0.97878647 
461 365 14 15 0.97400653 
772 567 20 24 0.9701589 
907 431 18 21 0.9648343 
965 451 14 17 0.9641546 
889 458 15 20 0.9616487 
744 615 24 32 0.959627 
744 537 19 25 0.9525295 
924 491 15 18 0.9424483 
691 413 14 16 0.9289625 
851 519 17 20 0.92425156 
509 339 14 15 0.92260236 
749 371 15 17 0.9095369 
914 335 14 15 0.8974559 
981 488 20 22 0.89677036 
965 410 17 20 0.89054537 
490 389 16 17 0.8733639 
556 364 12 14 0.87149453 
757 451 14 16 0.8704571 
991 465 16 21 0.8690789 
382 400 14 16 0.8677707 
993 376 17 19 0.84069014 
608 327 12 13 0.8399473 
861 621 12 15 0.8386628 
904 475 13 17 0.83790827 
390 364 12 13 0.8260814 
711 407 12 15 0.8246531 
409 419 11 13 0.823439 
849 555 22 29 0.82019114 
677 403 13 18 0.81373423 
640 350 14 16 0.8115455 
440 406 12 15 0.79800385 
771 412 14 16 0.77795327 
130 256 79 124 0.77526194 
420 393 13 14 0.7628968 
739 403 12 14 0.7524064 
770 296 13 15 0.75197315 
909 504 23 24 0.7435293 
728 517 20 23 0.74087113 
802 277 14 14 0.7305213 
649 445 19 24 0.6947496 
440 434 12 13 0.6535685 
820 404 14 16 0.63636565 
616 430 14 17 0.63510627 
782 465 18 21 0.6312845 
745 476 12 15 0.62358725 
770 598 23 28 0.6197117 
498 305 10 14 0.6187695 
321 373 14 14 0.6144158 
941 465 12 13 0.6117843 
887 552 19 24 0.6106626 
665 321 11 13 0.6063615 
533 401 15 15 0.5974511 
528 609 68 47 0.56431454 
760 326 12 13 0.5519056 
345 360 10 13 0.54348624 
614 391 12 14 0.54171383 
305 362 11 13 0.53472495 
233 403 60 54 0.5156615 
447 344 11 13 0.51523125 
801 298 11 13 0.5118586 
726 629 21 26 0.49371094 
734 517 14 16 0.48817265 
353 429 11 13 0.487861 
975 659 20 21 0.48064256 
670 453 19 29 0.47656614 
759 320 13 14 0.46989802 
281 383 13 15 0.46981135 
753 506 11 14 0.46711466 
584 438 17 21 0.45796856 
720 425 16 20 0.45667604 
959 478 11 16 0.45563182 
352 325 10 12 0.4549065 
477 410 15 15 0.45391726 
985 571 17 19 0.4452409 
1015 476 9 15 0.4436649 
558 446 23 25 0.44364026 
851 396 12 15 0.435934 
641 431 18 22 0.42892253 
768 559 13 16 0.42537755 
964 620 18 22 0.42415768 
411 441 11 14 0.42279592 
716 478 11 15 0.41999578 
554 347 11 13 0.3876456 
930 654 11 13 0.38387924 
515 399 13 12 0.38164154 
665 297 13 12 0.3771117 
821 312 12 13 0.3730485 
589 384 13 13 0.3596094 
813 322 15 21 0.34627855 
727 233 10 13 0.33971587 
455 387 11 14 0.33939072 
425 543 47 44 0.33559605 
721 462 11 14 0.33516276 
808 360 13 14 0.3338847 
