2_Demonstration_Demonstration_Or_Protest_2_385
90
756 472 24 32 0.99985635 
129 501 23 29 0.9998098 
686 464 21 26 0.9997918 
323 426 19 24 0.9996024 
284 538 31 40 0.9995962 
582 455 22 27 0.99881905 
213 471 24 28 0.9987859 
779 460 22 26 0.9984377 
616 497 25 26 0.9981382 
971 428 20 21 0.9980433 
873 391 16 17 0.9976422 
361 454 24 31 0.9971023 
736 422 19 24 0.9960116 
593 387 13 17 0.99582577 
504 540 32 36 0.99511683 
680 556 36 45 0.994541 
456 412 11 17 0.9930379 
820 392 14 16 0.9921069 
83 454 23 23 0.991995 
334 472 21 26 0.98970664 
569 417 16 18 0.9873908 
395 530 31 38 0.98680055 
93 393 17 19 0.9863696 
633 416 14 20 0.9850519 
806 431 19 22 0.9839309 
698 379 13 17 0.9802816 
187 519 33 38 0.9797396 
918 416 14 20 0.97934246 
178 382 12 16 0.9783774 
475 375 9 12 0.97227955 
205 395 13 16 0.9684438 
396 488 16 18 0.96784 
863 421 19 19 0.96683437 
98 517 26 31 0.9647652 
546 387 11 13 0.9622658 
688 408 13 17 0.96122074 
985 367 11 13 0.9594169 
885 482 23 35 0.9537123 
73 347 11 14 0.9517599 
621 408 12 15 0.9436443 
804 369 11 12 0.9386983 
590 366 13 15 0.93532884 
166 404 13 20 0.9300708 
23 551 26 38 0.923135 
463 355 10 12 0.9215575 
456 394 11 12 0.9189872 
939 462 15 20 0.91420144 
722 479 19 23 0.9138538 
539 415 16 16 0.9136884 
863 459 20 32 0.9036641 
208 356 9 12 0.89568657 
892 475 20 28 0.8929473 
20 399 16 16 0.89186496 
713 372 12 14 0.88679844 
26 378 11 13 0.87682194 
709 347 10 13 0.8620809 
958 354 8 12 0.8516799 
786 387 10 14 0.8498449 
295 404 10 13 0.8408938 
261 389 9 16 0.8324586 
221 452 19 18 0.81859386 
707 357 10 13 0.8105958 
733 354 11 14 0.806259 
738 366 10 15 0.7875977 
953 345 7 9 0.77336544 
142 436 13 17 0.76458406 
273 27 68 60 0.74793476 
515 363 7 10 0.73329425 
25 361 9 12 0.7293328 
976 353 10 12 0.72405326 
987 350 10 11 0.7200404 
428 368 10 13 0.71073043 
351 405 16 13 0.69630116 
526 337 8 10 0.68630975 
831 595 31 46 0.6850617 
313 402 11 15 0.6721706 
876 353 8 10 0.66878545 
671 381 10 14 0.66230273 
768 399 10 16 0.6565403 
414 403 10 16 0.6182886 
383 363 10 11 0.5911708 
848 348 7 9 0.58945686 
129 403 11 13 0.584701 
73 454 26 25 0.53969043 
302 405 15 14 0.514145 
81 388 12 14 0.48172402 
818 340 8 10 0.40032873 
503 343 6 9 0.3960545 
686 336 6 7 0.33864644 
275 402 8 12 0.3222315 
