2_Demonstration_Demonstrators_2_378
75
103 457 67 79 0.9991295 
944 399 52 65 0.9986506 
674 331 47 57 0.99837327 
201 403 60 64 0.9982881 
156 263 37 50 0.99811316 
599 417 49 53 0.9978046 
89 296 47 49 0.9976132 
483 211 31 31 0.9971311 
221 495 62 81 0.99701333 
608 325 48 61 0.996956 
308 277 34 43 0.9967874 
811 484 57 74 0.9965863 
398 238 33 36 0.99526876 
502 299 50 56 0.9935574 
222 244 33 47 0.99140924 
194 190 24 34 0.99041116 
360 223 31 42 0.99012905 
209 134 22 30 0.9900317 
957 153 24 26 0.9884179 
647 257 40 49 0.9877424 
266 353 53 61 0.9875381 
538 257 31 42 0.98574984 
100 207 32 33 0.9836268 
413 193 34 35 0.98302966 
501 518 67 58 0.98226696 
950 229 26 31 0.9820592 
331 222 26 36 0.97903275 
372 291 35 36 0.97754544 
645 434 48 62 0.9772872 
13 204 35 38 0.97566265 
889 206 23 30 0.9743972 
106 137 22 28 0.9722296 
159 169 24 30 0.96844786 
389 328 41 51 0.95992404 
497 417 48 67 0.9588471 
95 247 32 36 0.95698404 
508 358 42 60 0.9531866 
551 377 38 51 0.95254225 
602 269 31 36 0.95236045 
927 205 25 34 0.9507375 
737 284 27 35 0.9507321 
572 239 29 32 0.9454552 
434 304 38 56 0.94350576 
330 468 39 51 0.9313694 
868 337 30 31 0.93069047 
152 204 34 39 0.9060125 
754 422 43 50 0.89789015 
311 170 20 25 0.89327204 
1 298 29 77 0.8921501 
904 355 38 40 0.8775856 
439 457 58 70 0.85909843 
753 365 42 53 0.82499546 
347 193 21 29 0.8221812 
766 316 36 49 0.7910225 
752 301 23 29 0.7785056 
281 283 30 44 0.73347944 
716 406 33 44 0.69875056 
919 174 26 24 0.6891791 
137 200 20 24 0.6867139 
727 452 37 54 0.6833642 
266 222 34 38 0.6586996 
265 223 26 24 0.6425599 
140 299 30 53 0.61986005 
652 492 52 69 0.60946524 
1003 216 21 25 0.6064963 
294 195 19 19 0.56505984 
903 399 39 60 0.5397254 
922 102 12 14 0.44326276 
650 292 29 32 0.4333931 
913 138 12 13 0.42434216 
668 484 86 77 0.41814202 
742 289 33 38 0.41115025 
186 369 38 52 0.40578985 
863 440 41 53 0.3807145 
11 275 35 49 0.32432127 
