2_Demonstration_Protesters_2_901
20
528 651 63 75 0.98968554 
580 169 37 48 0.98585784 
276 353 52 63 0.9713679 
787 337 64 79 0.9587887 
410 348 40 59 0.9186531 
822 90 54 72 0.84267086 
446 341 55 69 0.81140244 
366 343 46 71 0.759916 
148 340 44 66 0.75815654 
676 332 54 57 0.7540669 
904 670 59 103 0.7165178 
755 539 43 56 0.68992555 
222 516 40 60 0.68070376 
332 323 23 30 0.61394197 
39 343 38 46 0.6105928 
930 503 31 40 0.46589592 
296 665 54 61 0.45066634 
597 366 45 47 0.4415607 
894 0 53 28 0.40116835 
146 371 30 43 0.30159578 
