2_Demonstration_Demonstrators_2_700
29
254 148 90 117 0.9988985 
552 26 11 13 0.83195746 
626 49 10 12 0.7694684 
491 23 13 14 0.67620707 
618 64 12 14 0.5315078 
551 51 13 15 0.5258075 
570 67 11 14 0.48590544 
53 29 15 15 0.4687416 
583 27 10 13 0.43980205 
98 40 13 17 0.42603788 
58 87 24 18 0.4124728 
537 4 11 13 0.41203606 
34 19 17 18 0.41193652 
835 0 27 22 0.40471652 
696 66 16 17 0.40322897 
121 49 16 16 0.38433424 
809 0 24 21 0.38419792 
594 156 12 13 0.37750775 
521 56 12 16 0.35442495 
513 26 10 14 0.35075116 
486 56 11 12 0.33520675 
557 0 14 14 0.33451036 
594 61 10 15 0.33248568 
593 59 9 12 0.3298279 
79 34 13 14 0.323996 
178 28 13 14 0.3212457 
0 499 133 117 0.31618348 
533 83 11 14 0.30688995 
423 500 92 83 0.30106857 
