2_Demonstration_Protesters_2_54
25
20 210 24 29 0.998895 
520 67 17 22 0.998585 
332 65 19 19 0.9974936 
523 135 21 22 0.997133 
599 139 19 24 0.996618 
418 100 17 22 0.9963955 
314 141 19 22 0.9961035 
15 159 21 25 0.99603254 
392 76 14 18 0.9946812 
148 208 24 27 0.99387795 
226 161 21 23 0.99378294 
679 127 19 21 0.9936294 
411 270 26 25 0.99284744 
296 86 14 17 0.9920527 
169 160 20 25 0.9885754 
870 136 19 21 0.9813695 
686 162 19 25 0.9712269 
437 134 19 23 0.9643092 
363 79 13 14 0.93234396 
547 59 15 19 0.8608596 
89 58 9 10 0.8279033 
174 50 8 10 0.80181056 
811 105 17 22 0.59091747 
0 398 16 16 0.5253208 
278 52 11 11 0.39016238 
