2_Demonstration_Political_Rally_2_18
63
273 395 18 26 0.99881613 
316 437 20 25 0.9984255 
26 311 17 24 0.9983468 
380 435 18 26 0.99832374 
864 446 19 25 0.9979424 
134 296 16 22 0.9971988 
167 332 19 25 0.9965563 
105 240 14 20 0.9963883 
501 447 18 27 0.99619496 
243 421 18 26 0.9958335 
299 331 18 28 0.9955512 
171 450 20 26 0.99554104 
363 428 15 23 0.9954266 
265 206 15 23 0.99447 
481 403 15 20 0.9942726 
443 456 19 30 0.9941871 
12 352 19 27 0.99411255 
67 338 16 22 0.9940545 
623 454 19 27 0.9934988 
356 343 16 25 0.99327314 
157 407 17 24 0.9928295 
529 395 18 27 0.99269956 
315 262 16 21 0.9922288 
223 272 19 29 0.9912805 
43 449 16 22 0.98932576 
187 307 15 20 0.98888576 
22 460 19 26 0.98662347 
239 310 17 22 0.98509294 
25 259 14 19 0.98413265 
462 487 18 25 0.98357046 
453 295 13 21 0.98243076 
43 240 14 22 0.9809183 
422 426 17 24 0.9792211 
90 265 17 21 0.9784025 
485 359 18 25 0.97702277 
147 384 19 25 0.97446513 
916 434 14 23 0.96588844 
171 258 18 25 0.95410126 
42 425 19 25 0.9516327 
767 418 18 24 0.95142376 
189 230 13 17 0.9428914 
372 345 11 21 0.93142396 
97 446 19 26 0.9261274 
74 322 15 19 0.92098886 
0 209 12 18 0.8822315 
155 301 17 24 0.87522703 
83 289 16 22 0.8740138 
337 388 15 21 0.8676632 
333 203 13 19 0.86014974 
107 287 11 18 0.74835277 
369 301 15 24 0.7044292 
280 268 13 20 0.69418806 
235 380 17 28 0.66787356 
428 363 13 21 0.6571152 
434 413 16 21 0.64923143 
251 347 14 20 0.51859874 
231 253 13 18 0.51803833 
132 430 12 19 0.50952035 
629 0 165 75 0.4748595 
29 273 12 20 0.4630802 
304 236 13 27 0.40546724 
0 466 12 24 0.3900993 
300 317 17 25 0.37304875 
