2_Demonstration_Protesters_2_86
100
118 338 28 32 0.999605 
492 318 25 31 0.9995981 
728 341 32 37 0.9995585 
319 365 34 39 0.99952304 
45 481 47 50 0.99948967 
284 333 29 35 0.999488 
597 328 27 33 0.9993425 
186 314 23 27 0.9991572 
182 373 39 41 0.9991449 
806 321 29 32 0.9991043 
461 374 36 41 0.9988024 
605 269 17 21 0.9987968 
678 413 38 38 0.9987552 
898 372 34 37 0.99867576 
38 590 79 77 0.99850935 
533 301 21 25 0.99842525 
977 305 23 24 0.99798393 
219 331 24 28 0.997936 
539 442 41 47 0.99789953 
764 299 21 26 0.9977412 
393 334 24 27 0.99764735 
121 298 21 20 0.99732697 
22 295 26 26 0.9970503 
566 288 19 22 0.9969478 
916 292 20 21 0.99687433 
680 268 17 19 0.996725 
804 424 43 38 0.99663275 
351 474 47 46 0.99656266 
72 313 23 26 0.99630237 
965 351 34 39 0.9958478 
94 279 19 19 0.99575704 
276 292 19 22 0.9952585 
932 324 27 27 0.99516076 
891 305 18 19 0.9950841 
677 306 28 31 0.99456364 
331 301 21 24 0.9945192 
656 278 19 23 0.9943299 
131 273 14 16 0.9936371 
512 262 15 18 0.99350667 
451 299 20 25 0.9934929 
151 273 16 19 0.9927384 
840 285 16 19 0.9922695 
248 255 15 19 0.99204755 
772 249 14 17 0.99157 
400 301 21 24 0.9913406 
54 278 21 20 0.991042 
329 265 14 18 0.99058 
621 255 13 15 0.9900546 
360 272 16 18 0.9898169 
573 272 16 18 0.989282 
726 292 19 21 0.98769194 
966 561 58 52 0.98430955 
532 279 16 21 0.98399794 
651 246 11 12 0.9835833 
447 267 18 22 0.983396 
627 316 18 18 0.98247844 
968 262 12 15 0.9800152 
0 280 15 19 0.9790467 
134 232 14 14 0.9782712 
862 264 16 17 0.9776454 
295 274 14 15 0.97723514 
397 245 12 15 0.9756538 
428 257 13 14 0.9745589 
462 248 12 15 0.9741576 
485 257 12 14 0.9729217 
784 277 14 18 0.9719972 
68 185 12 15 0.9719124 
700 251 12 14 0.9687514 
307 232 11 13 0.9641472 
358 231 10 13 0.96219647 
737 278 17 20 0.96078056 
883 252 13 15 0.95780814 
702 236 11 12 0.9486923 
572 242 10 12 0.9474677 
923 232 10 11 0.94680935 
899 235 12 13 0.94521594 
100 246 14 14 0.9334128 
195 272 21 21 0.9314019 
185 232 12 15 0.9269202 
282 248 10 13 0.92434305 
510 241 12 14 0.92335683 
523 235 10 13 0.92226195 
548 231 9 12 0.9218525 
275 225 10 14 0.9117361 
402 227 9 12 0.90921247 
816 266 12 12 0.9072886 
1009 259 14 18 0.90591645 
459 234 10 11 0.9032749 
156 234 14 16 0.8800723 
322 255 13 15 0.8781012 
24 262 19 19 0.874126 
977 242 10 12 0.86792004 
36 184 13 13 0.8605187 
989 252 12 13 0.8583585 
102 194 11 11 0.85805714 
230 235 11 11 0.8276204 
534 229 9 11 0.81495523 
651 223 8 11 0.7661683 
874 227 10 11 0.75675225 
987 234 10 10 0.7483131 
