2_Demonstration_Political_Rally_2_365
26
462 295 68 98 0.99945134 
353 408 11 15 0.9819779 
386 401 14 18 0.97775924 
738 108 239 219 0.9745268 
404 395 13 15 0.97056276 
361 394 12 16 0.96546835 
793 302 137 141 0.84956145 
228 337 51 62 0.82685345 
324 415 14 16 0.7447704 
1 352 74 98 0.6662345 
757 102 210 125 0.61654377 
427 368 10 14 0.51684844 
49 62 46 59 0.5134662 
353 441 15 19 0.49512583 
101 138 68 94 0.48075137 
310 433 31 26 0.4621818 
344 396 11 10 0.458721 
36 148 65 169 0.45479777 
345 398 12 13 0.40906143 
424 363 9 16 0.40682834 
292 580 41 68 0.3865259 
176 347 51 62 0.36420032 
202 335 81 85 0.35901976 
309 383 11 13 0.34992778 
370 425 17 24 0.3315692 
389 393 12 15 0.30971864 
