2_Demonstration_Demonstration_Or_Protest_2_813
20
835 373 21 27 0.9780593 
541 359 19 26 0.9772046 
700 391 16 16 0.9473945 
332 345 20 29 0.94139344 
349 362 17 25 0.9356299 
655 449 18 18 0.88180804 
695 458 10 16 0.806912 
90 348 10 11 0.79706615 
473 368 11 19 0.78312635 
403 539 12 18 0.66040915 
608 524 12 16 0.6346769 
259 328 19 38 0.6325609 
714 475 14 15 0.59878373 
661 388 13 18 0.54770976 
351 470 11 12 0.39803776 
889 381 20 31 0.35287488 
681 454 9 13 0.35035536 
472 369 18 23 0.34924233 
643 449 24 18 0.33779144 
40 45 20 21 0.3171785 
