2_Demonstration_Demonstrators_2_547
21
822 135 44 58 0.99957365 
682 143 56 75 0.99935263 
219 140 53 62 0.99921894 
484 163 43 46 0.9986879 
879 179 39 47 0.99821633 
641 160 40 59 0.99393725 
0 212 27 41 0.9897016 
458 201 30 39 0.97885454 
935 203 25 37 0.96232975 
991 207 25 45 0.94710934 
413 189 34 43 0.90492326 
952 223 39 46 0.88682735 
762 208 26 37 0.7735557 
69 83 28 55 0.6697363 
0 507 44 59 0.66906303 
733 202 24 25 0.60830534 
978 205 37 58 0.5731219 
936 200 36 53 0.46375683 
168 153 45 54 0.4538393 
921 181 22 30 0.37482822 
224 211 100 78 0.34250978 
