2_Demonstration_Demonstration_Or_Protest_2_512
31
147 288 47 56 0.9992526 
404 239 25 31 0.999087 
965 371 57 84 0.99802846 
225 288 35 41 0.9937552 
928 280 31 33 0.9818227 
953 311 38 34 0.96294737 
916 198 12 13 0.89586526 
0 566 53 113 0.8502872 
92 294 31 36 0.7399565 
991 206 13 14 0.7224144 
917 255 14 16 0.6711056 
513 235 26 37 0.65611666 
237 209 24 22 0.65190315 
969 248 12 16 0.6234335 
989 273 15 17 0.60242707 
972 274 14 16 0.5977584 
444 236 19 24 0.59189975 
129 338 51 67 0.5582498 
470 231 10 11 0.50302804 
152 345 35 55 0.43530467 
248 394 44 77 0.42204154 
839 276 17 18 0.40847498 
529 239 24 31 0.3962002 
86 327 98 84 0.39427617 
700 301 50 56 0.38417965 
416 303 56 68 0.35848102 
950 201 11 14 0.34703225 
922 254 15 17 0.3423559 
1005 270 18 25 0.3339503 
638 243 12 15 0.32861573 
596 282 39 53 0.32726872 
