2_Demonstration_Demonstration_Or_Protest_2_600
73
221 385 35 48 0.9988493 
43 237 71 92 0.99785525 
151 305 33 41 0.9970325 
950 407 27 43 0.9945686 
890 280 43 73 0.991963 
479 301 26 33 0.9838113 
506 147 16 18 0.98114085 
864 221 27 33 0.9805798 
701 129 13 17 0.97593987 
818 306 30 46 0.9736014 
639 149 17 22 0.9701264 
254 109 12 14 0.96185184 
380 149 15 16 0.9582232 
191 146 16 17 0.954275 
402 105 13 13 0.9524574 
733 110 11 13 0.9455603 
734 148 12 16 0.9345442 
431 166 15 17 0.9335472 
57 155 15 16 0.93289554 
227 103 11 14 0.9328637 
564 127 12 15 0.9268268 
799 151 14 16 0.9257875 
26 104 13 14 0.92080456 
900 124 11 13 0.909137 
959 123 11 13 0.90834147 
942 148 14 12 0.90550196 
540 111 9 13 0.8891983 
673 353 39 43 0.8780748 
241 163 14 16 0.8672556 
597 110 9 11 0.8661523 
620 95 10 14 0.84456193 
3 30 11 14 0.8295531 
125 112 12 13 0.81662023 
113 36 10 12 0.81550825 
220 50 11 12 0.8005671 
84 44 9 11 0.7897639 
658 116 10 12 0.7680225 
172 103 10 13 0.7643154 
795 115 10 13 0.76405954 
274 58 10 10 0.76185316 
829 574 58 41 0.7613222 
0 155 10 12 0.7325943 
435 106 11 12 0.7246102 
314 105 12 13 0.7131075 
833 121 12 16 0.70615304 
79 105 10 10 0.7004771 
853 137 13 15 0.67949736 
285 149 14 15 0.66481674 
957 267 25 23 0.65550125 
893 143 13 15 0.6413018 
241 57 11 11 0.60139924 
198 279 22 24 0.5735366 
152 56 8 10 0.54977655 
57 61 9 10 0.54794127 
953 273 33 30 0.5425193 
685 103 10 12 0.5361151 
929 161 12 11 0.53472716 
146 617 72 45 0.5002078 
820 112 8 10 0.4724647 
912 111 9 11 0.46342614 
0 158 16 22 0.44953465 
500 111 10 11 0.42510727 
563 108 8 10 0.42493644 
707 157 12 16 0.4181319 
998 86 12 13 0.40221518 
635 110 8 10 0.38787073 
343 310 26 30 0.3861434 
455 112 9 11 0.37971398 
482 109 8 9 0.36295393 
771 122 10 12 0.3501527 
760 118 9 11 0.34525236 
68 52 8 9 0.3134771 
178 635 41 24 0.30450156 
