2_Demonstration_Demonstration_Or_Protest_2_606
30
900 262 62 63 0.99941313 
217 294 45 62 0.99931383 
186 247 29 37 0.9988966 
712 258 34 44 0.9976344 
633 242 58 63 0.9974788 
828 237 35 44 0.9973928 
755 256 71 67 0.9969695 
46 256 45 47 0.9964575 
327 276 88 119 0.99644643 
445 221 40 50 0.99601483 
545 298 85 112 0.99598795 
220 241 38 47 0.9949645 
507 235 35 67 0.99363697 
706 219 25 34 0.987835 
108 309 47 41 0.9796235 
147 256 25 30 0.9050059 
7 284 40 42 0.89477473 
289 235 24 36 0.88119066 
309 230 44 51 0.8587841 
744 270 46 52 0.7847094 
999 278 25 59 0.61476994 
113 238 20 29 0.49427432 
98 234 21 32 0.45855877 
120 241 19 30 0.43501893 
295 229 38 46 0.35917872 
77 43 16 23 0.35793057 
970 555 19 24 0.34828487 
105 234 22 31 0.3450632 
879 312 26 31 0.33177283 
259 203 17 24 0.30744082 
