2_Demonstration_Protesters_2_46
41
341 76 61 91 0.999141 
821 55 78 104 0.9986198 
738 429 97 146 0.9982943 
75 50 59 77 0.9982502 
274 16 52 57 0.99502677 
494 147 71 107 0.99362576 
264 144 61 106 0.9924353 
127 101 61 108 0.98754334 
758 43 56 78 0.9873992 
930 43 52 75 0.9830875 
627 96 48 81 0.9786887 
475 541 92 163 0.9745501 
960 117 64 78 0.96196365 
726 200 55 65 0.9583386 
398 117 42 62 0.95055586 
384 338 92 87 0.9404487 
573 548 136 180 0.9141353 
651 272 68 106 0.90840846 
366 345 56 69 0.89244956 
203 34 37 33 0.8732866 
761 129 61 62 0.86319023 
932 201 77 118 0.857549 
432 507 102 142 0.8450683 
544 28 80 108 0.819686 
927 610 90 118 0.80683005 
241 81 44 72 0.7498491 
568 563 81 148 0.7150064 
38 240 87 106 0.7031084 
880 418 51 74 0.6153121 
258 458 77 63 0.59984803 
0 425 49 132 0.58090097 
957 510 67 132 0.5705671 
930 506 94 222 0.53675926 
805 599 66 99 0.42870915 
10 237 85 108 0.38069677 
536 54 55 77 0.37621456 
245 25 33 37 0.37072808 
44 26 39 52 0.37019384 
436 510 153 175 0.33226445 
599 615 115 113 0.31532732 
31 511 46 34 0.31381005 
