2_Demonstration_Political_Rally_2_746
29
585 76 69 93 0.99951255 
168 2369 91 100 0.9993943 
356 2321 88 103 0.99885833 
855 2251 55 82 0.9988249 
585 367 65 74 0.9975816 
512 354 63 83 0.9967398 
61 2330 38 62 0.9967229 
965 112 37 65 0.9924229 
755 2320 30 42 0.9880696 
204 2251 37 53 0.9877216 
779 1345 72 107 0.98530376 
596 2294 24 40 0.9840423 
648 2286 23 38 0.9655997 
131 2305 32 45 0.9407631 
720 1367 35 54 0.8484659 
482 1329 21 34 0.65524346 
305 2288 44 70 0.6037672 
278 1323 37 48 0.59808546 
281 210 15 20 0.5528048 
380 1330 44 50 0.5517534 
627 2315 16 33 0.49587765 
632 1341 32 56 0.48367473 
398 1352 24 32 0.47803655 
478 1313 20 26 0.4500585 
454 1405 29 51 0.3522302 
270 198 12 16 0.33669135 
49 200 18 33 0.32970667 
700 1353 9 16 0.3259379 
617 1328 49 79 0.3105635 
