2_Demonstration_Demonstration_Or_Protest_2_79
24
899 623 28 36 0.9990821 
604 564 12 15 0.99271965 
863 569 18 24 0.98680556 
673 563 12 15 0.95802206 
818 522 11 13 0.94778293 
690 508 11 13 0.93691796 
662 569 10 14 0.9258175 
642 574 10 14 0.89494056 
702 539 12 13 0.8931069 
554 593 9 12 0.84015596 
573 587 9 10 0.839064 
600 127 19 17 0.774913 
0 412 25 28 0.7729568 
737 553 12 14 0.69099516 
753 497 9 12 0.661899 
636 622 14 17 0.60789686 
648 521 9 9 0.5625996 
537 596 9 12 0.5332733 
956 616 68 64 0.49591318 
531 597 9 10 0.4810396 
732 553 13 16 0.46409482 
762 561 15 20 0.40650797 
552 590 10 12 0.37230906 
740 388 108 79 0.3707134 
