2_Demonstration_Protesters_2_822
19
722 375 82 120 0.99973434 
207 384 44 58 0.9994261 
679 360 38 52 0.99932194 
1004 369 15 21 0.9991098 
30 364 39 55 0.9990171 
299 339 48 76 0.99858165 
938 383 36 41 0.99715745 
135 367 29 31 0.98518974 
979 364 15 20 0.97209394 
588 428 52 80 0.9375968 
93 419 59 80 0.86947304 
83 391 22 25 0.78071123 
1 404 30 57 0.6799096 
1005 401 17 30 0.63605964 
456 405 26 35 0.5930946 
720 330 13 20 0.47628322 
1005 419 12 14 0.3505687 
375 571 53 82 0.3288237 
439 403 31 41 0.32543248 
