2_Demonstration_Demonstration_Or_Protest_2_687
100
584 507 16 17 0.99958724 
187 507 15 18 0.99932134 
369 434 11 16 0.998831 
687 532 16 23 0.998519 
279 535 15 20 0.9981634 
813 475 14 18 0.9977208 
229 499 13 16 0.9975623 
398 450 13 16 0.9973425 
94 599 17 25 0.9971877 
765 541 16 21 0.99702257 
755 511 15 18 0.9968496 
76 399 13 16 0.9967037 
597 459 14 17 0.9965229 
444 529 16 20 0.99650794 
740 414 14 19 0.99644166 
669 389 12 15 0.9964 
485 512 14 17 0.99538815 
711 526 16 20 0.9951748 
766 574 17 21 0.99509794 
379 565 16 19 0.99499536 
251 547 14 20 0.99490285 
83 453 14 17 0.99453425 
489 460 13 17 0.9943699 
826 450 12 17 0.99429613 
963 631 20 22 0.9942372 
195 441 14 16 0.99384296 
260 446 13 18 0.99361813 
201 471 12 18 0.9934808 
793 457 14 18 0.99331844 
645 521 15 18 0.9932556 
93 505 13 20 0.9929426 
161 482 15 21 0.9926171 
702 483 14 17 0.990957 
417 509 15 20 0.9877109 
440 455 12 16 0.9876831 
35 491 14 18 0.9870308 
161 443 12 15 0.98609793 
880 376 12 15 0.98575413 
175 404 13 16 0.9854525 
739 453 15 20 0.98421603 
533 513 15 17 0.9841764 
481 490 13 16 0.9841233 
955 608 20 25 0.98386246 
764 499 14 18 0.9811761 
99 294 11 13 0.9802145 
503 342 11 15 0.98010707 
258 401 12 15 0.9798273 
407 365 11 15 0.9795974 
77 327 11 14 0.9790912 
310 505 14 19 0.97898805 
133 547 15 19 0.9780426 
210 412 11 17 0.9773563 
327 332 10 15 0.97496325 
28 326 10 14 0.9701055 
421 484 14 16 0.9692665 
361 530 17 20 0.969012 
789 420 12 16 0.9685119 
358 358 11 14 0.96595633 
687 284 9 13 0.96488667 
208 347 11 15 0.96481955 
411 400 11 16 0.9645454 
702 313 10 13 0.96440566 
499 314 11 15 0.96429473 
680 411 12 16 0.9641706 
644 393 12 14 0.96299696 
472 265 9 12 0.96220565 
379 332 10 14 0.96014476 
674 329 10 13 0.9586334 
275 287 10 14 0.95821536 
563 483 11 18 0.95679563 
385 358 11 15 0.95666546 
653 317 11 14 0.956095 
943 294 11 14 0.95553213 
935 350 12 16 0.9555268 
233 357 12 16 0.95436686 
901 335 12 13 0.9538142 
154 359 11 15 0.95363116 
957 466 15 16 0.95285535 
927 427 10 16 0.95270324 
502 406 12 16 0.9521452 
447 314 11 14 0.95199436 
529 358 12 15 0.95133096 
408 309 9 13 0.95070344 
768 413 10 14 0.9501231 
212 469 13 18 0.9501084 
358 465 14 17 0.94838023 
338 416 10 16 0.9463894 
924 406 12 16 0.94188464 
63 291 10 12 0.93880796 
519 469 14 16 0.93859506 
144 475 12 18 0.9383572 
334 312 10 13 0.93690574 
779 435 14 17 0.93483615 
109 310 11 14 0.9343597 
487 351 11 15 0.9340168 
99 361 11 14 0.93240035 
428 403 12 17 0.9310278 
272 325 10 16 0.92918617 
248 315 10 15 0.92830545 
606 490 12 16 0.925269 
