2_Demonstration_Political_Rally_2_791
40
545 298 70 89 0.99964535 
591 35 69 91 0.9994948 
402 140 61 78 0.9994893 
393 341 68 90 0.999446 
650 273 71 88 0.9992643 
203 404 78 96 0.9992343 
777 365 71 85 0.9984847 
993 519 26 32 0.9946287 
40 470 26 27 0.99453366 
22 544 36 35 0.99237615 
488 538 41 37 0.9891164 
323 469 27 31 0.98288363 
860 522 26 33 0.9697804 
957 512 27 29 0.9653877 
921 494 24 29 0.96332586 
60 440 20 22 0.9440239 
331 542 40 37 0.93587863 
589 481 19 28 0.90409017 
669 519 40 43 0.8954746 
80 393 20 26 0.88461846 
961 431 21 25 0.86741436 
400 530 26 23 0.86377215 
80 516 29 31 0.83747977 
624 505 21 25 0.80315524 
131 525 22 26 0.7780819 
856 493 20 27 0.77584577 
724 510 59 66 0.7147048 
825 548 39 31 0.6812169 
35 395 18 19 0.5436184 
935 552 36 27 0.50541025 
996 341 18 22 0.47034347 
85 473 20 22 0.4618292 
381 481 39 42 0.42931315 
1004 412 16 21 0.4094431 
658 492 23 31 0.40267184 
47 516 22 26 0.37607276 
477 521 19 23 0.3725012 
306 428 28 31 0.34435695 
826 533 27 29 0.33926353 
29 451 22 23 0.3328942 
