2_Demonstration_Protesters_2_826
33
893 238 65 77 0.9998159 
627 72 32 47 0.9995678 
545 168 42 54 0.9992661 
607 142 33 41 0.9988134 
581 75 26 33 0.99814916 
563 56 18 25 0.99315286 
57 92 28 30 0.99276525 
500 154 29 37 0.9836326 
703 201 53 64 0.981093 
424 84 18 26 0.9808431 
545 104 16 25 0.97482955 
519 68 16 19 0.95601326 
211 82 18 19 0.9284052 
228 104 16 21 0.91609496 
514 121 24 30 0.9106397 
550 65 12 17 0.90933836 
420 582 25 31 0.8597898 
616 66 12 16 0.85341555 
23 8 34 35 0.7633466 
531 73 16 18 0.72495806 
54 14 23 28 0.7099318 
403 87 12 16 0.66832155 
855 93 19 31 0.6669351 
90 82 14 16 0.6463335 
256 65 11 14 0.5851142 
685 76 17 28 0.5298336 
181 117 12 15 0.4808936 
468 428 23 28 0.47835028 
358 87 21 26 0.47116277 
511 67 9 14 0.415517 
524 490 26 27 0.36642817 
246 206 37 42 0.3523564 
514 63 12 16 0.34494865 
