2_Demonstration_Demonstration_Or_Protest_2_140
100
412 561 17 21 0.99947315 
616 527 17 21 0.99938893 
952 639 28 30 0.99894136 
840 630 27 31 0.99889416 
332 607 19 22 0.9988232 
300 519 14 18 0.99877125 
332 520 14 17 0.99825996 
768 541 18 20 0.99799746 
956 591 16 19 0.9974732 
281 525 13 16 0.99715036 
784 561 18 19 0.996935 
375 631 19 23 0.99637395 
637 487 14 18 0.99626607 
532 491 14 19 0.9962335 
741 548 16 20 0.9960967 
601 380 11 14 0.99597424 
455 396 12 15 0.99586993 
430 621 18 19 0.99574715 
833 543 16 16 0.99541974 
548 525 14 18 0.9951994 
494 476 12 16 0.99515 
138 584 18 23 0.99514526 
764 623 17 22 0.99508506 
686 505 14 16 0.99482024 
702 462 13 15 0.9945967 
416 478 14 15 0.9938651 
203 539 16 21 0.9936957 
803 643 18 22 0.9936166 
638 385 12 14 0.9935434 
521 575 19 22 0.99279976 
725 475 13 15 0.9927959 
233 465 13 17 0.9925289 
564 466 13 15 0.9924885 
451 642 18 21 0.9913168 
514 386 10 14 0.9907664 
806 567 18 23 0.98979706 
181 616 17 19 0.9893329 
756 578 17 18 0.9891271 
623 377 10 12 0.9873656 
683 476 11 15 0.9872103 
741 396 10 13 0.98682785 
451 484 12 18 0.9860416 
550 476 12 15 0.9855328 
157 545 14 17 0.9854827 
569 430 11 14 0.9852738 
761 595 17 19 0.98519427 
560 354 11 12 0.9832228 
244 606 15 20 0.98110414 
390 618 13 17 0.9810043 
525 527 13 16 0.9807273 
249 563 14 17 0.97852176 
548 395 11 14 0.9778201 
377 572 15 17 0.9739788 
857 597 19 18 0.9733089 
302 607 15 19 0.9729207 
592 458 13 15 0.97193086 
382 475 12 14 0.9708965 
687 415 12 15 0.9705161 
778 524 14 14 0.9701854 
482 637 14 16 0.96921086 
722 628 17 17 0.96666807 
490 630 17 21 0.9665846 
555 384 12 14 0.96556616 
713 572 12 16 0.96555036 
303 558 16 21 0.96060985 
643 463 12 14 0.9600832 
572 536 15 18 0.9598275 
934 280 10 12 0.954266 
691 270 9 12 0.9531138 
376 511 13 17 0.9525562 
160 594 15 16 0.95076895 
578 328 10 14 0.9483129 
696 588 16 18 0.9455248 
910 578 12 13 0.9450508 
366 600 14 17 0.9406819 
654 271 10 14 0.9347813 
853 264 9 12 0.9328951 
569 286 8 11 0.9275703 
970 264 8 10 0.92739326 
674 369 11 13 0.9200613 
679 298 9 11 0.9200227 
560 502 14 20 0.912979 
412 655 22 17 0.8966135 
650 530 14 14 0.89297897 
914 604 17 15 0.8926097 
529 620 21 29 0.8909116 
929 325 10 11 0.8878054 
653 599 18 21 0.8872298 
858 289 10 11 0.8759812 
680 397 13 14 0.8732843 
712 391 11 12 0.87322944 
447 608 16 20 0.872606 
656 332 9 12 0.87181586 
803 304 9 11 0.8652292 
584 313 9 12 0.86321336 
415 530 13 17 0.85997546 
491 532 12 17 0.85811275 
928 310 9 11 0.8568013 
610 248 8 12 0.8564119 
627 627 15 18 0.85540205 
