2_Demonstration_Demonstration_Or_Protest_2_102
23
672 545 22 25 0.9900857 
423 606 27 33 0.9891594 
978 513 19 22 0.9891399 
950 487 21 21 0.98281544 
75 603 30 29 0.9764361 
263 584 24 25 0.97175795 
757 576 18 21 0.964178 
737 486 26 33 0.8706262 
403 608 20 29 0.83115745 
312 578 15 17 0.69406545 
906 514 12 15 0.6490245 
381 608 28 33 0.6250131 
300 318 30 28 0.60752344 
602 586 20 22 0.547725 
238 584 19 27 0.50349486 
798 528 14 17 0.47410175 
772 441 13 12 0.41362455 
678 669 20 14 0.41016024 
352 572 25 26 0.38456413 
619 653 20 26 0.38205698 
998 497 17 22 0.36577243 
843 526 12 13 0.34846547 
777 541 24 34 0.30130342 
