2_Demonstration_Political_Rally_2_114
38
648 319 27 34 0.99779415 
792 281 18 23 0.8527503 
970 292 30 29 0.8050973 
937 337 43 55 0.7850957 
591 284 22 26 0.68487316 
949 472 33 33 0.6626728 
91 268 16 13 0.6520474 
473 178 9 11 0.6494748 
149 274 16 15 0.64366925 
606 262 11 12 0.6413619 
772 163 7 12 0.5662676 
238 416 34 74 0.5477026 
261 265 26 38 0.542655 
364 168 8 10 0.50904036 
821 270 19 25 0.50125927 
507 328 19 29 0.48846292 
295 215 12 14 0.48696613 
275 174 11 12 0.48272452 
679 232 10 11 0.48092252 
973 237 9 12 0.4779683 
770 106 13 12 0.4741293 
498 249 24 37 0.4695883 
0 514 14 38 0.42885995 
498 263 20 23 0.41859454 
284 90 8 8 0.4032772 
575 245 19 25 0.39850983 
353 267 29 33 0.36802626 
257 172 10 10 0.3662572 
622 247 8 10 0.3651982 
763 223 9 11 0.36176556 
948 210 9 10 0.35988954 
888 182 8 12 0.35455778 
734 235 10 13 0.34907883 
797 280 19 22 0.34687224 
807 190 12 15 0.34073412 
779 127 9 13 0.32970706 
462 318 21 30 0.31767955 
433 393 49 97 0.31506345 
