2_Demonstration_Demonstration_Or_Protest_2_117
43
14 524 28 32 0.99955684 
164 418 22 26 0.99953496 
697 449 34 45 0.99884295 
912 608 35 43 0.998657 
661 414 27 38 0.9985661 
438 426 24 33 0.99795914 
608 455 28 35 0.9976835 
372 420 24 33 0.99709177 
990 264 19 23 0.9967654 
626 410 24 29 0.99648064 
937 468 31 43 0.9963386 
172 384 22 27 0.99531376 
283 438 22 32 0.9952425 
515 438 26 36 0.99466115 
62 415 21 26 0.9943792 
802 457 32 32 0.9916672 
778 525 28 34 0.9838545 
597 432 22 30 0.9829512 
126 427 24 27 0.982209 
226 414 23 28 0.9818963 
372 368 14 16 0.97825456 
968 431 29 31 0.9755651 
881 491 31 41 0.9728381 
277 337 12 12 0.9549526 
434 331 11 13 0.93583125 
45 239 13 15 0.92802167 
493 327 11 14 0.9163712 
200 366 14 17 0.90629065 
782 308 10 13 0.85938644 
338 405 20 28 0.8313092 
363 347 10 12 0.78179073 
136 345 14 16 0.7593758 
157 45 20 21 0.7504108 
184 340 14 16 0.72892326 
21 416 20 25 0.67677253 
726 395 23 32 0.66637075 
530 375 26 36 0.61047876 
382 331 9 14 0.60947007 
404 362 16 22 0.4953794 
412 355 13 15 0.46968868 
48 398 16 22 0.468262 
434 402 21 25 0.4604858 
534 391 23 31 0.45392483 
