2_Demonstration_Demonstrators_2_413
19
279 224 21 24 0.9954667 
127 235 30 36 0.99541426 
384 184 19 26 0.9883223 
492 179 16 18 0.95708 
41 253 34 41 0.9043657 
361 192 13 16 0.89858776 
0 258 15 29 0.7541478 
422 193 22 31 0.7195513 
180 256 18 25 0.6787986 
140 226 23 27 0.62020963 
937 134 41 47 0.5752888 
15 224 33 42 0.4245455 
558 169 17 25 0.39240083 
621 153 27 30 0.35443917 
14 225 25 28 0.3358275 
18 236 24 29 0.32177767 
109 233 18 26 0.31604543 
883 116 27 28 0.31503868 
980 104 25 27 0.30725917 
