2_Demonstration_Demonstration_Or_Protest_2_173
56
110 248 37 54 0.999566 
652 207 35 49 0.99943906 
669 276 48 70 0.9994149 
364 293 35 57 0.9992501 
870 210 39 57 0.9992349 
505 213 37 66 0.999092 
774 188 32 49 0.99904686 
169 314 42 57 0.99877626 
848 289 50 71 0.99850607 
459 227 33 46 0.99836224 
52 353 45 58 0.9978835 
584 234 38 58 0.9977114 
256 252 28 39 0.9976114 
829 165 20 28 0.9975496 
271 273 36 50 0.9973131 
361 192 15 20 0.99681735 
208 236 21 32 0.9951141 
176 227 19 25 0.9949515 
355 228 24 36 0.9949132 
673 153 17 26 0.9937442 
742 161 19 27 0.99249625 
320 208 17 25 0.9850037 
223 207 15 19 0.9786471 
548 168 14 18 0.9656582 
0 299 24 52 0.9503794 
5 217 12 16 0.94927055 
489 161 18 25 0.8986641 
438 193 14 20 0.8889588 
641 169 15 23 0.8759256 
251 225 16 19 0.82755435 
18 241 14 19 0.824428 
95 212 23 30 0.80063343 
576 186 16 21 0.8003605 
452 206 23 32 0.7875926 
3 251 16 22 0.7555258 
185 275 28 30 0.7547395 
287 192 19 23 0.7378565 
513 191 25 31 0.7162772 
166 216 13 20 0.6675039 
439 175 10 14 0.5855657 
213 198 11 14 0.507793 
597 213 29 34 0.4997746 
516 155 11 16 0.47167352 
156 194 8 11 0.46553496 
4 244 14 16 0.45687383 
136 209 13 18 0.43333697 
472 190 14 22 0.4292308 
375 173 11 15 0.4251187 
282 709 34 26 0.41561234 
51 260 21 27 0.41127774 
179 206 12 15 0.40981618 
894 178 20 26 0.38091952 
412 192 16 20 0.37676245 
598 141 27 40 0.37556714 
61 216 14 19 0.3617404 
38 216 10 13 0.31610918 
