2_Demonstration_Political_Rally_2_641
24
117 127 50 70 0.99985135 
430 179 48 67 0.9997359 
9 147 42 56 0.9993112 
649 152 37 66 0.9992237 
571 158 52 72 0.9989711 
517 156 40 65 0.9977653 
202 134 42 50 0.99739313 
722 156 37 72 0.99068505 
607 142 35 57 0.9271558 
296 130 40 58 0.87198544 
909 150 29 53 0.78418124 
993 212 31 60 0.69896317 
823 153 30 41 0.6510736 
948 177 28 43 0.6278936 
852 136 23 51 0.5767252 
165 141 39 43 0.5412212 
533 88 34 56 0.5382914 
163 146 25 29 0.4952072 
838 147 28 42 0.4880064 
816 156 31 50 0.47160086 
335 199 42 87 0.43188733 
930 163 30 50 0.38816977 
199 418 17 29 0.38036802 
208 418 17 27 0.35886678 
