2_Demonstration_Political_Rally_2_83
84
601 491 88 131 0.9997584 
2 396 85 100 0.9997217 
404 301 86 120 0.9997018 
179 155 47 58 0.9986399 
880 565 113 118 0.9985512 
169 0 29 37 0.9981943 
889 157 48 58 0.99791354 
447 117 39 44 0.99740416 
291 570 106 114 0.99687827 
813 136 36 45 0.9963271 
503 212 53 57 0.99609756 
222 261 72 89 0.99600714 
628 386 89 95 0.9942668 
116 523 112 113 0.9928597 
173 387 77 90 0.9919402 
217 59 37 49 0.99021906 
73 216 53 59 0.9899013 
952 159 52 46 0.98846626 
231 121 36 50 0.98839813 
878 332 81 87 0.98732823 
559 83 34 33 0.98637253 
326 165 49 59 0.9854753 
111 80 34 40 0.9827618 
5 124 51 70 0.97702163 
475 84 37 37 0.97560424 
94 288 69 85 0.97274846 
626 65 30 33 0.97270477 
635 249 37 34 0.9717862 
465 182 46 59 0.9711575 
46 179 48 63 0.9710334 
931 200 47 51 0.9694464 
562 289 72 79 0.96413165 
427 33 28 29 0.9619277 
996 129 24 28 0.9565464 
473 18 27 25 0.94293666 
208 225 59 70 0.93826365 
386 154 34 42 0.93165565 
605 60 23 23 0.92962366 
202 110 31 37 0.9235495 
871 26 23 27 0.92222506 
745 153 41 54 0.9161956 
946 13 27 33 0.8982397 
94 619 115 65 0.8959723 
672 608 113 76 0.88743216 
45 289 36 51 0.8823008 
883 75 35 41 0.86733687 
791 120 32 35 0.86428684 
751 20 21 20 0.85268956 
399 106 35 40 0.8478917 
2 67 34 43 0.84741306 
670 49 23 24 0.83130085 
291 33 29 33 0.8174149 
943 76 49 51 0.80944705 
557 188 28 31 0.7828634 
264 20 25 29 0.77259415 
813 40 25 24 0.7659973 
375 240 52 58 0.7554129 
411 196 43 60 0.74559623 
976 227 48 75 0.7173722 
476 47 19 23 0.695145 
310 72 24 30 0.68874204 
781 43 21 25 0.67909616 
386 62 26 28 0.6756699 
64 141 32 33 0.667548 
1003 98 21 32 0.6216375 
380 94 29 36 0.6056606 
78 37 30 31 0.5804594 
315 307 41 52 0.55826527 
587 19 22 22 0.5442444 
136 177 39 45 0.52597713 
920 0 20 25 0.5209984 
23 1 31 33 0.4547651 
247 186 39 47 0.45372126 
534 48 26 26 0.44465786 
508 0 29 24 0.4110402 
592 57 20 23 0.3869516 
835 339 32 33 0.3863081 
754 176 28 42 0.36597815 
464 164 67 83 0.35582483 
204 385 64 89 0.33907261 
304 1 13 13 0.3351697 
981 2 25 30 0.3317711 
984 444 40 91 0.3211397 
824 63 24 32 0.31734335 
