2_Demonstration_Protesters_2_24
25
663 1047 78 104 0.9994143 
155 804 81 98 0.9992841 
481 752 69 109 0.9989262 
451 1120 69 95 0.9987093 
816 649 60 88 0.99868387 
373 252 99 167 0.9982109 
505 659 61 80 0.9978042 
896 1121 92 113 0.9967969 
584 864 44 60 0.99674356 
550 252 88 152 0.9959346 
373 579 59 78 0.9950806 
9 389 107 165 0.99433446 
602 644 63 62 0.99419075 
683 468 47 87 0.94480747 
870 1046 28 31 0.91462624 
393 806 61 68 0.80636525 
744 0 36 24 0.78067136 
206 146 99 106 0.71951276 
639 686 45 63 0.56790274 
891 619 24 25 0.4897042 
722 0 62 29 0.44744608 
678 854 35 55 0.42595384 
0 924 44 103 0.4174113 
188 456 39 49 0.33899394 
34 833 48 66 0.30879867 
