2_Demonstration_Demonstration_Or_Protest_2_586
52
692 145 28 36 0.99890745 
386 184 23 39 0.99880934 
638 166 21 34 0.99828583 
471 145 25 34 0.9974201 
832 199 34 41 0.9970668 
761 117 16 24 0.99286216 
174 127 16 17 0.9923455 
411 106 11 15 0.9905618 
789 112 11 16 0.98520535 
138 144 24 32 0.98107874 
132 120 13 14 0.97853506 
524 121 13 16 0.9771474 
388 135 11 20 0.9752163 
996 144 17 29 0.9581895 
540 93 9 11 0.9413446 
358 88 11 12 0.92779493 
29 106 11 12 0.8982011 
431 97 10 14 0.887865 
346 95 9 10 0.8848158 
29 132 13 13 0.87276065 
312 168 19 27 0.8554267 
127 102 10 11 0.8249001 
108 131 13 14 0.77310467 
382 104 8 10 0.7512517 
2 114 10 10 0.7293672 
960 102 17 24 0.7068417 
600 115 10 17 0.60684466 
247 119 12 15 0.60470814 
401 163 11 16 0.5893843 
280 119 11 15 0.5756846 
284 157 16 26 0.5608518 
762 98 11 16 0.5537537 
1 96 8 11 0.5511607 
475 228 14 24 0.5397671 
121 148 15 20 0.53930223 
288 102 10 11 0.51747197 
1 98 10 14 0.5131829 
447 114 14 24 0.46814406 
441 126 10 16 0.45496762 
169 101 10 12 0.44480872 
406 386 159 126 0.40913624 
805 217 17 37 0.39474285 
14 89 9 9 0.38694805 
433 178 16 23 0.37213936 
289 163 10 21 0.36410108 
96 91 8 9 0.36320937 
199 123 9 11 0.34741366 
282 204 20 36 0.34523052 
285 102 10 11 0.33944008 
799 440 26 33 0.32389253 
67 94 10 10 0.32322714 
326 132 16 30 0.31491408 
