2_Demonstration_Protesters_2_884
25
525 154 32 36 0.9993705 
699 45 21 30 0.99829715 
365 85 20 26 0.99618214 
936 428 88 135 0.99217767 
584 91 24 26 0.99004865 
516 221 30 35 0.98858774 
887 178 37 44 0.97095346 
209 85 24 24 0.9479344 
717 189 32 34 0.9467569 
33 74 22 28 0.9105055 
664 262 31 57 0.8086011 
292 99 14 19 0.7794082 
201 91 12 19 0.76553637 
11 264 25 25 0.7486592 
286 97 19 25 0.6510019 
435 166 20 22 0.56428605 
113 135 12 18 0.48811987 
202 86 18 25 0.48756847 
232 91 18 20 0.47596017 
182 516 115 124 0.46609014 
413 348 36 43 0.4375437 
33 189 70 71 0.39918357 
293 100 20 24 0.38145772 
869 160 22 28 0.3320129 
550 69 13 14 0.33060122 
