2_Demonstration_Demonstration_Or_Protest_2_158
28
517 186 44 54 0.9992725 
856 239 20 21 0.99914825 
473 235 28 29 0.9991283 
676 253 12 15 0.98989177 
985 217 38 38 0.9896764 
61 266 14 15 0.94650894 
57 255 14 12 0.9443952 
252 260 12 12 0.94295055 
2 188 35 56 0.9249979 
184 217 30 43 0.9238195 
105 255 13 14 0.8885873 
695 258 8 12 0.8564069 
172 250 34 40 0.8251238 
371 239 19 26 0.8197438 
393 254 15 17 0.7641386 
638 250 8 14 0.741684 
484 233 27 28 0.6734907 
582 632 24 27 0.6689606 
31 248 12 14 0.596953 
122 243 12 11 0.5866237 
744 268 51 46 0.46286798 
805 248 13 15 0.46139356 
895 533 91 105 0.44604468 
648 262 12 12 0.4337247 
62 253 11 12 0.40423608 
162 226 47 64 0.39870298 
612 252 13 14 0.35975486 
168 216 41 49 0.30069894 
