2_Demonstration_Protesters_2_508
19
951 173 33 40 0.9987233 
956 109 25 35 0.997743 
716 165 40 42 0.99678063 
315 175 32 45 0.9828911 
177 201 32 37 0.98241997 
786 138 25 32 0.9738636 
654 155 23 26 0.94565624 
988 143 25 36 0.9454437 
935 159 19 24 0.9446821 
869 143 23 33 0.82086354 
566 233 40 42 0.7970901 
269 73 18 20 0.74072677 
238 178 31 41 0.69456893 
254 373 49 46 0.63472056 
27 187 22 23 0.50092506 
98 178 21 30 0.4861493 
344 557 18 18 0.38536558 
695 178 35 48 0.3299363 
171 506 23 20 0.32145151 
