2_Demonstration_Political_Rally_2_107
20
169 587 57 79 0.9993311 
227 489 32 40 0.99624217 
237 562 42 52 0.9936167 
860 505 23 29 0.98940384 
922 540 20 22 0.9553123 
514 533 62 96 0.94005364 
979 569 19 25 0.8368847 
737 558 34 40 0.8030229 
897 539 22 24 0.735962 
131 581 39 53 0.71048063 
962 582 31 53 0.6669358 
270 494 24 36 0.58786803 
156 517 30 41 0.50067127 
686 503 47 51 0.49566534 
281 492 23 41 0.4292165 
260 494 25 31 0.42546904 
134 508 44 49 0.32954788 
972 541 22 25 0.30483854 
615 511 109 101 0.30433893 
896 516 12 16 0.30041817 
