2_Demonstration_Demonstration_Or_Protest_2_441
27
108 186 45 50 0.999482 
286 186 35 42 0.9994549 
856 172 35 42 0.99933594 
401 165 37 45 0.99927646 
571 176 33 45 0.99922967 
611 175 39 48 0.99922156 
330 209 38 43 0.99900275 
931 154 36 46 0.9989229 
234 154 38 48 0.9985879 
502 161 36 57 0.99845624 
0 187 31 37 0.99611914 
792 159 39 53 0.99509525 
850 356 29 32 0.9837018 
495 565 62 58 0.9056689 
654 571 32 28 0.87123704 
719 166 23 35 0.80834955 
310 174 29 34 0.79073745 
897 596 57 45 0.7798416 
571 104 14 18 0.7054195 
589 571 29 28 0.673722 
681 169 21 25 0.64030504 
713 501 41 50 0.5216124 
143 174 24 27 0.48794797 
343 569 27 27 0.43147266 
144 125 23 33 0.3856575 
793 569 23 23 0.3694507 
364 564 27 25 0.32942706 
