2_Demonstration_Protesters_2_92
25
262 429 47 73 0.9944348 
246 302 29 37 0.9915418 
825 324 37 60 0.9803986 
745 345 53 84 0.9675413 
463 297 26 34 0.9357794 
429 302 13 19 0.932319 
688 334 34 52 0.9159398 
649 293 26 42 0.8723456 
92 510 61 142 0.855306 
93 296 11 15 0.8390872 
344 332 21 31 0.82568544 
589 321 22 29 0.7979086 
379 312 23 32 0.7900825 
199 326 24 36 0.7620122 
495 320 26 31 0.670851 
185 294 13 20 0.59346837 
160 318 15 18 0.5430395 
936 312 28 40 0.47731525 
387 312 25 34 0.47557807 
310 310 34 47 0.4429678 
118 308 21 29 0.43085364 
0 0 29 33 0.42404705 
434 0 80 34 0.35760772 
280 338 27 35 0.34416202 
761 558 66 101 0.3122268 
