2_Demonstration_Demonstration_Or_Protest_2_420
42
310 165 30 49 0.99849725 
720 159 36 50 0.99361163 
808 182 32 43 0.9934443 
472 160 40 45 0.9922863 
694 134 25 28 0.99091023 
598 165 27 51 0.98906356 
417 130 27 35 0.9859264 
404 217 54 95 0.97438556 
909 112 16 18 0.97059846 
976 133 26 26 0.93369216 
570 161 26 45 0.8998852 
369 165 30 48 0.8357324 
520 143 21 31 0.7968014 
256 129 19 26 0.757139 
75 184 24 31 0.7524375 
509 88 9 12 0.7345478 
820 282 87 74 0.6654686 
207 269 42 66 0.6602719 
864 118 12 11 0.64878815 
910 171 25 25 0.6445887 
988 189 31 43 0.638573 
409 105 10 13 0.62957275 
207 125 13 19 0.6100887 
380 50 16 16 0.5980169 
976 111 14 12 0.5894581 
126 158 18 28 0.5561982 
170 106 10 10 0.5547622 
160 294 38 59 0.5332508 
840 157 29 52 0.5224626 
286 93 9 12 0.4669994 
1007 98 10 10 0.4538653 
106 133 16 23 0.42862266 
641 124 27 34 0.42839032 
861 97 9 10 0.41960093 
0 278 44 82 0.39328963 
985 144 23 27 0.38937357 
707 118 13 12 0.38783315 
463 93 8 9 0.3508089 
672 88 8 9 0.3493772 
811 127 23 23 0.330001 
1 299 66 55 0.32048646 
21 145 20 24 0.30667397 
