2_Demonstration_Demonstration_Or_Protest_2_304
18
192 274 52 68 0.9996798 
430 378 42 56 0.9996151 
375 363 32 45 0.99950695 
765 291 106 110 0.99889034 
682 403 45 55 0.99794596 
79 381 32 49 0.99772054 
302 387 35 43 0.9973907 
263 382 35 48 0.9966948 
523 344 36 67 0.9959176 
915 371 36 59 0.9897169 
558 346 35 63 0.97401243 
32 390 32 49 0.8963023 
856 651 65 65 0.673906 
204 725 51 46 0.6189801 
760 569 101 73 0.505629 
721 392 34 49 0.48400873 
118 512 53 55 0.46303105 
517 341 85 70 0.36012307 
