2_Demonstration_Demonstrators_2_499
27
601 364 22 23 0.9992975 
361 365 21 24 0.99858403 
454 364 20 23 0.99827754 
634 364 20 22 0.9982298 
258 356 26 28 0.9981858 
758 340 28 30 0.9980354 
552 359 16 21 0.9970018 
976 321 45 52 0.99648404 
812 347 23 28 0.9956577 
424 360 21 24 0.9885053 
962 345 18 26 0.9810699 
904 352 35 45 0.97991747 
515 388 18 22 0.95763886 
698 380 16 20 0.9478876 
484 385 16 16 0.93613756 
653 371 14 18 0.7617269 
524 366 14 13 0.46612668 
830 324 21 32 0.4631914 
851 325 15 19 0.43726084 
333 586 18 10 0.43462586 
526 370 13 13 0.4092733 
420 569 16 11 0.4020758 
626 10 167 108 0.3911661 
715 377 11 12 0.3461532 
200 1 70 47 0.33664134 
835 321 14 17 0.32204857 
402 576 14 12 0.30120206 
