2_Demonstration_Political_Rally_2_867
29
650 497 31 39 0.99946564 
797 426 36 42 0.9985392 
915 372 28 33 0.99773043 
69 518 46 49 0.99653083 
925 512 47 50 0.99524635 
180 552 51 54 0.9891766 
949 374 22 21 0.9813644 
615 503 22 28 0.9562105 
0 523 20 21 0.9022742 
72 455 16 19 0.8901694 
130 489 16 16 0.8814423 
167 385 12 14 0.8773983 
826 402 20 25 0.8263461 
904 586 55 66 0.7458266 
120 404 11 11 0.7008084 
45 420 14 14 0.67205346 
333 544 33 56 0.6691703 
819 360 10 14 0.665804 
125 523 23 21 0.6526057 
880 358 12 14 0.6310994 
864 360 13 14 0.6299347 
853 381 14 16 0.5901188 
300 508 16 16 0.5696319 
171 508 35 40 0.52131397 
49 419 15 16 0.4994997 
43 423 13 15 0.43124753 
872 395 16 22 0.4087691 
191 385 10 11 0.3594251 
993 358 20 25 0.3202756 
