2_Demonstration_Political_Rally_2_329
69
267 198 42 45 0.9995018 
743 395 99 121 0.99943703 
137 345 62 69 0.9993005 
929 282 67 76 0.999198 
926 210 32 39 0.99915624 
770 177 26 31 0.99908495 
648 232 39 50 0.999014 
801 207 39 48 0.9990031 
616 209 27 36 0.9985404 
462 239 40 46 0.99846953 
476 135 18 21 0.9983719 
195 196 39 39 0.9982529 
877 161 31 40 0.9979506 
830 181 30 36 0.997343 
308 306 68 75 0.9969998 
481 312 83 98 0.9969798 
129 176 30 37 0.9969279 
124 229 49 60 0.9967675 
695 326 45 49 0.9951994 
498 144 20 21 0.99457693 
863 328 67 81 0.9917183 
842 130 17 17 0.9878043 
1 190 34 49 0.98730415 
565 145 17 20 0.9867432 
850 223 26 36 0.9860169 
902 144 12 14 0.9847312 
664 188 28 34 0.9817167 
948 142 14 17 0.9766797 
465 148 14 17 0.9748216 
69 133 12 15 0.970556 
60 169 19 23 0.9693507 
997 139 13 14 0.9643058 
746 121 12 14 0.93781215 
302 185 23 28 0.9128853 
952 192 24 28 0.90834355 
972 222 29 35 0.8935972 
329 178 29 33 0.8930657 
769 129 10 15 0.87517905 
814 121 13 17 0.86185706 
58 208 21 37 0.8573219 
540 146 21 26 0.8534745 
782 118 10 13 0.85059094 
917 147 12 14 0.8410211 
935 138 13 14 0.83594763 
982 221 26 33 0.8203112 
966 147 13 14 0.815724 
865 137 10 15 0.8070445 
13 136 10 11 0.7896675 
69 151 17 22 0.7396344 
744 120 16 23 0.7335228 
584 116 8 9 0.71650887 
975 132 11 11 0.70409524 
50 133 11 14 0.69628674 
986 130 12 13 0.6692052 
961 395 12 14 0.5800576 
603 123 9 12 0.5560006 
25 148 15 16 0.5364829 
286 427 134 117 0.5166417 
110 154 13 18 0.49820745 
514 118 7 8 0.48935047 
743 132 10 13 0.45967624 
1011 150 11 13 0.44633093 
803 134 10 12 0.43130773 
572 122 8 10 0.42385685 
609 164 18 23 0.4061305 
736 116 11 13 0.4009862 
584 229 29 31 0.39118448 
556 125 9 12 0.3658005 
1 83 8 11 0.32714227 
