2_Demonstration_Protesters_2_493
100
923 157 36 49 0.99927396 
770 129 35 43 0.99906784 
719 131 37 45 0.9990134 
557 131 35 45 0.9983943 
161 81 21 24 0.9983651 
30 68 24 29 0.99834406 
386 149 39 44 0.997993 
457 132 40 45 0.9976427 
91 113 28 31 0.99686533 
847 141 32 42 0.99685127 
256 99 22 25 0.99670756 
648 172 46 57 0.9965926 
202 82 21 24 0.99570185 
278 116 30 31 0.9955735 
636 107 24 26 0.9951881 
372 97 28 29 0.9931765 
18 100 24 26 0.99285567 
868 92 24 33 0.9915944 
66 62 22 27 0.9914282 
343 116 31 39 0.99118185 
313 84 23 28 0.9899267 
80 90 23 25 0.9893546 
736 91 22 22 0.98837876 
603 83 24 29 0.98757184 
710 110 28 28 0.9868418 
917 74 23 30 0.98662937 
303 151 37 53 0.98118764 
291 68 21 25 0.97803324 
340 90 23 25 0.97677976 
386 73 19 22 0.975796 
266 73 24 29 0.9717855 
218 66 17 20 0.9706777 
649 91 23 28 0.96738297 
963 70 19 21 0.9643079 
481 60 18 23 0.9599395 
3 134 25 28 0.95898694 
432 69 19 24 0.9566013 
662 62 21 23 0.955417 
925 48 18 20 0.9546738 
228 86 20 25 0.94983625 
936 128 33 43 0.94828975 
827 74 31 32 0.9420724 
987 151 37 53 0.93433195 
745 48 16 19 0.9262874 
519 65 19 21 0.922052 
542 76 22 24 0.92099214 
437 35 11 13 0.9131359 
802 21 12 14 0.9112649 
253 46 12 14 0.9109708 
184 58 16 19 0.8986524 
662 48 20 20 0.89541405 
779 81 27 34 0.8855801 
880 206 35 45 0.8833137 
188 118 25 27 0.8823545 
130 86 21 23 0.8585854 
408 113 27 30 0.8532252 
134 103 24 29 0.8481289 
842 47 19 22 0.84724957 
385 49 16 19 0.8459241 
0 88 15 26 0.8457323 
160 46 13 16 0.82636756 
469 118 26 28 0.8144582 
97 57 12 15 0.81067866 
455 84 21 20 0.7917818 
950 54 17 17 0.7848013 
420 35 14 16 0.7662968 
210 116 21 29 0.7636562 
717 79 18 21 0.7505268 
522 115 34 42 0.74500746 
246 83 18 21 0.744878 
786 59 17 19 0.72446567 
547 113 30 28 0.7241389 
0 44 12 21 0.72266006 
615 68 19 18 0.70484686 
659 161 42 60 0.70090747 
846 18 11 13 0.69965506 
521 89 21 22 0.693752 
569 53 12 14 0.6826897 
808 48 17 18 0.68091685 
704 50 15 18 0.67027295 
637 53 17 20 0.6499184 
818 106 40 47 0.63170207 
34 52 13 14 0.6269136 
534 112 40 41 0.62283444 
833 179 35 62 0.6154138 
175 108 23 26 0.6142529 
424 139 20 23 0.6054072 
655 21 10 12 0.5974157 
334 387 62 108 0.5828195 
485 89 22 27 0.5549243 
367 85 14 16 0.55382514 
565 31 12 14 0.54369324 
136 393 93 85 0.5433556 
334 42 12 14 0.543001 
500 12 10 11 0.53743654 
406 101 24 27 0.45520627 
584 58 19 22 0.45452675 
605 407 38 64 0.44536513 
452 93 23 28 0.41428405 
704 93 21 25 0.41391084 
