2_Demonstration_Demonstration_Or_Protest_2_200
50
74 265 36 50 0.9994363 
276 217 38 46 0.9986694 
852 325 38 49 0.99801576 
807 491 57 57 0.9977811 
85 129 32 42 0.9965976 
387 224 21 29 0.9944323 
16 362 40 55 0.9932957 
904 0 15 15 0.99313873 
286 166 28 36 0.9928871 
356 26 14 14 0.99199146 
789 383 43 54 0.989636 
23 72 15 18 0.9845463 
226 191 28 37 0.97786796 
310 98 14 15 0.9773834 
178 220 32 41 0.9773132 
845 133 20 23 0.9730732 
399 48 15 21 0.9635801 
944 299 39 59 0.9630272 
462 11 13 15 0.9624155 
886 164 23 26 0.9218013 
394 166 23 28 0.909482 
540 168 21 34 0.9047919 
355 156 22 26 0.9008601 
275 67 15 20 0.87425995 
88 28 13 22 0.8705794 
925 69 21 27 0.8627997 
354 123 12 16 0.8476066 
682 36 18 22 0.8342534 
311 359 47 63 0.82898355 
486 42 12 15 0.8030146 
396 474 61 55 0.7386994 
951 185 32 32 0.71505964 
884 191 15 17 0.69939625 
51 161 19 25 0.66089594 
1 90 17 22 0.6232051 
505 167 15 16 0.61327523 
905 117 19 21 0.5858738 
366 115 14 15 0.57266724 
669 373 44 77 0.5652796 
20 125 14 17 0.5624265 
502 7 11 14 0.5107614 
532 214 27 29 0.48499918 
949 175 27 33 0.47871166 
897 143 23 26 0.437662 
17 128 16 24 0.3823277 
8 92 13 16 0.38071942 
674 44 11 13 0.37534115 
112 266 26 36 0.3719471 
416 485 40 42 0.34983876 
78 387 21 26 0.3017668 
