2_Demonstration_Demonstrators_2_290
19
411 157 77 90 0.999616 
507 560 91 108 0.99918884 
698 163 64 94 0.99917954 
456 503 25 34 0.9985109 
636 469 47 56 0.99796593 
866 465 48 65 0.9977258 
170 365 80 90 0.99722713 
729 502 54 70 0.99604565 
19 494 21 27 0.99554104 
380 506 18 23 0.99535877 
482 492 17 17 0.90574527 
937 449 20 21 0.8771991 
412 505 13 19 0.80689657 
52 529 18 20 0.61520725 
702 488 10 13 0.50219464 
361 506 12 18 0.44879267 
553 496 35 51 0.4307454 
515 502 10 15 0.38692123 
411 508 19 25 0.35472977 
