18_Concerts_Concerts_18_66
32
439 360 65 96 0.99947494 
480 200 23 31 0.99944013 
626 245 36 58 0.99920005 
195 246 39 47 0.99898237 
808 260 38 59 0.9989353 
436 256 41 51 0.9987018 
489 326 64 84 0.99863416 
644 423 57 73 0.998555 
388 219 25 36 0.9985055 
507 180 19 29 0.9934522 
403 199 23 28 0.9901085 
922 289 41 50 0.98977685 
750 331 46 73 0.9874728 
189 309 84 80 0.9869141 
361 190 17 22 0.98505914 
892 348 44 59 0.9693151 
69 315 70 64 0.96535945 
288 460 66 71 0.96380824 
19 268 35 38 0.87724686 
288 159 13 18 0.8458888 
932 472 92 101 0.73635685 
0 516 127 70 0.7097117 
186 315 54 62 0.65418863 
335 152 12 16 0.57003206 
212 168 21 25 0.5386905 
540 194 22 28 0.49539533 
582 314 42 55 0.47288606 
575 177 21 27 0.4499822 
421 154 12 16 0.40185344 
229 202 20 24 0.3926843 
455 166 12 17 0.38507938 
303 291 30 45 0.31884542 
