21_Festival_Festival_21_107
22
918 183 24 26 0.99617237 
176 219 61 75 0.9822741 
793 201 24 31 0.95614326 
844 188 18 25 0.9549369 
601 186 38 47 0.9161958 
999 188 20 24 0.8456526 
690 220 32 45 0.8450955 
843 258 22 26 0.7993261 
726 224 25 36 0.79841995 
962 186 18 23 0.7676293 
576 203 19 28 0.66575134 
475 205 39 53 0.6181411 
30 623 39 59 0.610955 
550 631 27 25 0.4402596 
801 164 10 15 0.42012772 
1000 257 13 20 0.39940992 
945 188 14 17 0.38094798 
886 113 48 60 0.37340704 
539 608 41 53 0.36382404 
546 305 32 41 0.33041853 
360 456 33 40 0.32910782 
10 371 117 109 0.31674197 
