21_Festival_Festival_21_193
32
203 435 37 50 0.9991549 
629 440 21 38 0.9538974 
210 384 14 20 0.9237894 
376 410 17 20 0.9117541 
170 391 16 23 0.88707304 
438 468 33 46 0.8691331 
237 413 19 24 0.85284185 
817 431 20 25 0.83811873 
802 408 13 16 0.8238314 
134 379 10 14 0.76007366 
714 461 26 34 0.749069 
957 357 13 14 0.74459004 
636 412 14 15 0.70489395 
652 410 13 17 0.60107815 
989 408 12 18 0.5879482 
277 378 13 15 0.5603424 
458 370 9 14 0.50751054 
804 347 10 12 0.49656022 
717 474 33 26 0.4846153 
260 365 13 14 0.45231128 
398 461 20 37 0.41672856 
955 439 29 32 0.4075727 
3 502 44 65 0.38739312 
377 388 9 12 0.3759851 
271 329 9 11 0.3710854 
251 481 54 60 0.35255706 
477 425 18 26 0.32800356 
1015 349 9 13 0.32750636 
43 419 31 37 0.3083282 
807 469 37 30 0.30341354 
592 422 13 19 0.3003817 
215 382 12 20 0.30037138 
