21_Festival_Festival_21_275
22
966 330 17 20 0.9959726 
751 227 10 15 0.9929087 
257 263 32 59 0.98646927 
998 345 17 20 0.98152465 
686 229 10 15 0.9744204 
868 345 9 13 0.90317005 
0 177 75 108 0.8235901 
860 344 8 11 0.780168 
883 343 7 10 0.7501592 
788 98 9 11 0.6612423 
711 113 9 12 0.6472239 
920 350 8 12 0.64186096 
726 368 13 13 0.6187283 
566 340 29 27 0.535105 
645 110 11 17 0.5221041 
904 346 9 13 0.45496985 
833 348 8 12 0.35438517 
3 342 117 217 0.3371434 
457 335 25 28 0.33237144 
766 115 7 8 0.3272478 
628 335 21 24 0.3092881 
687 106 10 10 0.30850852 
