21_Festival_Festival_21_373
26
78 182 38 50 0.99929297 
872 181 16 18 0.9983228 
398 202 21 23 0.9948996 
935 170 17 19 0.9910719 
833 171 14 20 0.9727233 
398 246 33 21 0.97191733 
860 221 20 19 0.96095526 
727 187 8 11 0.9512662 
393 250 32 26 0.93844724 
596 275 32 22 0.92082196 
845 185 15 15 0.89599997 
747 190 9 11 0.8581395 
550 223 14 18 0.7702274 
494 246 18 18 0.72529113 
682 222 12 13 0.659946 
39 196 8 11 0.6264122 
646 194 8 11 0.6056765 
607 217 10 12 0.4907595 
567 192 7 11 0.4882707 
692 198 8 10 0.45286685 
3 192 7 8 0.4231476 
808 247 21 22 0.38320115 
508 204 10 14 0.3719821 
547 216 16 21 0.3533783 
629 284 13 20 0.32325935 
543 206 14 15 0.3214599 
