21_Festival_Festival_21_395
19
547 125 30 41 0.99764997 
689 261 30 46 0.9970753 
766 413 33 46 0.99524313 
407 260 33 45 0.99261284 
560 397 43 57 0.9912951 
516 273 39 58 0.9897961 
665 503 14 17 0.89596283 
419 583 19 24 0.60980076 
307 259 18 30 0.55524874 
135 492 13 19 0.5407714 
490 493 11 19 0.52230275 
273 557 17 25 0.51842105 
66 448 12 17 0.4308568 
308 420 33 52 0.4182017 
171 495 31 60 0.39599508 
173 492 18 25 0.39249843 
982 501 21 33 0.36400276 
1 492 16 31 0.32086515 
964 486 12 21 0.3068425 
