21_Festival_Festival_21_943
22
505 463 56 109 0.97249174 
708 194 10 15 0.94816893 
739 189 8 13 0.94691634 
113 194 10 15 0.9079597 
103 178 10 16 0.86705804 
806 190 9 14 0.84289736 
190 195 10 13 0.8328471 
830 194 11 15 0.80070955 
354 178 8 15 0.78006715 
762 186 9 12 0.76904464 
70 194 11 16 0.7278412 
889 180 11 15 0.61131203 
157 198 9 12 0.57813376 
295 187 15 18 0.5526396 
543 192 7 9 0.5498981 
870 404 19 31 0.5028755 
188 196 8 12 0.42516375 
53 175 8 14 0.38042024 
253 192 9 10 0.3752998 
519 187 8 11 0.3723906 
168 193 8 11 0.3415128 
551 183 9 12 0.32671407 
