21_Festival_Festival_21_42
100
800 1286 13 18 0.9948085 
141 1278 14 17 0.9851599 
698 1318 14 19 0.9828031 
753 1315 13 18 0.976351 
724 1340 13 19 0.9760551 
538 1284 12 18 0.97595996 
594 1162 14 17 0.97283643 
899 1206 13 18 0.9621634 
764 1195 12 17 0.9607198 
640 1258 12 18 0.96031207 
902 1325 16 20 0.9467384 
17 1165 14 15 0.943638 
875 1329 14 19 0.94031715 
774 1224 14 17 0.93765944 
602 1267 12 14 0.93169475 
104 1331 15 20 0.93118685 
703 1290 13 19 0.92854804 
97 1167 13 16 0.9186194 
626 1334 13 16 0.9184857 
917 1134 12 16 0.91361797 
3 1185 14 19 0.9096161 
76 1272 14 18 0.90737915 
574 1200 11 15 0.90654373 
594 1206 11 15 0.884944 
972 1046 12 15 0.8559481 
63 1225 14 19 0.8549294 
624 1193 14 16 0.85000366 
653 1193 13 15 0.8449287 
146 1149 13 16 0.839287 
710 1214 12 17 0.8363961 
727 1273 14 19 0.83095825 
112 1231 13 16 0.8236208 
644 1150 13 16 0.8036857 
774 1314 17 20 0.8031758 
0 1323 14 21 0.7975739 
160 1267 13 15 0.78827333 
743 1192 12 15 0.78562254 
77 1324 14 19 0.7826417 
385 1294 11 18 0.77406174 
48 1211 13 16 0.7457842 
835 1091 11 15 0.7393124 
729 1177 12 16 0.73648596 
672 1225 12 19 0.7323456 
669 1289 14 19 0.7306909 
37 1269 16 19 0.7144964 
987 1164 10 18 0.70972556 
770 1277 12 19 0.69351166 
100 1242 14 18 0.6906289 
839 1055 9 13 0.68401366 
683 1268 12 16 0.6838224 
43 1334 13 18 0.678401 
689 999 10 12 0.6679529 
829 947 7 11 0.66094923 
179 1136 10 14 0.65311044 
165 1202 14 18 0.65242475 
747 948 10 12 0.6368935 
656 1312 16 22 0.62682855 
794 1013 9 13 0.6249816 
828 1002 9 12 0.61860174 
661 1325 13 19 0.6180379 
17 1104 13 15 0.6026269 
95 1350 16 16 0.59175426 
59 1266 12 18 0.5904879 
801 873 7 9 0.58855945 
812 1008 9 14 0.5855023 
59 965 12 11 0.5761211 
363 992 11 14 0.5658056 
664 1259 13 17 0.55465525 
80 1225 13 15 0.5501914 
37 1280 16 19 0.5445242 
253 1324 15 15 0.5379633 
702 1191 13 16 0.53780216 
858 1221 11 15 0.5333174 
844 958 10 13 0.52008617 
646 1045 12 14 0.5188009 
631 1235 13 18 0.5065369 
642 1171 12 16 0.4933062 
192 1066 13 15 0.4832945 
92 1287 13 16 0.47398388 
451 1005 8 12 0.47397745 
702 1345 14 20 0.47309247 
613 1228 13 13 0.4711751 
767 954 8 10 0.4708297 
678 1207 10 15 0.46034548 
754 922 7 10 0.45056638 
95 1069 9 12 0.42908847 
820 942 10 12 0.40295196 
172 1223 16 16 0.4023684 
93 1091 12 16 0.39942884 
796 1345 17 21 0.39853093 
339 1224 15 14 0.39811444 
609 1076 10 15 0.39300457 
868 1175 10 12 0.38855916 
101 993 10 12 0.38327697 
0 1267 8 15 0.3726219 
287 1225 13 15 0.3724199 
873 902 9 12 0.36520934 
713 883 7 10 0.35358205 
188 1150 13 14 0.34486434 
825 867 7 10 0.3430934 
