21_Festival_Festival_21_378
59
445 210 11 16 0.9955584 
89 269 13 16 0.993848 
636 241 20 24 0.98998684 
193 212 9 12 0.9841276 
744 214 10 14 0.98254806 
872 224 10 14 0.9802855 
913 229 10 14 0.97933084 
718 217 10 14 0.9732603 
173 214 9 12 0.96775 
708 221 9 12 0.96700376 
968 217 11 13 0.965287 
900 276 17 22 0.96501154 
596 225 8 11 0.96057385 
30 208 10 14 0.9599264 
859 220 10 13 0.95962864 
520 217 9 13 0.95810074 
234 223 9 12 0.9482862 
47 212 8 12 0.9410556 
61 285 11 13 0.9315938 
125 230 11 12 0.93103135 
335 206 9 12 0.92811584 
682 226 8 12 0.927813 
366 218 9 12 0.92754996 
289 211 9 14 0.9270502 
479 215 11 12 0.9255638 
351 214 9 12 0.92058957 
210 202 10 13 0.91892546 
255 205 9 11 0.9157148 
998 235 9 13 0.90869105 
629 221 9 12 0.9086224 
375 206 9 12 0.90841645 
820 219 11 15 0.8897875 
839 273 10 12 0.8873114 
81 211 11 13 0.8761341 
404 215 9 14 0.8725358 
897 225 9 13 0.85339826 
838 225 9 12 0.8299085 
301 206 8 12 0.8286317 
763 289 12 16 0.82079464 
582 215 9 11 0.7942356 
779 215 9 12 0.78461045 
136 210 9 12 0.783979 
3 192 10 13 0.78289115 
382 220 9 12 0.77851677 
547 228 9 11 0.7524404 
945 223 10 12 0.72595686 
692 215 8 11 0.70132554 
258 219 9 12 0.6466244 
61 207 8 11 0.6046604 
282 204 10 13 0.5919777 
395 218 8 11 0.5438864 
149 210 7 9 0.5323948 
543 216 7 9 0.4763724 
364 206 8 12 0.43954048 
906 275 17 23 0.43689042 
259 216 8 10 0.42315584 
225 208 6 9 0.3868802 
394 210 7 11 0.36515245 
552 536 57 48 0.30284563 
