0_Parade_Parade_0_29
29
798 171 46 45 0.99990165 
539 163 65 75 0.99982005 
977 186 36 40 0.99952495 
193 239 20 23 0.99935025 
238 235 23 27 0.9993123 
704 246 18 17 0.9992312 
315 233 33 38 0.9991322 
421 248 20 21 0.9989538 
747 242 23 26 0.9974917 
162 249 16 18 0.99709105 
487 235 16 17 0.99253184 
139 248 15 16 0.9911664 
292 241 14 17 0.988937 
120 244 12 13 0.9877458 
586 240 26 26 0.98491085 
348 238 23 25 0.9810828 
860 234 21 22 0.9792979 
408 240 14 17 0.9395393 
510 244 14 14 0.91490424 
692 246 12 14 0.8821809 
616 253 14 16 0.7815902 
648 240 8 10 0.77734196 
668 240 8 10 0.6336889 
219 252 11 12 0.5930284 
222 250 11 13 0.56774795 
458 248 10 9 0.53814083 
523 567 59 91 0.5346004 
224 251 13 14 0.35422 
374 254 11 11 0.34498006 
