0_Parade_Parade_0_247
21
990 446 17 18 0.83005965 
898 226 53 73 0.7379562 
369 395 10 11 0.70273715 
888 451 11 12 0.70044154 
312 418 10 14 0.5793345 
102 438 10 11 0.5750864 
122 89 60 30 0.53998536 
6 439 11 13 0.49148312 
706 449 9 13 0.4899822 
33 438 11 12 0.48247916 
867 416 17 19 0.4723876 
877 488 14 14 0.42644817 
264 37 51 35 0.42402908 
180 440 9 12 0.39317757 
399 394 9 12 0.36643448 
944 464 12 14 0.3553068 
0 119 27 34 0.35021257 
135 434 9 10 0.34913388 
67 430 10 11 0.33501992 
359 327 18 23 0.31011975 
11 433 12 12 0.30223793 
