0_Parade_Parade_0_639
26
715 77 24 32 0.99923337 
591 97 28 35 0.9991266 
638 570 44 73 0.9977099 
340 206 31 44 0.9975758 
516 160 26 35 0.9973295 
272 194 40 60 0.99453765 
953 422 13 21 0.98422396 
974 523 50 114 0.98219025 
939 409 10 14 0.9339598 
825 437 12 16 0.87442523 
448 491 22 26 0.85421175 
908 551 52 89 0.8008997 
883 428 11 15 0.7855149 
442 271 28 40 0.77149373 
811 440 9 17 0.7528003 
966 472 34 68 0.72664744 
905 413 7 10 0.68377215 
886 558 41 83 0.6351475 
939 428 7 13 0.61330026 
926 411 7 10 0.5615035 
986 408 9 11 0.509546 
291 226 23 33 0.49945372 
544 200 17 26 0.39080355 
1017 409 7 9 0.3486407 
926 435 9 13 0.33644447 
427 282 30 37 0.3026155 
