0_Parade_Parade_0_164
27
16 435 16 16 0.8421725 
988 494 15 18 0.7964214 
1001 589 15 15 0.7752485 
388 560 17 29 0.7683584 
61 424 13 17 0.7322171 
884 449 13 19 0.7187838 
85 419 15 16 0.71046335 
120 409 11 14 0.7037467 
897 502 15 15 0.6375841 
997 438 13 16 0.6281372 
43 393 11 14 0.5729358 
971 612 16 16 0.568569 
108 409 13 14 0.50291395 
996 588 14 16 0.50041634 
284 323 10 15 0.47732884 
221 356 11 13 0.45694003 
238 319 11 14 0.4153306 
945 390 14 17 0.40058824 
22 431 13 17 0.3990325 
990 648 23 39 0.3972672 
823 378 8 10 0.39566714 
133 368 13 15 0.33601385 
365 304 10 16 0.3337173 
422 551 11 21 0.32971877 
965 385 12 17 0.32218298 
105 404 13 15 0.31033245 
144 389 10 13 0.30245999 
