0_Parade_marchingband_1_653
81
764 192 15 18 0.9972856 
352 98 13 12 0.9952408 
870 194 14 18 0.99438006 
959 39 13 14 0.9936553 
273 55 12 11 0.9923765 
480 207 14 18 0.9922025 
679 194 13 17 0.9916264 
960 180 18 23 0.99133587 
512 133 13 17 0.9907927 
873 118 17 20 0.99061733 
980 131 14 15 0.9905697 
43 45 11 12 0.9902238 
600 188 14 17 0.9901057 
125 152 14 15 0.9899081 
210 98 12 12 0.9897557 
913 32 13 12 0.9894768 
653 24 13 13 0.9883033 
648 129 14 18 0.9880441 
466 38 12 12 0.9846037 
826 33 12 11 0.9836072 
113 90 12 12 0.9828703 
365 48 12 12 0.9820415 
865 40 12 12 0.9819167 
323 138 14 17 0.9814294 
602 41 12 11 0.980552 
230 50 12 12 0.98010343 
78 148 14 13 0.9798093 
304 99 12 11 0.9789684 
980 81 13 12 0.9779889 
226 143 13 14 0.97690296 
21 100 13 13 0.97642004 
259 113 11 11 0.9760493 
99 53 11 11 0.9752261 
396 200 13 16 0.97310084 
67 101 12 12 0.97208923 
700 31 13 12 0.9719447 
129 203 13 17 0.9712856 
783 36 11 12 0.9712603 
187 45 12 11 0.9699042 
28 146 13 13 0.9696461 
411 36 11 11 0.9691074 
533 100 12 11 0.96568596 
509 35 11 11 0.9648341 
320 44 11 13 0.96466774 
555 36 11 11 0.96140206 
603 139 15 18 0.9597031 
45 200 13 14 0.959565 
806 94 13 12 0.95954925 
537 194 13 20 0.95841765 
166 98 11 11 0.95659703 
176 142 13 14 0.95530754 
850 95 12 11 0.95516926 
461 150 13 14 0.95509946 
692 124 15 19 0.95457166 
273 157 13 13 0.95397395 
761 90 13 13 0.9519409 
892 100 12 11 0.9505815 
150 57 13 12 0.94426006 
739 136 14 16 0.94310653 
312 210 12 17 0.9404562 
374 147 13 16 0.93386316 
926 117 16 15 0.93328094 
824 128 15 16 0.9259694 
673 94 12 14 0.92087996 
782 137 13 14 0.9053697 
742 45 12 11 0.9032593 
559 132 13 17 0.89938223 
933 98 12 10 0.89633745 
585 96 12 11 0.88999367 
323 200 11 11 0.8718698 
716 86 12 12 0.86620903 
629 94 12 12 0.8641715 
419 147 13 14 0.83628756 
441 97 12 12 0.81057394 
398 90 12 12 0.81042695 
222 205 13 18 0.7992934 
490 86 12 13 0.6799343 
374 208 10 11 0.48501605 
247 211 7 12 0.4600921 
738 89 14 15 0.40049765 
419 211 10 10 0.34883255 
