0_Parade_marchingband_1_695
25
752 266 25 31 0.99899167 
573 94 59 68 0.9983941 
847 200 40 39 0.9979528 
312 174 48 57 0.9961612 
184 211 38 48 0.9930282 
141 250 29 32 0.97316396 
263 177 15 19 0.9725592 
519 242 21 27 0.96862966 
286 168 20 25 0.91964537 
938 93 12 16 0.9171064 
480 178 12 15 0.91309416 
77 268 25 31 0.8382335 
385 171 12 19 0.6854968 
433 170 13 17 0.64952385 
31 260 11 13 0.6161489 
974 267 25 22 0.61239505 
967 84 10 12 0.47875008 
993 71 10 14 0.46175984 
23 290 21 20 0.3919077 
24 286 15 18 0.37646624 
427 171 14 16 0.371538 
203 215 30 40 0.35840124 
514 170 12 17 0.3409428 
275 225 22 30 0.3222327 
83 252 16 15 0.3097777 
