0_Parade_marchingband_1_620
31
910 324 33 38 0.9993919 
797 415 33 35 0.9965107 
764 337 31 38 0.99560213 
440 242 21 22 0.990802 
841 352 25 27 0.98922414 
604 241 23 23 0.98313266 
953 233 18 20 0.9800638 
323 241 23 25 0.9729418 
193 176 20 21 0.96663064 
255 200 18 20 0.9634247 
661 338 26 31 0.9583135 
902 217 19 21 0.9416778 
821 251 22 25 0.9337602 
115 274 25 32 0.90547675 
466 193 15 17 0.8910612 
287 236 18 20 0.8473092 
620 160 12 14 0.7833365 
586 178 14 16 0.78070796 
762 210 14 16 0.7663773 
859 204 18 19 0.7652912 
396 193 13 14 0.75743705 
331 243 21 23 0.75456774 
712 200 11 14 0.7101924 
1007 331 17 25 0.6513107 
303 182 19 24 0.6487812 
109 193 13 17 0.6403491 
83 192 16 19 0.6209506 
834 230 20 23 0.41466418 
112 189 17 23 0.37700567 
627 211 10 12 0.35854813 
1 197 34 38 0.30835995 
