0_Parade_Parade_0_102
36
525 538 20 26 0.99888784 
184 534 20 24 0.99800175 
268 530 16 24 0.9969393 
423 538 18 23 0.9960146 
742 538 15 20 0.99472344 
662 527 21 25 0.99372125 
495 520 18 22 0.9903324 
57 543 18 21 0.990326 
934 436 23 34 0.9889254 
84 540 14 19 0.98851216 
595 522 19 23 0.9822465 
868 541 15 21 0.97410846 
221 526 13 16 0.9694539 
380 542 13 16 0.9498067 
549 537 18 25 0.93817604 
330 543 15 21 0.9117938 
515 524 16 18 0.8810793 
293 524 13 15 0.8431386 
327 530 14 17 0.7869364 
375 523 11 14 0.7724073 
611 527 12 17 0.7299006 
134 527 10 13 0.6834559 
363 538 11 13 0.67143035 
671 529 15 22 0.5690813 
805 437 27 33 0.50747454 
639 542 10 15 0.4990509 
693 528 10 15 0.49504638 
405 507 9 12 0.47632033 
616 527 10 15 0.4707218 
13 530 10 14 0.4661253 
750 499 15 18 0.44510058 
125 531 11 13 0.41376552 
644 0 27 40 0.37704417 
137 529 9 12 0.3690134 
586 529 12 17 0.34975645 
689 529 11 16 0.32130995 
