0_Parade_marchingband_1_329
43
896 335 23 25 0.9997286 
135 314 24 26 0.9996402 
835 326 21 23 0.999571 
448 416 19 25 0.99903286 
632 428 20 24 0.99893063 
478 316 18 19 0.99885476 
179 393 21 21 0.99856853 
510 428 18 23 0.99790037 
572 424 19 23 0.9974432 
412 319 17 18 0.99729687 
332 323 15 17 0.99636817 
195 316 16 18 0.996249 
748 342 16 17 0.9962476 
708 335 15 16 0.9954514 
758 393 16 18 0.99544936 
158 330 18 18 0.99476177 
566 337 17 21 0.99336654 
786 352 17 18 0.99207556 
213 342 18 19 0.9913532 
715 374 19 21 0.99053603 
79 299 21 21 0.9887771 
797 403 17 17 0.9875568 
524 316 17 20 0.9873611 
373 327 15 18 0.9867013 
659 334 17 19 0.98542804 
252 386 18 19 0.9844284 
292 319 15 19 0.98354715 
390 383 19 19 0.98344076 
685 331 14 17 0.9820141 
329 388 18 20 0.9770428 
571 307 16 17 0.9725406 
640 312 14 16 0.96627665 
610 314 18 22 0.9645136 
542 324 14 14 0.8866814 
768 335 13 16 0.8413395 
591 317 15 16 0.7910501 
402 331 11 14 0.753751 
398 431 12 16 0.46793395 
721 428 14 15 0.3693192 
216 327 17 21 0.33548835 
507 335 14 13 0.33356944 
655 373 13 15 0.32594633 
737 347 14 14 0.30243057 
