0_Parade_Parade_0_317
64
173 202 23 26 0.9388553 
564 126 15 15 0.884445 
998 83 26 35 0.8824456 
835 71 15 13 0.8746614 
123 89 18 16 0.8676621 
960 108 16 16 0.8568242 
387 122 15 15 0.85360944 
604 105 18 18 0.8488981 
444 324 86 91 0.82640994 
29 90 24 19 0.8177844 
870 88 16 14 0.8071203 
299 100 14 15 0.7814142 
161 89 17 19 0.7565726 
906 93 15 14 0.75417614 
928 74 14 13 0.74164945 
814 101 17 12 0.732037 
541 92 17 17 0.73174185 
261 99 14 16 0.7252464 
429 86 14 13 0.7243178 
176 103 15 15 0.72343016 
355 120 16 14 0.7205986 
100 68 17 15 0.71962744 
627 88 15 12 0.71959895 
301 99 19 18 0.71000427 
795 65 16 12 0.70550257 
852 73 14 12 0.69951147 
0 103 17 20 0.69113624 
181 68 15 13 0.68527865 
221 98 14 15 0.66852015 
328 75 15 14 0.66621226 
522 100 15 13 0.659553 
757 270 83 64 0.65343684 
247 90 14 15 0.632542 
349 83 13 14 0.6283959 
643 131 16 14 0.6174271 
781 98 17 15 0.60362667 
655 106 14 12 0.60072017 
45 92 22 18 0.5788709 
274 101 12 14 0.574343 
308 78 19 18 0.5657381 
13 89 14 13 0.5560658 
72 72 20 19 0.55324805 
383 82 14 14 0.54156995 
479 86 12 12 0.5030947 
741 97 15 11 0.49311605 
512 90 15 12 0.49001947 
430 69 14 11 0.48507828 
816 99 20 16 0.48237774 
292 94 13 13 0.47886944 
521 104 14 14 0.46632028 
516 99 16 14 0.45822456 
510 96 15 13 0.4391365 
487 92 15 14 0.4126641 
809 92 14 14 0.4053606 
953 65 16 12 0.3972645 
1003 127 20 17 0.39255634 
345 81 13 13 0.38451827 
323 72 13 10 0.37608543 
484 66 15 10 0.3597398 
641 79 14 16 0.35737646 
0 94 10 14 0.3375827 
565 86 14 12 0.3352561 
608 68 14 13 0.30889568 
686 77 20 21 0.3058487 
