0_Parade_marchingband_1_20
25
542 356 39 43 0.999116 
29 404 26 31 0.99527305 
252 372 31 31 0.99108374 
628 392 21 24 0.9909972 
82 391 22 25 0.99043065 
465 354 26 29 0.98770535 
729 344 19 23 0.9857459 
851 267 48 55 0.98184973 
776 359 13 17 0.92107564 
334 377 18 21 0.91705114 
447 347 19 24 0.9091987 
585 365 22 25 0.89156 
386 366 16 20 0.86294776 
803 355 15 19 0.85948414 
552 320 22 27 0.8185933 
128 377 12 15 0.78976214 
678 354 16 20 0.6930208 
660 388 15 16 0.6496222 
617 365 14 17 0.5494786 
493 371 15 21 0.53897536 
620 352 15 19 0.49297017 
234 373 19 26 0.40684614 
316 413 14 18 0.34552008 
618 359 14 18 0.34220776 
779 355 13 16 0.3153163 
