0_Parade_Parade_0_490
80
477 326 46 71 0.99985075 
745 153 37 47 0.99981123 
101 185 45 54 0.9997862 
176 199 48 63 0.99971217 
770 559 108 136 0.9996747 
122 439 82 95 0.99966466 
384 350 60 78 0.9996562 
899 358 77 103 0.999617 
524 219 36 47 0.9995615 
277 179 38 41 0.9995265 
715 89 33 35 0.9995241 
594 278 51 68 0.99951744 
503 153 32 39 0.9994747 
17 289 43 55 0.99940515 
911 84 27 30 0.9993717 
243 320 53 69 0.99932873 
768 316 61 85 0.99927324 
349 126 29 31 0.9991333 
731 238 42 49 0.9988569 
668 132 42 57 0.99843794 
760 84 32 40 0.99816656 
969 54 23 34 0.99782854 
595 173 36 47 0.997804 
571 58 25 29 0.9975561 
73 160 30 32 0.99699557 
28 171 25 28 0.9969337 
929 6 22 31 0.9969037 
432 113 24 28 0.99681985 
536 77 22 29 0.9966698 
447 70 22 25 0.996003 
174 135 33 35 0.995751 
379 184 44 51 0.99567586 
877 51 22 30 0.99550927 
242 164 27 35 0.99450725 
135 76 16 21 0.9943989 
667 641 36 58 0.9941168 
635 78 27 28 0.9932689 
953 21 24 33 0.99274206 
597 112 26 33 0.9925983 
903 13 21 27 0.9906799 
822 149 45 48 0.9897781 
671 81 26 29 0.98946595 
12 483 67 81 0.98866194 
383 98 23 27 0.9865368 
229 453 52 61 0.9862212 
547 117 24 35 0.9843485 
937 191 47 47 0.98398614 
537 21 15 20 0.9776863 
441 217 32 44 0.9712308 
276 80 21 26 0.9695432 
356 59 17 22 0.96082354 
722 43 23 27 0.9556852 
60 112 16 19 0.9454038 
233 91 21 26 0.93155044 
852 30 19 25 0.9293038 
789 49 14 22 0.92637324 
811 4 17 20 0.8523276 
771 247 31 51 0.8136809 
440 40 16 21 0.8120958 
479 280 37 53 0.7741354 
207 18 10 14 0.76844233 
9 141 20 23 0.7674764 
20 382 28 43 0.765545 
89 62 13 20 0.7532121 
336 121 16 20 0.74135286 
878 217 42 45 0.71518594 
5 91 15 18 0.6879686 
605 30 13 17 0.6724711 
493 667 46 77 0.65969276 
474 68 16 22 0.6335572 
644 20 13 19 0.6203562 
519 18 13 21 0.6034231 
370 241 34 51 0.5633765 
246 55 15 17 0.5376099 
1004 167 20 44 0.5361674 
820 84 23 33 0.52644235 
501 93 16 23 0.520739 
0 218 17 40 0.4622458 
885 0 14 17 0.433811 
675 9 12 18 0.34119347 
