0_Parade_Parade_0_873
100
401 325 26 33 0.9997491 
933 298 21 26 0.9996244 
480 310 18 23 0.9996007 
96 587 78 95 0.9995442 
925 402 50 54 0.999401 
315 402 35 46 0.99939275 
452 517 74 91 0.999374 
817 498 66 89 0.9993728 
320 458 49 63 0.99919516 
743 315 21 25 0.999159 
715 404 35 46 0.99915874 
276 372 25 29 0.9990263 
808 352 22 27 0.9989405 
745 356 24 29 0.99879885 
854 328 22 27 0.998618 
11 362 28 30 0.9983859 
817 320 23 26 0.9982724 
149 409 32 38 0.99799985 
336 370 27 27 0.9979845 
444 372 28 31 0.997884 
531 358 26 31 0.9977754 
726 482 47 66 0.997661 
130 387 29 31 0.9976113 
27 430 37 45 0.99721754 
960 346 28 30 0.99677795 
60 335 15 18 0.9965635 
510 372 23 29 0.9965293 
664 393 26 35 0.996391 
870 577 94 104 0.9962773 
371 323 18 22 0.9958906 
630 364 22 29 0.99547285 
451 396 34 42 0.99541795 
589 369 23 27 0.9949209 
188 358 19 22 0.9938573 
733 300 18 21 0.9936848 
78 372 25 26 0.9933002 
772 358 25 28 0.99231565 
80 454 57 55 0.99175537 
300 355 21 24 0.9915006 
808 265 13 16 0.9911199 
606 487 48 70 0.98971236 
663 601 66 72 0.98892164 
0 393 22 29 0.98643094 
934 272 14 16 0.98269594 
903 375 26 37 0.98107415 
211 310 17 19 0.978621 
994 311 19 24 0.97855604 
428 307 14 17 0.9783528 
247 344 12 16 0.9781754 
626 334 18 27 0.97786707 
33 337 15 18 0.9775998 
221 416 28 35 0.9773917 
778 414 36 52 0.9763998 
552 425 36 52 0.97536474 
858 376 27 40 0.97490793 
501 323 13 16 0.97451186 
980 461 44 74 0.9720647 
474 302 11 15 0.9717086 
908 308 14 18 0.96991515 
999 366 24 31 0.9685393 
632 311 15 19 0.96713144 
703 290 14 17 0.96407205 
670 362 20 31 0.96339047 
966 295 14 18 0.9617443 
979 295 15 19 0.95337063 
319 323 12 16 0.9502296 
565 329 14 16 0.94374406 
662 312 13 18 0.9426294 
24 299 12 16 0.9394629 
897 350 30 36 0.93768555 
467 348 16 22 0.93361145 
233 330 12 14 0.93103945 
259 331 11 13 0.93056345 
574 309 11 15 0.9185596 
581 344 24 31 0.9152744 
744 279 14 14 0.89568514 
534 319 13 15 0.89498925 
787 345 21 25 0.86679435 
984 282 15 18 0.8655656 
173 335 15 16 0.86255336 
257 354 14 18 0.8580415 
460 317 12 16 0.8408433 
501 344 18 21 0.840585 
144 475 34 61 0.8365116 
867 342 21 30 0.83403367 
524 338 14 17 0.8272281 
708 308 15 21 0.8116143 
2 327 11 16 0.7991126 
873 269 11 13 0.77273023 
680 314 12 15 0.7531763 
708 271 9 12 0.7027286 
921 275 12 13 0.69645554 
351 347 20 21 0.6812322 
289 333 11 14 0.6808767 
523 339 20 25 0.6599908 
247 328 11 12 0.6436815 
239 368 22 27 0.6433711 
501 359 19 24 0.5991298 
101 336 11 12 0.5865413 
911 270 10 12 0.5859094 
