0_Parade_marchingband_1_188
33
549 516 11 15 0.9923557 
252 501 11 14 0.9890605 
920 486 11 14 0.93393356 
575 568 11 14 0.89807177 
784 382 10 14 0.884012 
442 549 11 15 0.8729551 
686 350 11 13 0.80308765 
157 369 9 11 0.75698406 
798 359 9 13 0.7346018 
50 427 9 10 0.72416216 
342 320 9 12 0.6634497 
118 334 8 10 0.6271493 
520 364 9 15 0.62599695 
240 326 10 11 0.62400556 
694 282 7 10 0.604647 
332 268 8 11 0.601331 
437 271 9 12 0.54931897 
211 415 8 11 0.54657245 
503 275 9 14 0.5384341 
776 193 14 22 0.51529604 
587 324 8 11 0.49534574 
603 407 11 13 0.49496236 
611 275 9 14 0.45501563 
787 359 8 13 0.4541623 
708 406 12 14 0.4333287 
63 324 8 9 0.42231947 
451 319 9 13 0.38194296 
492 176 6 9 0.3666764 
249 264 8 9 0.34876916 
555 263 8 13 0.33654648 
296 249 7 10 0.3275091 
302 375 8 12 0.32381198 
723 303 8 11 0.3195302 
