0_Parade_marchingband_1_149
24
713 388 27 35 0.9989248 
729 239 24 28 0.99823964 
282 386 25 33 0.9981693 
442 372 28 38 0.99699855 
372 380 26 35 0.99693406 
631 377 26 34 0.99617344 
809 238 24 32 0.99576676 
782 314 26 29 0.9952928 
310 314 24 29 0.9930299 
212 232 24 31 0.9912246 
527 384 25 34 0.98952895 
603 321 23 31 0.98724246 
673 316 24 31 0.98707515 
663 236 24 30 0.9863723 
537 300 23 31 0.9837468 
352 238 24 28 0.9814223 
226 313 22 30 0.9781255 
281 230 24 28 0.9756275 
464 304 23 28 0.97467583 
600 239 23 29 0.96667874 
535 221 22 31 0.9657043 
390 309 24 29 0.9654438 
405 224 22 27 0.95062447 
474 232 23 28 0.89071256 
