0_Parade_Parade_0_472
20
58 135 32 36 0.99961334 
318 114 42 51 0.999569 
508 127 38 45 0.9992908 
602 264 47 50 0.99458534 
708 110 19 23 0.98340535 
656 163 20 27 0.9695123 
933 226 17 25 0.9198745 
562 135 17 27 0.897431 
798 223 18 23 0.80671644 
355 276 41 49 0.8051989 
629 162 17 18 0.7974335 
831 117 18 26 0.79355276 
402 129 29 29 0.7677477 
840 168 17 31 0.70188314 
975 144 18 21 0.68508995 
949 148 17 23 0.55456597 
530 272 25 28 0.49846557 
816 118 19 26 0.4038665 
213 236 16 22 0.30930007 
747 120 15 24 0.30221885 
