0_Parade_marchingband_1_267
19
166 247 33 37 0.9998965 
355 234 24 33 0.99979705 
467 222 31 37 0.99977285 
315 221 25 34 0.9994666 
510 232 25 32 0.9983511 
425 202 24 33 0.9983444 
0 216 28 49 0.99707186 
586 224 25 34 0.99478734 
505 194 21 27 0.990375 
549 178 20 25 0.9665328 
584 179 18 25 0.9597519 
654 194 18 24 0.8552491 
711 163 18 23 0.83047515 
804 137 17 22 0.7474234 
678 197 17 25 0.6834275 
625 174 18 23 0.62999845 
706 187 18 24 0.5143477 
565 136 18 19 0.47344568 
605 209 19 26 0.4495199 
