0_Parade_marchingband_1_476
29
742 173 51 69 0.99979097 
610 199 38 53 0.999579 
796 129 46 51 0.9991085 
856 104 35 37 0.9989503 
421 277 40 51 0.99882585 
676 160 31 39 0.997118 
282 254 23 39 0.9932508 
241 256 22 33 0.99051195 
518 174 22 30 0.98671967 
452 221 28 32 0.9848311 
590 167 27 36 0.9845213 
205 250 22 29 0.9829859 
385 221 22 29 0.98096555 
335 267 32 42 0.9502298 
431 190 19 25 0.94704163 
72 254 22 23 0.9438458 
353 223 19 28 0.9359526 
313 216 19 25 0.914013 
400 200 19 21 0.8331629 
575 160 17 26 0.5116478 
783 35 19 19 0.46841294 
707 51 18 19 0.43305647 
483 192 20 26 0.43128031 
639 54 17 18 0.3903202 
498 191 17 23 0.38923252 
872 40 19 22 0.35719565 
219 187 17 20 0.34495744 
473 115 18 19 0.3373738 
57 231 17 20 0.33494195 
