0_Parade_Parade_0_377
21
572 306 30 36 0.99930525 
256 505 71 92 0.9990127 
729 307 23 27 0.9778855 
854 365 68 74 0.9755568 
95 363 53 68 0.9518511 
243 339 30 34 0.9436118 
20 264 36 62 0.924045 
978 338 19 25 0.9184831 
347 333 23 39 0.88876307 
248 400 25 36 0.88804615 
151 314 39 49 0.8476229 
253 411 31 29 0.76782703 
67 382 41 56 0.7319769 
425 305 20 29 0.7277832 
328 333 24 29 0.6097331 
944 318 17 22 0.60860604 
517 288 25 29 0.5341257 
545 293 23 31 0.49643114 
987 316 24 26 0.47658175 
80 281 27 33 0.40972057 
771 312 20 24 0.37466386 
