0_Parade_marchingband_1_329
29
136 313 23 26 0.9918177 
896 334 22 25 0.98856723 
631 427 21 24 0.9775918 
80 299 20 22 0.9703977 
572 422 18 23 0.9694351 
447 415 20 25 0.968328 
715 374 20 21 0.9463824 
178 392 21 21 0.922401 
757 391 18 20 0.9198392 
253 384 19 21 0.9154259 
836 325 20 24 0.9144844 
212 341 20 20 0.896793 
193 315 18 19 0.8808371 
157 328 21 19 0.8804243 
328 387 19 19 0.88016564 
478 314 18 20 0.8261015 
390 382 19 19 0.82298976 
658 333 18 20 0.8183314 
798 403 17 17 0.75512934 
510 427 17 23 0.7115983 
289 319 18 18 0.6197473 
786 351 17 18 0.5557883 
332 322 16 18 0.5535642 
523 316 17 20 0.47305873 
639 310 16 18 0.35878193 
571 306 16 18 0.35861728 
707 333 16 17 0.34812054 
371 325 17 20 0.34799835 
610 317 18 18 0.34312567 
