0_Parade_Parade_0_664
29
15 338 37 33 0.9991786 
937 337 27 28 0.9979886 
212 315 21 25 0.98539484 
466 340 22 27 0.9730875 
122 322 23 26 0.9635886 
619 340 19 27 0.95941406 
542 350 23 21 0.95604503 
843 324 20 23 0.9374748 
975 345 20 19 0.9002246 
659 318 17 23 0.8854377 
411 335 19 24 0.864095 
580 327 17 21 0.8542454 
167 350 25 22 0.8509827 
488 324 20 24 0.8319744 
463 299 15 18 0.8047583 
59 308 19 23 0.8026161 
134 319 19 20 0.78845435 
32 306 20 20 0.72813416 
107 303 17 18 0.63648564 
246 308 18 23 0.61696047 
341 358 26 14 0.5150973 
881 356 24 15 0.5076698 
724 354 20 17 0.4300738 
515 313 17 19 0.4277364 
258 359 33 13 0.4193874 
785 327 15 14 0.39120886 
671 313 15 18 0.37834454 
806 349 19 22 0.3509488 
1010 320 14 16 0.3285511 
