0_Parade_marchingband_1_172
40
570 240 39 47 0.9975189 
245 166 32 40 0.9968087 
852 180 30 35 0.95481825 
114 82 23 29 0.9541339 
671 179 28 32 0.9487769 
374 105 25 32 0.9294251 
509 140 25 34 0.907085 
746 123 26 32 0.8939561 
279 90 23 29 0.8751196 
699 135 24 30 0.85909015 
441 103 23 28 0.82309675 
562 130 22 29 0.7498896 
945 125 22 27 0.7363203 
985 129 20 25 0.72567916 
171 79 21 28 0.7045769 
778 100 22 27 0.6890958 
649 103 21 27 0.6876476 
69 79 21 28 0.672934 
252 92 20 28 0.648174 
227 83 20 26 0.61428696 
327 122 20 27 0.57172817 
524 89 22 29 0.55866885 
494 108 21 27 0.557286 
841 98 21 27 0.55268145 
439 68 21 27 0.5455957 
519 403 45 45 0.5255138 
885 140 23 25 0.4639758 
592 110 24 27 0.46132368 
965 116 19 25 0.4509316 
803 74 22 25 0.44705763 
486 65 19 26 0.44697133 
371 82 19 24 0.43987048 
196 93 19 26 0.43024057 
871 101 20 24 0.42689314 
643 75 20 23 0.4153081 
304 74 20 30 0.38568702 
712 99 20 25 0.36829427 
394 101 21 28 0.36728683 
880 167 23 30 0.3465898 
587 75 20 23 0.31216243 
