2_Demonstration_Political_Rally_2_406
19
622 608 138 160 0.9993031 
263 596 90 111 0.99871755 
511 694 54 74 0.9986811 
491 580 24 30 0.9983808 
139 559 23 26 0.9981812 
559 609 38 54 0.99812824 
251 547 21 25 0.9978562 
124 588 24 29 0.9959337 
68 554 22 24 0.9899837 
799 638 170 130 0.97986186 
746 336 14 17 0.97143924 
250 608 33 54 0.9510837 
326 544 19 28 0.9374063 
15 675 55 79 0.9308938 
394 628 31 45 0.85703325 
0 163 47 67 0.5250344 
786 646 82 121 0.482991 
1 584 18 30 0.47201556 
205 620 26 32 0.40305015 
