2_Demonstration_Protesters_2_163
25
220 123 36 39 0.96695364 
50 174 20 23 0.942241 
541 515 53 60 0.937817 
81 208 23 24 0.92044276 
961 12 22 23 0.89996886 
159 184 21 27 0.86035573 
632 325 56 45 0.8110039 
553 333 34 42 0.7989469 
365 153 17 19 0.76975757 
125 198 18 20 0.74311334 
98 195 19 19 0.74013126 
999 24 14 15 0.70535296 
274 158 21 20 0.549935 
614 109 14 15 0.5131942 
305 162 15 15 0.50662184 
16 207 13 15 0.48515695 
557 121 12 13 0.47748625 
524 117 14 14 0.4767266 
426 132 14 15 0.47356167 
589 123 12 14 0.43733326 
415 140 16 16 0.42641973 
257 169 16 17 0.39408243 
529 185 15 16 0.3710276 
612 483 54 47 0.36303654 
497 123 13 14 0.35607296 
