2_Demonstration_Protesters_2_92
21
246 300 29 37 0.9942935 
256 428 55 74 0.98454237 
685 336 38 47 0.9814084 
745 351 52 78 0.97948396 
826 330 36 48 0.9718169 
650 298 24 32 0.96867573 
345 331 21 31 0.8047983 
590 320 22 29 0.7915563 
310 309 33 47 0.68188703 
99 514 56 147 0.6275407 
437 0 83 41 0.5906676 
380 318 22 29 0.56975424 
429 302 13 19 0.56545204 
280 339 29 33 0.5500337 
200 325 22 33 0.5480789 
766 579 57 80 0.47084948 
0 546 89 138 0.4706614 
93 296 10 14 0.41845548 
463 299 26 31 0.37264085 
938 314 29 40 0.35276902 
33 282 14 18 0.32744417 
