2_Demonstration_Demonstration_Or_Protest_2_441
22
855 171 34 42 0.9996263 
287 187 33 40 0.9996239 
571 175 33 45 0.99956936 
106 186 46 50 0.9995067 
611 175 38 45 0.9993772 
501 160 36 58 0.9993685 
402 168 35 41 0.99932384 
931 152 36 46 0.99917763 
234 153 39 47 0.99905485 
329 208 38 45 0.99881184 
0 188 31 39 0.9983126 
790 159 41 52 0.99745196 
853 357 25 30 0.95677805 
721 164 27 37 0.9533524 
497 580 57 47 0.8957532 
901 598 48 43 0.8342406 
139 175 24 29 0.6105318 
796 572 16 17 0.58380663 
847 557 22 22 0.41577485 
656 574 27 24 0.3822766 
593 578 22 22 0.31064326 
806 556 23 23 0.30738243 
