2_Demonstration_Demonstration_Or_Protest_2_476
100
990 594 25 31 0.99795747 
954 500 24 24 0.9961837 
880 475 22 25 0.9955584 
693 603 31 28 0.994344 
781 506 26 26 0.9937332 
823 588 27 29 0.99294996 
305 612 20 24 0.99224585 
212 649 28 28 0.99203 
329 618 21 28 0.9917556 
921 626 23 28 0.99035585 
755 579 30 31 0.9901663 
390 606 19 25 0.98763347 
244 590 22 24 0.9866013 
930 404 23 24 0.9842343 
488 648 29 34 0.9816141 
877 540 24 28 0.9806522 
514 609 22 24 0.97927517 
626 457 23 26 0.97922224 
523 568 23 29 0.97885615 
985 415 25 26 0.9787416 
192 554 21 26 0.9781448 
677 466 22 23 0.9776741 
623 562 27 30 0.97558063 
947 448 25 24 0.9684116 
500 498 22 25 0.96393645 
275 501 21 28 0.9621634 
137 497 20 24 0.96019685 
800 416 24 24 0.95501995 
332 496 22 24 0.9524724 
35 419 22 21 0.9524195 
882 420 22 24 0.9523736 
823 434 26 25 0.95207465 
994 523 23 25 0.9459133 
468 544 21 23 0.94491917 
424 491 24 25 0.9391029 
578 437 23 24 0.9362237 
193 501 20 24 0.9355273 
93 481 18 20 0.93527794 
914 320 21 22 0.9339708 
419 407 21 21 0.93255043 
984 323 23 22 0.9286099 
989 376 25 24 0.9231435 
750 470 22 25 0.91938233 
375 378 17 17 0.9170429 
589 387 22 24 0.9158655 
903 390 22 22 0.9156826 
45 380 15 18 0.91549206 
461 429 21 23 0.91149104 
690 378 23 24 0.9102424 
943 360 22 24 0.9064865 
768 405 23 22 0.9056604 
143 430 24 22 0.89891475 
728 510 25 25 0.8954085 
540 365 21 21 0.89510834 
571 503 22 23 0.8931625 
278 555 22 26 0.8926724 
109 428 21 22 0.8908208 
562 556 22 27 0.89080954 
200 448 20 22 0.87882024 
244 485 22 25 0.87341905 
207 378 15 17 0.8704638 
653 532 25 28 0.8602624 
578 329 19 19 0.8595459 
785 446 22 24 0.85870343 
743 377 21 22 0.8577665 
739 450 19 20 0.8567927 
669 431 25 26 0.8521905 
138 471 23 23 0.850087 
887 361 19 20 0.8495688 
491 474 23 25 0.84653616 
141 595 24 22 0.84320813 
587 625 31 30 0.84260565 
99 305 17 17 0.8403658 
638 373 21 23 0.83644533 
81 343 18 20 0.83593047 
443 463 18 22 0.8348954 
514 400 23 23 0.82927644 
520 302 18 20 0.82851905 
705 549 25 28 0.82625544 
524 469 18 21 0.8208971 
644 327 20 22 0.81920254 
27 225 16 14 0.8163352 
217 481 18 23 0.81477576 
360 441 23 24 0.81350315 
313 372 19 22 0.8077198 
241 387 18 20 0.80748075 
663 365 19 20 0.8038545 
734 423 21 21 0.79262906 
440 347 19 22 0.7794391 
228 427 18 23 0.77037925 
365 403 21 23 0.7702807 
131 405 16 18 0.768863 
429 369 15 18 0.764696 
221 406 18 21 0.7621663 
165 348 21 20 0.7588938 
281 361 18 19 0.7565964 
906 293 19 18 0.7501791 
555 470 19 24 0.7438717 
275 297 17 15 0.74064046 
29 360 15 18 0.7358789 
