2_Demonstration_Protesters_2_684
29
950 474 26 26 0.98128295 
603 477 20 21 0.9163357 
909 419 16 18 0.9152633 
108 497 19 23 0.87783766 
860 579 58 61 0.82192665 
663 444 16 17 0.8074136 
827 452 19 21 0.7902079 
736 434 17 21 0.74509937 
869 432 20 23 0.6828169 
1005 311 12 14 0.67059636 
231 424 15 17 0.634342 
877 479 27 35 0.6201691 
358 436 15 15 0.57884276 
688 543 16 22 0.57494825 
773 413 14 18 0.56453985 
856 388 17 19 0.55629236 
306 389 14 17 0.5294037 
1004 338 13 13 0.5206257 
446 371 14 18 0.51508975 
794 561 20 23 0.47109655 
536 375 12 15 0.44992208 
693 364 12 14 0.44135255 
205 373 13 14 0.43754533 
521 423 17 19 0.42570204 
651 474 18 19 0.39985517 
739 379 12 15 0.39017665 
5 371 15 15 0.35869768 
413 380 13 15 0.32092986 
77 402 15 17 0.30339593 
