2_Demonstration_Political_Rally_2_319
21
617 456 35 46 0.99800843 
138 687 24 36 0.98735136 
119 446 22 29 0.9766576 
156 486 25 33 0.97213304 
838 569 41 63 0.97044176 
392 465 24 34 0.9299413 
713 527 38 52 0.9291304 
671 445 21 33 0.9128129 
856 429 16 26 0.8427645 
998 492 14 18 0.7099185 
537 443 19 31 0.7079464 
310 524 20 33 0.68469876 
215 442 19 31 0.6789097 
49 456 19 29 0.67646587 
874 386 12 17 0.6572329 
300 472 17 31 0.5805825 
455 434 19 30 0.5112545 
782 417 9 15 0.39153436 
55 459 22 28 0.36097074 
276 461 20 32 0.3114342 
525 520 19 37 0.30981272 
