2_Demonstration_Demonstration_Or_Protest_2_360
54
855 601 64 70 0.99837697 
650 618 52 56 0.99596846 
513 600 44 55 0.9928381 
619 591 28 38 0.9888792 
561 647 51 48 0.98168427 
681 561 27 31 0.9796911 
787 627 32 35 0.9611715 
777 585 24 31 0.95752066 
143 602 28 37 0.945471 
955 585 56 57 0.94271636 
319 565 19 23 0.930975 
500 553 21 27 0.9185078 
476 575 30 38 0.9184062 
33 564 23 27 0.87089187 
582 556 22 27 0.84378463 
616 548 20 26 0.84356415 
555 569 22 30 0.81068647 
665 543 17 22 0.80684936 
210 671 42 47 0.79746324 
781 552 21 24 0.78451973 
56 633 56 60 0.7797474 
372 559 14 18 0.75523585 
797 529 17 20 0.7306378 
366 579 18 23 0.72772 
336 555 15 18 0.71217203 
194 635 33 46 0.6835907 
755 570 16 21 0.66426915 
820 535 16 20 0.6609746 
820 576 29 32 0.64499813 
832 530 14 17 0.62536556 
645 572 19 23 0.6167474 
537 543 17 20 0.57628095 
344 586 23 24 0.5734117 
598 536 12 17 0.54834986 
519 530 11 14 0.52649975 
203 632 44 45 0.50219476 
613 537 11 14 0.4932886 
103 552 15 18 0.47700715 
143 567 19 27 0.47687897 
326 650 34 41 0.46452332 
445 668 27 28 0.456564 
749 534 12 15 0.4553885 
715 536 14 15 0.44231966 
44 592 24 29 0.43531322 
981 566 31 36 0.403083 
961 532 13 19 0.39742124 
103 593 22 29 0.3818834 
702 455 56 85 0.37963045 
764 558 13 17 0.35268354 
434 557 10 14 0.35121095 
918 573 27 38 0.35027212 
41 629 29 37 0.3396557 
343 590 28 37 0.33763787 
136 548 16 23 0.32945502 
