2_Demonstration_Demonstration_Or_Protest_2_644
26
232 63 25 36 0.9985189 
823 279 22 28 0.99758315 
879 311 28 33 0.9974687 
147 181 24 31 0.99656516 
102 236 28 39 0.99637955 
768 289 27 32 0.9911143 
932 277 22 25 0.9796738 
835 142 18 24 0.9755583 
646 239 17 21 0.95540154 
852 271 20 25 0.9540229 
22 31 18 24 0.95181894 
366 245 20 28 0.95044345 
404 242 21 27 0.9137099 
332 90 19 30 0.82065403 
561 279 26 29 0.79283893 
716 247 21 32 0.73903006 
175 174 20 29 0.68979967 
658 273 26 26 0.650789 
430 232 19 27 0.62184215 
964 279 20 24 0.56833637 
489 316 21 26 0.55679554 
481 277 15 17 0.48701465 
295 237 15 20 0.4547146 
862 381 29 35 0.43246198 
517 269 24 30 0.32174948 
320 86 30 40 0.31820878 
