2_Demonstration_Demonstrators_2_781
19
547 143 53 79 0.99987686 
463 202 41 52 0.99968827 
254 172 51 65 0.9991303 
393 194 23 34 0.9988796 
695 223 44 51 0.99788684 
930 230 27 27 0.99635196 
536 214 32 40 0.9947463 
533 190 20 28 0.9800378 
923 271 42 41 0.96980613 
238 128 29 51 0.9586495 
754 257 26 27 0.83292735 
815 229 22 20 0.776671 
888 243 17 19 0.7495997 
860 246 15 16 0.7388837 
106 228 20 17 0.7230651 
760 227 22 25 0.69260705 
438 225 8 10 0.33937076 
790 239 14 16 0.31504366 
703 22 54 66 0.3112964 
