2_Demonstration_Protesters_2_561
100
747 233 17 23 0.99646413 
444 462 19 21 0.9958902 
598 499 19 18 0.99533856 
201 83 16 19 0.99394435 
491 136 17 21 0.99111146 
287 91 15 21 0.98822355 
710 238 18 21 0.9870833 
889 190 14 22 0.98439425 
401 130 17 22 0.9842493 
553 137 18 23 0.9822996 
624 444 16 17 0.9805142 
139 312 19 22 0.9803475 
446 139 17 21 0.9800684 
644 220 17 22 0.97940344 
643 381 16 19 0.97693574 
865 497 18 22 0.97530746 
952 652 19 24 0.9723564 
791 457 19 22 0.9714845 
544 495 17 18 0.9670495 
236 290 19 23 0.96563107 
645 470 17 23 0.955534 
774 226 18 20 0.9551087 
941 505 20 21 0.94830936 
546 303 19 23 0.94599354 
340 447 15 18 0.94399863 
496 484 19 19 0.94270176 
130 216 17 17 0.94082445 
289 439 17 20 0.93943197 
724 411 15 18 0.9387315 
534 130 18 22 0.9358586 
665 500 17 18 0.93567115 
463 379 16 22 0.93499136 
737 515 20 21 0.92304426 
754 442 17 21 0.9228562 
577 415 18 22 0.9202992 
584 459 20 22 0.9197232 
439 285 18 20 0.91945255 
263 236 15 18 0.9177272 
803 492 15 20 0.9153598 
16 261 16 19 0.91286784 
230 463 18 16 0.9054181 
765 523 20 22 0.8985965 
40 412 17 21 0.89805394 
424 367 18 24 0.893855 
435 438 15 18 0.89097625 
105 384 17 23 0.8893003 
178 393 17 21 0.8867778 
679 428 19 22 0.8861076 
648 423 16 21 0.8810717 
501 325 16 17 0.8796407 
782 411 17 22 0.8765008 
20 326 16 19 0.87396556 
813 263 17 20 0.8734302 
719 469 18 20 0.86829764 
993 461 14 19 0.86461526 
161 424 16 20 0.86140144 
899 521 16 16 0.8587083 
94 317 18 22 0.8566291 
860 315 15 21 0.8498073 
836 451 14 20 0.8413681 
766 388 17 19 0.8354638 
187 359 17 19 0.82942265 
27 377 16 21 0.8274203 
210 446 14 18 0.811196 
93 222 16 17 0.8025 
320 88 19 24 0.79285043 
930 236 17 21 0.79206645 
872 644 15 18 0.77836555 
866 608 14 16 0.7776104 
848 535 20 20 0.7711396 
300 336 17 22 0.77021354 
409 302 15 17 0.7685507 
104 429 16 20 0.76594806 
217 260 14 18 0.7649592 
849 414 15 18 0.7605153 
118 357 18 20 0.75396013 
954 535 17 20 0.7381098 
142 276 23 21 0.72872585 
287 319 15 19 0.71517986 
509 270 16 22 0.7080975 
394 255 14 20 0.68868524 
826 427 14 19 0.68101 
478 305 16 17 0.6629248 
308 407 14 19 0.6439933 
180 309 15 20 0.6117705 
256 390 14 19 0.6072919 
854 359 19 24 0.6020992 
735 368 13 18 0.60080004 
581 383 17 21 0.5949013 
900 663 13 19 0.59447324 
26 302 14 16 0.58439493 
701 421 12 15 0.56177926 
380 401 17 24 0.46397763 
238 372 17 20 0.45865747 
286 403 12 14 0.4452225 
329 94 12 16 0.44488943 
102 294 18 20 0.44397506 
376 390 20 26 0.42420343 
60 312 13 15 0.40027186 
836 399 14 18 0.3831309 
