2_Demonstration_Demonstration_Or_Protest_2_600
56
47 243 67 84 0.9990834 
151 310 34 36 0.9988255 
222 390 35 42 0.9961816 
950 406 29 43 0.99594134 
888 279 45 72 0.9865161 
380 147 15 18 0.96813077 
867 224 24 27 0.96766317 
480 298 26 34 0.95679235 
638 147 18 23 0.95574695 
818 306 30 46 0.94060594 
949 510 44 37 0.91977054 
191 145 16 19 0.90790087 
506 146 17 19 0.8958441 
57 152 15 19 0.8704336 
701 129 12 17 0.83081335 
944 147 13 13 0.82651776 
679 353 31 41 0.820651 
797 149 15 16 0.7986389 
314 104 12 13 0.78568035 
0 153 10 15 0.7747296 
959 265 25 24 0.7730644 
822 559 65 54 0.75847834 
432 165 15 16 0.74396664 
564 127 13 15 0.71499264 
241 162 13 17 0.70944893 
734 148 12 17 0.6934767 
284 149 14 16 0.6868984 
732 110 13 13 0.6582578 
26 104 13 13 0.6335374 
194 282 31 29 0.58785653 
959 123 11 12 0.5697127 
899 124 11 12 0.5361674 
771 121 11 11 0.5048977 
403 106 12 11 0.50294644 
81 104 10 11 0.50165194 
852 135 12 16 0.49204785 
596 109 10 12 0.47409922 
685 103 12 14 0.47059548 
669 358 39 50 0.46696824 
150 626 73 37 0.43850282 
172 104 11 13 0.42311704 
254 109 12 14 0.41684714 
500 111 12 12 0.4102719 
890 142 14 16 0.41016957 
84 45 10 10 0.4095657 
227 104 11 13 0.4008177 
3 30 11 14 0.3979976 
286 156 16 16 0.39726645 
112 36 10 12 0.3938189 
126 112 10 13 0.38775176 
658 116 11 12 0.35417444 
835 116 10 12 0.34202737 
705 158 14 14 0.33266962 
761 117 10 12 0.30799383 
540 111 9 13 0.30170435 
833 121 13 15 0.3003261 
