2_Demonstration_Demonstration_Or_Protest_2_471
23
750 223 71 89 0.9997646 
176 168 92 119 0.99972063 
585 283 63 83 0.99925965 
621 497 24 36 0.99868995 
240 485 29 45 0.9975879 
451 510 26 40 0.99709654 
816 449 27 31 0.9954509 
414 515 27 37 0.98931634 
223 414 31 41 0.9890938 
378 516 20 38 0.9890588 
435 456 25 34 0.98873657 
393 466 25 34 0.9859812 
589 495 23 29 0.9854805 
433 262 42 83 0.97816133 
201 478 25 46 0.9770238 
473 462 23 35 0.9655555 
620 451 21 28 0.96509695 
259 374 34 46 0.91257167 
647 347 43 47 0.9096279 
94 154 46 91 0.87130064 
486 512 20 38 0.842424 
470 411 21 33 0.6516081 
580 458 18 28 0.37427238 
