2_Demonstration_Demonstration_Or_Protest_2_120
63
2 485 84 78 0.9996637 
965 581 54 49 0.99869674 
901 507 42 45 0.9982681 
483 293 23 25 0.9959468 
716 428 22 27 0.9950773 
820 510 30 40 0.9942808 
503 264 20 25 0.9941116 
661 445 28 28 0.9940479 
995 482 29 33 0.99189985 
469 254 20 25 0.9872493 
359 282 16 18 0.9863338 
274 287 14 16 0.9839065 
934 428 26 22 0.9761431 
980 419 26 23 0.9761035 
29 287 17 14 0.9734312 
336 360 16 19 0.9731179 
988 341 15 14 0.96919614 
289 299 15 16 0.9668577 
958 398 17 16 0.9666284 
0 301 13 14 0.96141285 
979 370 19 16 0.96088547 
890 394 22 22 0.96076924 
773 362 15 15 0.9539652 
817 394 18 18 0.9505764 
933 472 28 32 0.9449045 
723 396 16 17 0.9386532 
914 392 20 19 0.93768585 
747 378 16 16 0.9369351 
120 295 14 15 0.9250087 
837 386 16 17 0.9249353 
881 356 15 14 0.9094617 
861 419 22 23 0.9023567 
723 563 35 35 0.88952655 
748 362 14 13 0.8819161 
960 348 16 15 0.8734056 
910 373 18 17 0.8560877 
693 361 11 15 0.84543526 
797 378 16 17 0.84421253 
1001 369 13 16 0.8343369 
855 349 13 14 0.82653475 
397 259 12 19 0.7953459 
919 342 14 14 0.7936918 
560 328 10 13 0.78815866 
767 404 19 21 0.7615491 
867 391 16 16 0.7508622 
898 342 12 12 0.72583544 
723 336 11 12 0.6772045 
835 467 24 32 0.6391986 
813 364 13 13 0.6058261 
522 272 11 14 0.5971657 
204 419 22 30 0.59567815 
763 356 10 13 0.5926216 
621 528 24 34 0.5634228 
717 355 10 12 0.5244604 
778 338 12 13 0.51134235 
13 290 9 10 0.49854192 
581 307 9 10 0.45493963 
587 359 20 26 0.45476073 
758 326 11 13 0.44430152 
807 323 11 12 0.44014898 
347 291 10 16 0.40856272 
929 329 12 12 0.38536906 
324 288 10 11 0.3628406 
