2_Demonstration_Political_Rally_2_117
23
588 195 31 41 0.9996314 
381 211 26 35 0.99846846 
837 202 28 36 0.99804425 
23 203 22 32 0.9975539 
792 213 21 27 0.9963013 
632 201 23 33 0.994179 
63 196 19 26 0.9936441 
287 194 22 31 0.99320227 
730 216 25 37 0.9920283 
955 190 25 33 0.96091616 
143 208 14 21 0.91200894 
412 206 17 25 0.8948975 
878 190 24 41 0.8040516 
696 206 17 27 0.780906 
808 188 11 16 0.774692 
453 194 10 15 0.72459006 
478 192 10 13 0.6961339 
781 202 12 18 0.6637587 
125 213 13 26 0.5124811 
541 221 19 29 0.46342966 
127 328 15 28 0.45819795 
403 191 10 15 0.32741052 
174 197 10 13 0.30031416 
