2_Demonstration_Political_Rally_2_5
35
319 234 26 39 0.9560213 
865 453 31 29 0.9515006 
748 411 30 32 0.9337427 
123 456 40 55 0.92371076 
691 399 29 33 0.8877959 
179 231 36 40 0.76940954 
650 310 21 22 0.6541827 
477 275 17 21 0.6485714 
630 352 21 22 0.6467269 
102 298 16 18 0.62011194 
670 335 21 21 0.61092836 
55 298 21 20 0.59479696 
707 420 23 27 0.5721853 
516 367 15 16 0.511346 
999 117 11 12 0.491925 
822 381 29 33 0.45077422 
718 330 18 22 0.4503324 
886 328 17 18 0.4502827 
950 172 11 12 0.44313118 
51 356 37 34 0.4394839 
56 292 13 12 0.4268662 
32 258 19 17 0.42294115 
806 451 22 25 0.41747627 
677 290 18 22 0.3890362 
786 305 15 18 0.3867891 
865 424 28 30 0.38343182 
348 300 15 17 0.37279245 
976 345 11 13 0.3611581 
722 383 19 26 0.34826618 
876 365 20 21 0.34415135 
37 276 17 19 0.33908132 
948 382 20 21 0.3358436 
367 300 18 19 0.32933187 
595 402 19 20 0.31981453 
556 356 21 22 0.31123498 
