2_Demonstration_Political_Rally_2_335
100
787 560 71 89 0.9989656 
354 503 54 72 0.9982211 
819 475 72 86 0.9982141 
895 341 51 64 0.9979796 
311 325 52 63 0.9979013 
282 427 50 63 0.99783474 
379 336 50 57 0.9962374 
673 414 58 70 0.9959253 
704 318 47 59 0.9951662 
252 552 55 82 0.99441504 
109 267 44 51 0.9941062 
474 294 40 52 0.9937 
881 153 28 34 0.9923977 
610 409 55 48 0.99041194 
915 198 38 38 0.99005157 
488 245 46 51 0.98874485 
405 261 49 63 0.988624 
608 162 32 40 0.98856443 
569 328 47 51 0.98799276 
332 428 69 67 0.98729324 
0 228 30 47 0.9866116 
1 403 54 63 0.98588055 
84 235 45 50 0.98563266 
447 378 49 53 0.9852122 
617 81 28 32 0.9850713 
326 105 32 35 0.98218256 
753 176 37 42 0.98143506 
277 325 40 53 0.98134494 
943 118 29 33 0.9812261 
232 229 40 45 0.9789009 
986 6 21 23 0.9786967 
171 188 41 44 0.9786775 
211 285 45 58 0.9780463 
845 216 49 42 0.9773167 
578 64 27 25 0.9770503 
657 129 32 35 0.9766434 
483 439 49 70 0.976253 
886 218 37 39 0.9708872 
70 90 25 29 0.9692758 
6 332 44 53 0.9667 
271 267 49 58 0.96540856 
78 401 39 58 0.96375597 
31 146 28 33 0.96128035 
731 79 27 36 0.96036077 
106 146 30 34 0.9564297 
841 167 41 41 0.9563919 
544 218 42 46 0.9542314 
143 481 36 72 0.94793963 
666 65 25 29 0.9449553 
66 207 40 44 0.94466245 
146 147 33 41 0.94226265 
475 175 32 40 0.94126284 
339 58 21 28 0.9389046 
658 231 43 43 0.93504316 
33 217 36 42 0.9323422 
156 260 39 43 0.92998934 
875 307 39 51 0.9185552 
61 140 34 37 0.9117653 
337 281 52 55 0.9117449 
0 493 40 56 0.90752846 
243 178 32 32 0.9038401 
558 568 55 86 0.9026393 
37 78 26 28 0.8849322 
772 156 31 34 0.87376374 
575 138 33 35 0.87187433 
859 118 23 27 0.8634922 
776 200 37 40 0.8552424 
863 64 22 28 0.8463053 
354 228 46 50 0.84574014 
272 194 34 38 0.8420947 
744 143 24 33 0.83318704 
194 262 35 52 0.8285855 
248 92 24 38 0.8222033 
561 479 54 64 0.8177742 
690 209 41 48 0.8175423 
28 0 17 15 0.81529105 
664 178 39 42 0.81306607 
363 159 41 38 0.8000907 
445 153 30 40 0.7928697 
485 129 27 34 0.79269713 
119 350 52 55 0.7889534 
832 58 21 22 0.78488106 
404 93 23 30 0.7754732 
568 115 25 29 0.76979786 
730 440 71 87 0.7469236 
0 144 21 30 0.7404336 
74 185 36 29 0.737304 
909 8 17 21 0.7184424 
923 99 19 22 0.70331866 
144 227 32 31 0.65891606 
756 248 40 48 0.64751226 
641 236 29 35 0.6387689 
169 77 21 23 0.6361462 
533 261 34 38 0.62653023 
297 100 29 39 0.6227635 
828 431 40 41 0.61390966 
0 73 17 25 0.5972322 
455 113 24 31 0.58910376 
63 63 25 28 0.5784907 
14 33 23 23 0.5751575 
