2_Demonstration_Demonstration_Or_Protest_2_606
24
903 265 59 60 0.9993855 
219 294 43 63 0.9991647 
44 257 45 45 0.99869305 
333 277 83 117 0.99812907 
820 236 43 45 0.99789715 
187 247 29 38 0.99772257 
544 295 84 124 0.99759966 
764 256 64 65 0.9974431 
636 244 53 60 0.9968849 
217 240 40 45 0.99553925 
444 221 38 49 0.99132186 
713 255 36 48 0.98949474 
706 221 24 30 0.98356265 
106 310 48 42 0.9800135 
505 234 38 69 0.96880084 
6 282 39 45 0.9644902 
744 270 38 52 0.95307124 
146 255 26 31 0.92091113 
288 235 25 34 0.8105908 
1000 279 24 57 0.7271279 
1007 228 17 26 0.6376525 
311 230 50 52 0.5433806 
114 238 19 28 0.4693512 
550 512 138 186 0.3381814 
