2_Demonstration_Demonstrators_2_28
69
658 603 53 66 0.99894696 
457 396 23 32 0.9986588 
39 392 32 38 0.99635243 
386 427 25 33 0.99437875 
602 384 23 29 0.9937384 
179 516 40 48 0.9930962 
172 381 27 32 0.9930138 
250 396 23 29 0.992023 
331 514 31 42 0.9913464 
755 431 22 30 0.9909469 
262 452 23 30 0.99076545 
90 478 31 44 0.9901598 
517 444 25 35 0.9888263 
893 437 25 41 0.9854719 
32 361 30 31 0.9846603 
595 506 34 43 0.98217934 
978 478 24 36 0.98172194 
177 593 52 71 0.980119 
39 545 38 55 0.97969705 
846 513 41 52 0.9771986 
491 387 20 29 0.97698396 
330 443 22 33 0.9738894 
65 353 18 22 0.9686847 
368 381 16 22 0.96414655 
285 369 18 24 0.9563751 
672 378 16 23 0.95610565 
587 363 14 20 0.93655396 
442 371 18 28 0.9345637 
295 426 24 31 0.9342474 
548 362 15 22 0.93272173 
478 369 18 22 0.9257446 
499 561 30 46 0.9219061 
685 450 20 23 0.9160559 
421 352 16 20 0.88474613 
261 361 20 26 0.88368773 
261 387 19 29 0.8595305 
647 367 15 20 0.85492146 
770 351 11 19 0.8452825 
866 398 24 32 0.8269825 
439 462 21 35 0.8165325 
240 342 11 17 0.8124886 
216 370 14 18 0.7826736 
456 345 13 17 0.7730363 
564 369 14 21 0.7200719 
138 369 19 24 0.70488703 
139 418 20 27 0.69513834 
758 354 12 17 0.67004555 
907 422 21 25 0.66546595 
1007 441 17 36 0.6606137 
620 363 13 18 0.6239815 
330 342 13 18 0.6219377 
706 582 28 49 0.61208344 
63 340 14 16 0.6021473 
697 357 12 18 0.5927369 
806 357 11 18 0.5391158 
839 388 14 22 0.53734094 
193 354 11 15 0.53026927 
754 401 18 24 0.52034664 
563 320 9 13 0.4970803 
0 362 17 26 0.43769336 
495 366 16 20 0.41128758 
805 389 14 20 0.40455157 
715 398 16 25 0.38315877 
572 341 10 16 0.35536906 
151 365 23 30 0.3493016 
440 498 26 35 0.32228923 
33 342 14 15 0.32102823 
525 344 8 12 0.3045822 
480 356 14 20 0.3041951 
