2_Demonstration_Protesters_2_293
24
221 524 85 110 0.9999049 
165 376 38 52 0.9995685 
291 434 52 72 0.9993868 
542 461 70 92 0.99918383 
863 449 73 99 0.99882394 
456 438 50 73 0.9985606 
797 453 56 75 0.9982424 
90 340 42 70 0.9966168 
353 362 35 51 0.9958169 
480 365 42 48 0.9920815 
846 590 62 93 0.9692035 
419 466 36 92 0.9611332 
408 336 41 48 0.947272 
563 411 51 67 0.9461827 
679 362 24 38 0.93085134 
46 332 32 43 0.923079 
733 523 37 87 0.8347468 
605 385 37 55 0.8310894 
55 309 31 38 0.6464164 
0 395 29 116 0.6421364 
0 367 22 92 0.5558037 
737 417 47 56 0.43722957 
639 369 42 58 0.43329698 
854 392 40 55 0.36124685 
