2_Demonstration_Political_Rally_2_609
77
157 145 27 39 0.99948275 
995 350 17 18 0.9876472 
808 543 23 26 0.9734918 
968 348 15 17 0.9693838 
768 566 23 27 0.9149634 
635 392 17 18 0.8977271 
525 616 72 36 0.83681226 
981 488 19 23 0.78442377 
727 514 21 23 0.771077 
939 374 17 20 0.76310366 
691 413 14 17 0.7630417 
744 615 26 33 0.731682 
489 389 17 17 0.7031792 
321 373 14 15 0.6806494 
670 456 21 27 0.6669536 
743 539 21 24 0.66298264 
913 335 15 15 0.652602 
676 403 13 18 0.6373163 
770 492 21 21 0.62207 
99 319 63 81 0.62184167 
852 396 13 16 0.61945385 
887 458 17 21 0.6140105 
780 464 19 23 0.6110484 
907 431 17 21 0.60061204 
382 400 15 17 0.59097755 
849 519 19 23 0.5873113 
749 371 15 18 0.5855257 
757 450 14 18 0.5845149 
902 474 15 17 0.58304334 
509 338 14 16 0.57995224 
910 506 22 23 0.57719976 
409 419 12 13 0.57419175 
441 406 14 15 0.56587243 
922 491 17 18 0.5651901 
720 425 14 17 0.55681896 
420 393 13 14 0.54932904 
965 450 14 18 0.5433978 
805 281 12 12 0.54245293 
556 363 13 15 0.5421401 
992 466 15 20 0.5392813 
641 430 18 23 0.5387163 
758 324 14 15 0.527458 
280 383 14 15 0.52485573 
389 364 13 13 0.52171564 
772 412 13 15 0.50747806 
820 405 13 15 0.502461 
461 366 14 14 0.5009882 
740 402 12 15 0.48959288 
967 409 15 17 0.48908722 
608 326 13 14 0.48819008 
616 430 14 17 0.4668334 
935 562 22 29 0.46668032 
649 446 18 24 0.45368573 
889 553 18 21 0.45052665 
663 297 14 12 0.43377963 
437 433 14 15 0.42472434 
860 621 14 16 0.42179734 
850 554 19 24 0.4213688 
343 361 12 13 0.41991296 
745 476 13 15 0.41483516 
771 298 12 13 0.4090268 
813 330 14 16 0.4072877 
665 321 12 13 0.3983185 
585 438 16 20 0.39628372 
640 349 15 15 0.39213336 
851 485 17 22 0.381635 
305 362 11 13 0.38028374 
712 407 10 14 0.36915052 
801 298 11 13 0.3690301 
940 465 13 14 0.36023083 
878 363 13 13 0.35767514 
789 387 13 13 0.35203177 
1015 476 9 16 0.34280908 
351 431 12 13 0.33139062 
533 399 16 18 0.31639853 
717 298 13 14 0.31579393 
390 333 13 14 0.30179617 
