2_Demonstration_Political_Rally_2_18
59
864 446 19 25 0.996711 
272 394 19 28 0.98997 
316 436 19 26 0.9877874 
623 455 18 27 0.98598427 
133 294 17 25 0.98282146 
768 419 16 22 0.98116875 
443 456 19 30 0.9810145 
380 436 18 24 0.97872865 
26 311 17 23 0.97260916 
916 433 17 25 0.97160137 
243 421 19 25 0.97138894 
480 403 16 20 0.9705979 
503 450 16 22 0.9697753 
529 395 18 25 0.9672133 
265 204 16 25 0.9552834 
172 450 19 27 0.9546212 
166 332 21 25 0.94894636 
423 427 16 20 0.94629705 
460 488 19 25 0.9452211 
223 272 19 28 0.9427362 
298 333 19 27 0.93818957 
158 407 17 24 0.9355096 
23 460 18 25 0.9336292 
66 338 17 22 0.92434204 
12 352 18 27 0.9211422 
315 262 16 21 0.91832453 
25 258 15 20 0.9183005 
239 310 18 23 0.91303444 
44 448 15 22 0.90740126 
187 306 15 21 0.9026772 
355 341 16 26 0.8991629 
148 385 17 22 0.8944755 
105 241 14 19 0.8867559 
334 202 13 19 0.8835525 
364 427 16 24 0.881456 
237 383 16 24 0.8737411 
91 265 16 21 0.872847 
189 230 13 18 0.87197584 
486 361 17 23 0.8692651 
83 291 16 20 0.8622548 
98 446 17 26 0.84438187 
433 413 17 22 0.8410583 
156 302 16 22 0.8337572 
172 258 16 25 0.82756656 
42 425 19 21 0.8077829 
636 0 163 61 0.7688447 
73 321 17 19 0.7576382 
371 345 12 23 0.7477132 
42 240 16 22 0.7460424 
336 384 16 26 0.71991545 
454 296 13 20 0.7176941 
0 209 12 18 0.68254876 
369 303 14 22 0.67140955 
280 268 14 20 0.58263385 
226 253 17 21 0.5462261 
228 361 18 28 0.46128047 
133 430 12 19 0.43467352 
300 319 16 21 0.40864432 
249 344 16 24 0.34361178 
