2_Demonstration_Political_Rally_2_329
63
139 344 61 70 0.99979156 
747 394 92 123 0.9996784 
481 315 83 101 0.99962866 
931 284 62 72 0.9994344 
196 194 38 43 0.9986211 
308 306 69 74 0.99819094 
124 231 48 52 0.9978403 
463 241 39 43 0.99778605 
268 197 41 45 0.99745303 
801 206 40 50 0.9965689 
649 231 38 50 0.9963408 
869 333 58 73 0.99615073 
878 163 30 36 0.99520314 
695 325 42 44 0.9946379 
925 212 33 37 0.9940409 
614 209 28 36 0.993212 
326 176 33 36 0.9923045 
129 177 31 37 0.9917464 
770 176 25 30 0.9864698 
301 185 24 29 0.9850856 
499 145 20 20 0.98312944 
2 193 31 45 0.98283285 
831 181 30 35 0.9796768 
477 135 18 20 0.9748377 
849 225 27 34 0.96887 
565 145 17 20 0.92980784 
902 144 12 14 0.9255224 
784 285 39 43 0.90294874 
60 168 19 24 0.9023779 
841 128 18 20 0.8885459 
949 143 13 14 0.8776919 
31 149 13 15 0.8767396 
668 191 26 29 0.87450665 
465 148 15 18 0.8333774 
69 133 13 15 0.81643474 
998 139 12 13 0.81017977 
965 147 14 14 0.7972317 
972 221 35 37 0.78331786 
539 146 22 27 0.75642097 
952 193 24 27 0.7169541 
746 121 12 14 0.7067361 
58 204 29 45 0.6816511 
936 138 11 13 0.6158051 
917 148 12 13 0.6052252 
24 147 17 18 0.572945 
69 151 16 21 0.57169193 
1012 149 12 14 0.56621814 
12 135 11 13 0.5189638 
864 137 11 15 0.5031841 
768 129 11 14 0.48044795 
986 130 11 13 0.44212997 
50 134 12 13 0.4414251 
582 218 30 32 0.41408655 
1 366 33 63 0.407819 
584 116 8 9 0.39083856 
782 118 11 13 0.3895617 
742 131 11 13 0.38664818 
815 124 11 13 0.3786665 
736 118 10 11 0.34375668 
605 121 10 14 0.33118922 
462 135 10 14 0.3284198 
66 209 32 44 0.31545812 
803 134 11 14 0.30232355 
