2_Demonstration_Protesters_2_531
100
1001 578 21 26 0.9982309 
161 643 22 25 0.9960472 
294 651 21 26 0.9954484 
927 541 23 25 0.9943467 
917 481 20 24 0.98540884 
364 582 22 26 0.981908 
979 435 19 22 0.98158056 
227 650 20 26 0.97319204 
997 644 17 27 0.97153544 
767 538 20 25 0.9701552 
13 567 21 23 0.96679246 
644 479 18 22 0.9564347 
139 621 21 23 0.9536779 
107 582 19 25 0.95063895 
282 502 18 18 0.9497634 
23 518 19 20 0.94298077 
601 456 18 20 0.9422721 
570 549 19 24 0.9406628 
455 510 18 23 0.9282599 
313 491 18 23 0.925469 
618 433 18 23 0.9204657 
411 522 21 24 0.91775054 
880 539 20 23 0.9152176 
867 462 19 21 0.90948206 
516 463 20 21 0.9065013 
169 511 19 22 0.90337604 
124 539 19 24 0.89943117 
784 437 18 23 0.88754964 
466 481 18 21 0.8844485 
80 459 20 23 0.8810686 
234 491 18 20 0.87781656 
20 436 17 18 0.8755699 
156 473 16 20 0.86933184 
664 541 19 27 0.86790544 
588 493 16 20 0.8624901 
844 412 16 21 0.8620295 
895 407 17 21 0.8585909 
685 474 14 20 0.84927565 
116 510 20 21 0.84848225 
680 389 16 18 0.84841233 
494 445 16 21 0.8462591 
990 390 16 21 0.8391135 
749 486 17 21 0.8373554 
61 492 18 20 0.81630975 
784 486 18 23 0.81501234 
143 407 17 22 0.803686 
398 507 18 21 0.80052817 
354 479 17 18 0.79350626 
933 260 14 16 0.7916919 
121 474 18 20 0.7819137 
962 423 15 18 0.7794575 
245 474 17 19 0.77443856 
357 301 14 15 0.7695612 
740 331 15 18 0.7584028 
21 360 17 22 0.75578165 
336 511 17 20 0.7505104 
408 478 16 18 0.75028086 
96 424 17 20 0.74214363 
516 507 18 19 0.74126184 
347 414 18 19 0.7374213 
903 364 15 18 0.7343647 
416 445 17 20 0.7256773 
606 329 15 20 0.723141 
11 415 17 19 0.7178152 
748 422 17 18 0.7080237 
829 403 15 19 0.70417976 
430 414 16 17 0.69851 
997 318 14 16 0.6968726 
990 265 13 14 0.6906774 
752 362 15 17 0.68622434 
453 320 15 16 0.68455565 
788 567 16 22 0.68213433 
279 327 15 19 0.6774796 
633 408 14 18 0.67320836 
479 426 16 19 0.66765064 
49 372 15 18 0.6620635 
266 573 17 19 0.64843625 
22 474 15 16 0.6457754 
193 431 18 22 0.6412649 
38 355 15 17 0.6348267 
787 328 14 15 0.6311626 
615 301 14 19 0.62741244 
420 337 14 17 0.6080006 
298 386 17 18 0.6063574 
500 314 15 18 0.59975946 
278 435 17 21 0.598161 
654 315 15 17 0.5950154 
889 384 14 18 0.59300935 
349 450 16 17 0.58843166 
686 447 15 19 0.58792907 
775 449 16 21 0.5709076 
541 218 13 16 0.56196594 
423 301 14 15 0.55534726 
974 299 14 16 0.55516803 
842 264 14 16 0.5500299 
960 314 14 16 0.5469755 
700 411 17 20 0.5454491 
681 197 12 15 0.5447133 
210 271 14 15 0.5383557 
273 465 15 20 0.5375743 
