2_Demonstration_Protesters_2_493
99
924 158 34 46 0.9986248 
385 149 38 42 0.99579656 
456 133 40 43 0.99141157 
772 130 34 40 0.99122167 
650 173 42 54 0.9905122 
719 131 35 44 0.988699 
90 114 29 31 0.9878022 
556 131 37 43 0.98684156 
278 116 28 32 0.9862716 
304 155 33 48 0.9818574 
846 142 33 40 0.973809 
257 99 22 25 0.97228336 
30 68 23 28 0.9569145 
990 150 34 47 0.95382345 
936 128 37 48 0.9503879 
19 100 23 26 0.9453547 
161 81 22 24 0.9453337 
340 115 34 39 0.94251543 
878 203 39 56 0.9402488 
373 96 27 32 0.9253685 
67 63 20 24 0.9210797 
80 90 22 24 0.9136898 
135 103 23 29 0.90996855 
266 74 24 27 0.9001448 
709 113 27 26 0.8991129 
636 107 24 26 0.89513546 
2 134 25 29 0.8947168 
201 81 23 26 0.8855769 
312 84 24 28 0.8776315 
868 92 25 31 0.8652373 
917 73 22 31 0.8154783 
409 114 25 29 0.8136879 
963 69 19 22 0.7994099 
0 87 14 27 0.795568 
131 86 20 22 0.7708108 
340 90 22 26 0.7633924 
650 91 23 27 0.7499469 
187 119 25 28 0.6964425 
604 84 23 26 0.6932538 
521 88 19 23 0.68322873 
292 68 21 24 0.67192715 
833 178 40 67 0.66923934 
926 48 17 22 0.66048443 
662 62 20 23 0.654483 
386 73 19 22 0.65386105 
951 50 16 19 0.6516603 
541 77 22 22 0.65125203 
836 76 22 28 0.64807504 
208 115 23 30 0.6418613 
217 66 19 22 0.6328864 
749 193 30 41 0.6284646 
735 91 23 25 0.6158164 
614 66 20 22 0.608149 
666 163 34 46 0.60561544 
843 48 18 21 0.596546 
822 75 24 30 0.5946181 
424 138 22 28 0.58979386 
718 78 17 19 0.585 
663 48 19 19 0.5592512 
245 82 20 24 0.55615026 
229 85 20 26 0.5503409 
481 60 19 23 0.54170316 
583 59 20 22 0.5412584 
186 57 17 20 0.5387562 
0 49 11 17 0.5227856 
545 112 29 32 0.5101451 
808 48 16 16 0.5100656 
746 48 14 17 0.49704468 
761 45 16 17 0.49673668 
781 82 23 32 0.49385566 
97 56 13 16 0.48759598 
520 66 19 20 0.48108026 
468 119 27 26 0.4799806 
211 125 25 26 0.47909918 
177 107 21 23 0.46886477 
888 50 19 21 0.4641318 
521 115 35 40 0.46235085 
105 73 17 20 0.45651639 
456 83 20 22 0.4515833 
704 94 20 21 0.44648835 
786 60 17 18 0.4456574 
16 60 17 18 0.44542664 
637 52 17 22 0.44435292 
433 70 20 23 0.44262758 
697 73 21 21 0.43975353 
495 97 22 26 0.42578638 
421 36 12 14 0.42340067 
128 67 13 14 0.39735758 
885 63 19 24 0.38703278 
845 18 12 13 0.37745404 
161 46 12 14 0.3521198 
565 31 12 13 0.35082874 
907 124 32 43 0.32221186 
702 11 12 12 0.31994864 
483 88 22 26 0.31963953 
583 130 21 29 0.3175182 
129 396 105 88 0.31750932 
334 42 11 14 0.3033442 
802 20 12 15 0.30003694 
