2_Demonstration_Demonstration_Or_Protest_2_586
40
691 146 27 35 0.9973158 
832 201 33 39 0.99684805 
760 117 17 23 0.9945193 
470 145 25 34 0.99273527 
639 167 21 31 0.98914623 
996 146 18 25 0.9767933 
386 184 22 40 0.9660284 
138 144 24 32 0.9599918 
411 105 11 16 0.9564907 
789 113 11 15 0.95364636 
174 127 16 17 0.94537836 
524 122 13 15 0.9211778 
26 132 18 19 0.9200102 
960 100 17 26 0.9132814 
389 134 12 18 0.86557114 
132 120 13 14 0.8031685 
541 93 8 10 0.79019535 
312 170 18 23 0.74537265 
358 88 11 12 0.7297893 
599 114 10 18 0.6995304 
246 120 16 20 0.6821245 
127 102 9 11 0.6796777 
1 114 11 12 0.6707397 
27 105 11 13 0.658765 
108 130 15 16 0.62549853 
279 121 15 21 0.6239299 
12 89 10 11 0.59562516 
447 116 10 20 0.55630744 
442 219 16 26 0.4627312 
346 94 10 13 0.45742851 
431 98 11 13 0.43618584 
449 115 15 24 0.4318316 
803 220 20 33 0.41416413 
439 126 12 17 0.37860343 
199 123 10 12 0.3710957 
130 98 9 10 0.342809 
159 219 10 16 0.3401146 
477 229 13 20 0.32709405 
68 94 8 10 0.3067551 
287 163 12 20 0.30233294 
