2_Demonstration_Protesters_2_24
20
551 256 88 149 0.99944216 
155 803 81 101 0.99909484 
662 1051 81 99 0.99904305 
377 260 97 164 0.99841416 
894 1121 92 111 0.9982874 
815 651 62 89 0.99802667 
452 1121 70 94 0.99602216 
481 752 75 108 0.99525756 
585 866 41 56 0.9937232 
681 470 48 82 0.9931977 
503 659 62 80 0.99248344 
603 639 62 69 0.9924817 
371 588 60 68 0.99159765 
6 391 105 154 0.97768754 
636 682 57 77 0.9695962 
393 807 62 67 0.8440981 
746 0 36 23 0.77475506 
870 1043 30 36 0.6699114 
678 856 48 52 0.5704236 
36 834 40 53 0.39758456 
