2_Demonstration_Protesters_2_86
100
45 481 48 50 0.9994424 
320 366 33 38 0.9993082 
184 374 37 40 0.9987746 
351 474 46 52 0.99863535 
40 598 77 75 0.99854255 
461 375 35 40 0.99853086 
118 339 29 32 0.9983199 
898 372 35 37 0.9976767 
284 334 29 35 0.99716705 
540 442 41 45 0.99698395 
598 328 27 32 0.9964833 
681 414 33 37 0.99633336 
803 423 41 41 0.9956091 
392 335 24 25 0.99467623 
727 340 32 37 0.9946136 
492 315 25 34 0.9937092 
959 564 65 46 0.9926444 
219 331 24 28 0.99189734 
978 304 22 25 0.9907731 
965 351 35 40 0.9903529 
185 313 23 28 0.99008113 
805 321 30 32 0.98787177 
73 312 23 26 0.9864283 
533 301 20 25 0.9864014 
677 306 27 31 0.98116565 
22 296 25 26 0.98080355 
931 324 27 27 0.97478026 
401 302 19 23 0.97281194 
605 268 17 22 0.97162277 
121 298 21 20 0.97133124 
917 292 19 22 0.9651945 
765 300 21 26 0.96364224 
276 291 19 22 0.9588492 
566 287 19 22 0.95637214 
331 300 20 24 0.9477594 
452 300 20 23 0.94590265 
656 278 19 23 0.9295359 
512 262 15 18 0.9147482 
891 304 19 20 0.90806144 
680 268 18 20 0.8887139 
95 280 18 17 0.88473225 
626 314 19 19 0.85976475 
0 280 15 19 0.84732157 
620 255 14 15 0.826962 
55 278 20 20 0.82335997 
329 265 14 18 0.79187816 
196 273 20 18 0.78007686 
151 273 15 17 0.7786779 
361 272 14 17 0.7746315 
727 292 19 22 0.7698464 
841 284 15 19 0.7478759 
864 264 14 17 0.7416754 
532 279 17 22 0.7403875 
36 184 14 14 0.71644115 
428 256 13 16 0.7107885 
248 255 14 18 0.69769907 
574 272 16 18 0.69737047 
156 235 14 17 0.6727662 
824 301 17 21 0.6709421 
1009 259 14 17 0.66969955 
130 273 14 16 0.6655516 
373 251 13 15 0.6419318 
101 193 12 13 0.63511425 
448 266 17 22 0.6348307 
989 252 12 14 0.63442993 
838 244 14 12 0.63372916 
968 261 13 17 0.63283205 
100 246 14 15 0.6278057 
484 256 13 15 0.6084909 
772 249 14 16 0.6054862 
230 235 10 11 0.59552526 
765 282 15 17 0.5926098 
25 263 16 17 0.5838015 
728 255 14 15 0.58108276 
816 266 13 13 0.5623943 
883 253 12 14 0.5560712 
134 232 13 14 0.5477138 
295 274 14 16 0.54189616 
72 267 17 17 0.541551 
740 278 14 17 0.5035038 
321 255 13 14 0.4978194 
651 246 11 13 0.48413095 
784 277 14 18 0.47286755 
423 240 14 14 0.46509746 
48 184 11 13 0.46434557 
572 242 10 12 0.46140572 
18 195 14 16 0.45957577 
66 185 13 15 0.45838165 
977 242 10 12 0.45578915 
549 232 8 11 0.44952208 
703 236 9 12 0.44372964 
946 299 17 18 0.43455553 
700 251 12 14 0.43171167 
510 241 12 14 0.4129956 
270 275 14 15 0.40137848 
185 233 12 13 0.38927248 
398 245 11 14 0.37106565 
358 231 10 13 0.36223093 
460 234 10 11 0.35988846 
899 235 12 13 0.34517038 
