2_Demonstration_Demonstration_Or_Protest_2_368
21
737 219 28 34 0.9950204 
609 239 22 27 0.9864806 
643 231 18 24 0.9843419 
375 223 18 23 0.9825957 
978 258 21 26 0.9703827 
879 242 21 32 0.9703762 
957 280 12 15 0.9086642 
4 217 15 17 0.90763956 
724 239 15 19 0.90555406 
519 220 18 22 0.90354407 
35 249 14 17 0.847442 
301 233 14 20 0.81871116 
428 229 11 15 0.715575 
460 238 12 17 0.564953 
92 227 16 21 0.5273182 
1008 255 14 17 0.52191925 
826 240 13 16 0.4309883 
775 245 13 16 0.39408016 
1002 256 18 22 0.38854796 
86 215 9 10 0.33448058 
950 265 10 12 0.32465056 
