2_Demonstration_Demonstration_Or_Protest_2_173
43
870 209 38 56 0.99936754 
849 292 48 68 0.9992059 
775 188 31 46 0.99889034 
670 278 47 67 0.9986248 
52 355 44 54 0.99706334 
168 317 42 55 0.99611676 
364 293 35 57 0.9953571 
651 205 37 53 0.9936825 
507 215 37 64 0.9899082 
109 246 39 55 0.9894489 
585 235 37 56 0.98902285 
272 275 36 49 0.98823756 
741 160 20 29 0.9837307 
829 165 19 29 0.9822809 
256 251 29 45 0.9798937 
460 228 31 46 0.9771169 
354 229 24 35 0.96260744 
673 153 17 26 0.93887377 
1 301 23 52 0.9301173 
361 192 15 21 0.92659396 
208 238 21 30 0.92137194 
176 225 19 26 0.9187518 
547 168 14 18 0.809908 
513 194 24 27 0.7672178 
16 240 15 18 0.74428916 
94 212 23 27 0.734987 
320 208 17 25 0.6875871 
223 206 15 20 0.68460166 
452 208 23 31 0.6565576 
492 163 13 17 0.6551596 
641 169 15 23 0.63847345 
184 275 30 31 0.5902934 
438 193 13 19 0.57109684 
251 225 18 18 0.5701504 
577 187 14 21 0.53667724 
5 217 12 17 0.4962557 
4 250 16 21 0.4682463 
411 191 16 24 0.426809 
136 209 13 19 0.4207697 
288 193 14 20 0.3576492 
213 198 12 16 0.32114652 
62 216 15 19 0.31468776 
166 216 13 19 0.31140825 
