2_Demonstration_Protesters_2_826
24
894 240 66 74 0.9997389 
545 168 42 52 0.99926156 
627 75 31 42 0.99782026 
606 144 34 39 0.9973124 
703 202 51 63 0.99626994 
581 75 27 33 0.9958488 
500 153 26 37 0.9829244 
563 56 18 24 0.97862124 
56 91 29 30 0.97032636 
514 124 25 29 0.9428335 
226 102 18 25 0.9006137 
545 106 14 22 0.8787046 
426 86 16 24 0.8682461 
534 74 14 16 0.8565353 
519 69 15 18 0.81889683 
550 66 12 16 0.8031515 
212 82 17 19 0.79037195 
855 94 20 32 0.708254 
90 82 13 16 0.703262 
616 65 12 17 0.6798962 
406 87 10 16 0.5576274 
385 85 13 15 0.37411734 
255 66 11 14 0.37218687 
181 117 13 15 0.32260156 
