47_Matador_Bullfighter_matadorbullfighting_47_236
20
393 281 89 99 0.9950824 
794 116 19 23 0.9160258 
109 195 21 22 0.8924373 
266 206 19 22 0.82358205 
752 48 11 18 0.80236053 
349 197 21 21 0.7385502 
831 128 22 24 0.65594363 
36 192 15 18 0.6171803 
386 135 19 21 0.5091493 
263 203 26 30 0.48892522 
154 128 21 26 0.48657086 
67 195 18 23 0.48450267 
87 108 18 22 0.46144214 
718 108 19 19 0.4106794 
453 180 27 34 0.403319 
261 187 48 56 0.39723212 
822 130 18 18 0.39092323 
342 193 29 32 0.3479808 
122 177 18 23 0.3279467 
270 290 59 59 0.31079656 
