47_Matador_Bullfighter_matadorbullfighting_47_731
100
575 137 22 28 0.99040353 
779 138 11 12 0.98111516 
425 172 19 18 0.97715706 
997 130 14 14 0.970983 
72 150 13 12 0.9487588 
40 128 12 12 0.9485548 
227 89 9 10 0.9432799 
679 90 10 11 0.941304 
389 149 10 11 0.9375912 
906 136 12 12 0.93731296 
522 125 11 14 0.9367597 
969 92 11 11 0.93149716 
429 106 11 12 0.9212457 
12 168 14 12 0.9203633 
198 162 10 11 0.9158699 
51 84 10 10 0.91563374 
839 86 11 12 0.90657085 
943 50 11 13 0.90380216 
189 140 11 11 0.90005744 
914 110 11 13 0.89336145 
678 114 13 16 0.8884437 
403 133 12 13 0.88721454 
83 122 12 16 0.8851071 
101 90 10 10 0.87604177 
64 116 11 12 0.87248445 
339 7 10 12 0.85856205 
363 12 10 11 0.8576004 
86 100 10 13 0.85071284 
923 90 11 15 0.84754896 
963 73 10 11 0.8474659 
990 80 12 12 0.8424776 
360 117 11 12 0.83038604 
1006 4 11 14 0.8246228 
28 79 10 10 0.82065666 
164 7 9 11 0.817404 
869 94 11 11 0.8162751 
973 47 9 12 0.8127755 
831 54 9 11 0.80982774 
746 11 10 10 0.80943435 
29 153 11 13 0.80677164 
974 137 12 11 0.80262 
666 91 11 12 0.8006248 
182 90 11 13 0.79776675 
35 98 10 11 0.7926763 
558 65 9 10 0.7861982 
166 159 10 11 0.78613174 
645 151 11 12 0.785877 
354 74 9 10 0.7837718 
141 12 10 12 0.7822093 
397 61 8 11 0.7707058 
414 81 11 11 0.770034 
288 13 9 10 0.77000403 
665 41 11 13 0.76513875 
21 137 11 10 0.76457125 
882 130 12 12 0.76454335 
833 111 12 13 0.7633716 
232 5 9 12 0.76299924 
645 118 11 12 0.7602812 
324 4 10 12 0.7559042 
309 76 11 12 0.73301697 
594 103 10 11 0.726592 
950 14 10 11 0.7228399 
439 128 11 12 0.71950203 
104 121 10 12 0.7191278 
871 112 11 15 0.7096551 
1 149 12 13 0.70025045 
485 113 9 11 0.69433075 
250 82 11 13 0.6874617 
105 139 11 13 0.6867546 
403 0 9 10 0.6853811 
493 63 12 13 0.6833944 
987 109 12 15 0.6656432 
179 3 9 10 0.6630784 
720 134 12 14 0.66115075 
478 69 9 9 0.64815676 
187 8 13 12 0.64712477 
347 109 11 12 0.64576775 
446 66 9 12 0.6421175 
641 28 10 12 0.6349363 
524 65 10 11 0.6279604 
749 47 10 10 0.6270121 
917 40 10 12 0.6266218 
858 60 8 10 0.6246421 
263 136 11 12 0.6065487 
44 6 9 12 0.6034346 
616 24 9 11 0.6026429 
754 88 13 14 0.60124356 
1013 85 11 14 0.5994544 
452 118 12 14 0.59854275 
128 7 10 10 0.5969322 
0 80 8 12 0.59478486 
312 18 9 10 0.5938167 
461 148 11 13 0.5928222 
598 59 10 10 0.58484846 
650 5 10 10 0.5814193 
949 113 13 14 0.5790437 
712 110 10 12 0.57565933 
378 82 10 10 0.56824857 
179 129 9 11 0.56599015 
703 16 8 10 0.5615018 
