47_Matador_Bullfighter_matadorbullfighting_47_511
34
763 274 10 12 0.9225617 
760 594 14 15 0.84011644 
19 594 12 13 0.7519271 
143 576 13 19 0.71769816 
124 79 8 9 0.7043415 
638 295 9 11 0.6948084 
788 508 13 15 0.6493177 
412 257 10 11 0.6489787 
241 131 7 9 0.5786723 
992 99 7 7 0.57730836 
227 134 6 8 0.54480004 
637 297 8 11 0.5420181 
358 437 10 11 0.53038436 
832 88 8 9 0.5272165 
670 11 7 8 0.4890746 
938 578 13 14 0.47927043 
917 109 8 9 0.46778536 
239 576 13 14 0.45530787 
266 67 7 9 0.4503251 
964 117 7 10 0.4442502 
342 57 9 11 0.4403193 
874 76 7 9 0.42656788 
67 568 11 13 0.4066558 
1004 148 9 9 0.40537128 
955 76 8 10 0.39737743 
67 80 9 11 0.39026687 
747 66 7 8 0.37401256 
816 558 18 17 0.3621221 
214 75 7 9 0.3583039 
81 561 12 14 0.3485185 
105 382 7 14 0.339156 
32 70 7 8 0.3357034 
273 35 6 8 0.31704584 
788 504 19 22 0.31310332 
