20_Family_Group_Family_Group_20_294
24
842 253 32 39 0.99979943 
650 361 31 37 0.99977475 
136 385 40 51 0.9997346 
388 313 27 35 0.9997106 
484 204 32 45 0.9996903 
585 229 26 33 0.99955565 
564 276 31 38 0.99955136 
550 360 28 34 0.999534 
653 217 30 37 0.9995209 
701 196 29 37 0.99941826 
237 333 30 38 0.99927753 
174 183 34 38 0.99907696 
679 259 30 37 0.9990765 
213 233 37 46 0.99907386 
464 303 31 38 0.99882454 
278 217 37 46 0.9987777 
351 229 37 49 0.9986016 
744 246 28 41 0.99823594 
791 184 34 49 0.99796766 
397 184 30 36 0.99748373 
775 268 34 44 0.9974005 
386 222 28 44 0.99460393 
535 176 29 39 0.99146277 
118 268 30 28 0.89312595 
