20_Family_Group_Family_Group_20_540
34
0 538 35 52 0.999635 
395 236 29 41 0.9996277 
498 222 34 43 0.99961865 
128 231 38 47 0.99961674 
573 237 29 37 0.9996008 
706 203 32 45 0.9995648 
814 224 29 43 0.99949217 
45 277 39 45 0.99937975 
141 551 38 45 0.9992606 
756 253 29 38 0.9991122 
895 222 35 53 0.9990791 
253 232 33 48 0.99900407 
577 488 31 41 0.998553 
276 522 43 55 0.9985246 
653 214 34 42 0.99700457 
460 508 33 40 0.99679714 
974 240 32 45 0.99512154 
383 329 29 37 0.9946319 
572 346 29 34 0.9932508 
188 252 35 42 0.99157953 
316 268 32 41 0.9907204 
781 212 29 41 0.9825309 
457 247 30 42 0.97880656 
746 551 30 33 0.9069787 
328 242 32 34 0.8667904 
553 315 28 30 0.850354 
340 547 31 40 0.7814459 
641 573 30 37 0.7660412 
472 392 36 41 0.63162076 
28 229 34 41 0.5823752 
975 218 31 40 0.54313153 
968 253 37 59 0.44016638 
450 240 30 41 0.3613774 
803 690 38 47 0.3006201 
