20_Family_Group_Family_Group_20_556
21
504 279 39 48 0.99993706 
269 324 48 55 0.99988985 
431 255 45 61 0.999858 
412 358 49 53 0.9998086 
672 253 37 50 0.999795 
122 312 46 59 0.9997414 
931 239 41 50 0.99973124 
624 270 41 52 0.9997311 
605 427 41 53 0.9995516 
779 267 32 35 0.9995315 
356 261 44 50 0.9995016 
729 353 41 53 0.9994778 
125 237 52 63 0.99933237 
180 234 42 53 0.9992519 
240 295 35 42 0.99835145 
205 489 51 54 0.9981166 
743 230 40 54 0.99763 
696 497 47 48 0.99737895 
351 315 33 38 0.9958579 
244 556 47 54 0.9943877 
777 358 52 48 0.37584358 
