20_Family_Group_Family_Group_20_62
23
627 171 34 44 0.9999305 
717 144 34 41 0.9999199 
107 106 39 48 0.99986994 
241 125 32 44 0.99986887 
762 186 36 45 0.9998683 
839 152 32 42 0.9998672 
866 206 39 48 0.9998654 
447 167 36 46 0.9998487 
538 166 33 47 0.9998486 
335 127 34 46 0.9997272 
631 386 30 37 0.9997217 
558 306 38 44 0.9997112 
241 219 38 46 0.9997004 
308 174 36 47 0.9996878 
444 245 36 44 0.99947196 
365 207 30 32 0.999241 
415 136 34 47 0.9991485 
644 305 34 40 0.9989588 
190 164 40 49 0.9988605 
623 123 31 47 0.99785954 
515 133 31 44 0.9974251 
725 234 28 38 0.9900085 
160 293 39 37 0.7618398 
