20_Family_Group_Family_Group_20_672
60
106 489 41 45 0.9995491 
309 251 33 43 0.9994086 
867 308 45 54 0.9993819 
809 901 26 34 0.999355 
190 224 38 44 0.9989466 
363 223 30 38 0.99884665 
214 303 40 51 0.99877864 
740 885 27 39 0.99872017 
827 845 26 33 0.9986727 
680 183 26 30 0.9984043 
434 153 35 44 0.9982066 
358 277 39 44 0.99820364 
750 229 34 44 0.99815565 
755 344 40 49 0.9980938 
641 237 35 46 0.9980914 
664 143 32 38 0.99790347 
688 275 45 48 0.9976369 
277 291 36 46 0.9975509 
561 270 40 50 0.9974884 
803 286 35 47 0.9971705 
168 492 40 43 0.9961618 
107 948 27 33 0.9960968 
608 212 33 45 0.99590874 
450 1026 29 42 0.9952028 
852 844 29 36 0.9947754 
305 143 35 43 0.9933467 
144 274 33 43 0.9926368 
678 867 27 32 0.9923884 
508 203 34 41 0.99209505 
401 232 28 38 0.99033254 
355 848 28 35 0.9895119 
567 875 31 38 0.9891719 
282 219 34 37 0.9881368 
104 269 41 46 0.9870222 
714 184 31 41 0.9861885 
573 489 39 44 0.98613065 
308 864 28 38 0.9848306 
305 824 26 32 0.98204 
456 830 24 30 0.98130816 
428 837 26 33 0.97927654 
237 494 39 42 0.9785887 
474 266 39 47 0.9778727 
425 270 38 42 0.9762064 
392 874 28 31 0.96751314 
131 871 25 32 0.96351445 
90 867 26 30 0.95505345 
819 1049 26 32 0.9499868 
262 870 27 39 0.93235356 
538 210 29 41 0.92624295 
647 1033 28 34 0.9170733 
253 1021 26 34 0.9123129 
206 860 27 36 0.90838104 
741 1045 25 31 0.9061726 
588 341 34 43 0.89902943 
495 839 26 36 0.86034596 
552 826 27 31 0.85798556 
348 1028 32 35 0.7834064 
607 845 26 33 0.69958824 
228 865 25 31 0.6023523 
782 870 26 38 0.47390437 
