56_Voter_peoplevoting_56_874
35
970 248 50 73 0.9988318 
38 335 20 25 0.99224865 
664 252 27 31 0.990756 
138 351 26 33 0.99064577 
13 299 16 20 0.97735685 
66 283 13 16 0.9722116 
92 340 22 26 0.9666422 
153 391 26 35 0.9632864 
511 274 20 26 0.9489356 
335 253 14 17 0.9421722 
359 281 14 16 0.9307135 
565 295 31 34 0.90950704 
404 271 14 15 0.90909505 
242 394 37 51 0.9090764 
489 371 45 59 0.9070549 
683 452 72 141 0.8734594 
595 333 30 30 0.8533925 
139 291 13 18 0.8444164 
368 253 13 14 0.8441097 
270 275 20 19 0.82977635 
455 288 19 25 0.82440925 
190 255 15 18 0.78450435 
464 356 67 101 0.7087476 
332 230 11 14 0.5701598 
774 285 49 74 0.5481001 
531 309 20 27 0.53679234 
243 235 11 15 0.5177499 
496 216 8 10 0.44452244 
4 280 19 26 0.35755265 
729 280 62 72 0.34702098 
958 396 66 120 0.34000346 
453 245 15 21 0.3360609 
960 218 39 53 0.32109007 
563 304 29 38 0.31322795 
155 279 13 15 0.3103083 
