56_Voter_peoplevoting_56_260
19
910 428 29 39 0.99895906 
930 319 27 32 0.99797505 
840 323 26 34 0.99781114 
41 313 28 35 0.9972619 
276 155 40 48 0.9968636 
684 151 44 47 0.99526054 
848 420 27 33 0.99507093 
946 220 26 32 0.9940044 
472 133 37 49 0.99361163 
25 213 31 38 0.9925194 
0 415 18 36 0.99165404 
857 218 27 33 0.9913714 
930 123 28 32 0.9781179 
56 41 29 35 0.91364634 
852 30 22 30 0.6543828 
263 577 25 19 0.5846745 
744 199 29 41 0.47656 
364 570 21 21 0.38400558 
721 135 21 21 0.36749104 
