56_Voter_peoplevoting_56_410
44
177 434 17 19 0.9982382 
269 467 18 24 0.9979284 
470 431 18 22 0.99715734 
122 452 17 17 0.9943146 
367 436 17 18 0.9921497 
493 445 14 17 0.9758351 
32 424 17 24 0.9645607 
933 462 16 17 0.9567532 
193 421 18 25 0.955914 
422 428 18 20 0.95275277 
527 428 16 17 0.95212966 
286 440 14 17 0.9520682 
551 447 14 16 0.94897354 
322 442 14 18 0.946746 
615 462 17 20 0.94137514 
743 477 17 18 0.93441045 
96 435 15 20 0.93372494 
56 444 18 23 0.9300101 
691 478 18 19 0.8996002 
896 427 15 15 0.86478245 
423 452 14 20 0.85639465 
938 425 15 18 0.7792588 
747 431 19 26 0.7493845 
961 440 16 15 0.7349228 
827 429 16 18 0.73462635 
169 55 28 27 0.6829078 
582 420 15 17 0.6270436 
644 454 14 16 0.6216024 
237 453 15 18 0.62135404 
381 419 19 26 0.60420096 
376 430 13 17 0.56313884 
447 427 12 17 0.5376967 
82 445 17 18 0.47909287 
869 453 33 41 0.4764832 
402 419 12 15 0.4126613 
422 436 16 22 0.40938592 
90 430 20 27 0.391781 
283 422 19 20 0.3720213 
320 416 15 14 0.37032536 
922 439 14 15 0.36235726 
983 454 21 33 0.35010692 
587 422 11 13 0.33950773 
935 460 25 21 0.3237921 
215 452 18 24 0.31062397 
