56_Voter_peoplevoting_56_781
30
360 193 69 76 0.9983177 
650 156 33 35 0.99528617 
776 124 26 31 0.987695 
678 106 29 35 0.9206124 
833 130 13 16 0.8770283 
288 106 47 53 0.8483689 
361 83 64 74 0.83307606 
57 394 186 168 0.8162285 
24 89 27 30 0.70660406 
600 137 21 25 0.678071 
749 117 21 25 0.6548801 
815 134 15 22 0.63537467 
99 65 61 75 0.633135 
914 170 17 21 0.6265494 
679 104 23 25 0.6124591 
649 125 28 30 0.60840404 
827 127 18 21 0.5515123 
951 135 19 22 0.5399355 
249 78 27 20 0.52015996 
221 138 28 26 0.505032 
606 314 16 19 0.5047125 
875 110 18 22 0.4725132 
508 40 14 12 0.44389844 
337 72 27 26 0.41610086 
869 151 20 31 0.41284564 
439 122 22 26 0.40702048 
644 119 25 33 0.38484314 
908 166 19 25 0.37920687 
677 127 12 15 0.37207317 
101 63 56 39 0.37166458 
