56_Voter_peoplevoting_56_350
62
39 364 33 48 0.9951025 
257 108 10 10 0.9551135 
437 150 10 13 0.93873185 
829 267 12 13 0.9355237 
284 115 9 12 0.9183749 
525 183 9 12 0.9024688 
1 319 43 56 0.9015923 
747 236 10 13 0.8764198 
11 39 10 10 0.8474103 
767 287 12 15 0.84173197 
563 188 11 13 0.8327075 
526 160 8 10 0.8319585 
513 158 10 14 0.8057992 
113 58 8 11 0.80535704 
305 106 10 12 0.80246156 
518 317 17 25 0.7988182 
466 149 10 14 0.7974382 
729 353 21 18 0.786004 
564 168 9 12 0.7709348 
544 168 10 11 0.7666438 
904 249 14 12 0.7563764 
500 351 20 30 0.74892586 
983 317 27 24 0.727606 
858 262 11 11 0.7275027 
733 219 11 13 0.7179072 
332 117 9 12 0.71276224 
540 190 11 12 0.68846667 
742 209 11 12 0.63919157 
181 73 8 9 0.6262354 
697 223 12 13 0.6147337 
497 156 8 12 0.59810054 
345 403 20 34 0.5919295 
721 201 12 15 0.5853849 
199 75 10 13 0.58133614 
404 122 8 10 0.5799073 
866 306 13 13 0.5656879 
632 192 9 12 0.5619329 
925 244 10 10 0.5349089 
206 94 8 10 0.53174895 
54 41 8 12 0.5292404 
648 201 9 13 0.52714056 
902 246 12 13 0.5154574 
228 103 9 10 0.5109228 
854 291 12 15 0.49450374 
483 150 8 10 0.47043958 
574 321 21 23 0.46438485 
396 141 9 12 0.4516177 
802 234 11 12 0.44622526 
433 129 9 12 0.4391269 
780 335 13 16 0.40456587 
328 405 34 38 0.40166506 
797 234 11 12 0.38575155 
762 206 12 14 0.37945697 
651 343 20 23 0.36744604 
722 352 21 20 0.36707658 
672 210 8 12 0.35494924 
750 351 17 26 0.3530111 
384 117 8 10 0.33958644 
677 363 23 23 0.33281705 
727 188 10 13 0.33130747 
669 180 10 15 0.3231657 
139 53 9 12 0.30857208 
