56_Voter_peoplevoting_56_528
21
904 239 59 56 0.9967661 
518 151 34 43 0.99532866 
317 58 22 27 0.99249434 
623 129 29 44 0.9860715 
458 183 37 45 0.97755027 
178 63 18 26 0.9592066 
485 26 14 23 0.93629074 
520 232 42 46 0.91851246 
418 48 17 25 0.91172874 
260 63 19 27 0.91015446 
692 87 21 26 0.82222354 
613 61 12 22 0.7390839 
913 70 18 24 0.68032056 
784 124 22 26 0.659074 
774 44 13 16 0.51217246 
779 43 10 16 0.46254885 
938 94 12 18 0.4589025 
839 100 17 19 0.44340968 
543 55 15 23 0.40691635 
659 79 21 31 0.3656664 
793 400 30 32 0.3046703 
