36_Football_americanfootball_ball_36_6
30
124 103 39 46 0.98899955 
807 121 35 47 0.98041797 
250 272 18 18 0.97711414 
252 168 13 15 0.9638955 
612 253 15 18 0.9627928 
995 149 14 15 0.9592529 
565 124 14 16 0.93932176 
407 157 14 18 0.93729264 
25 153 14 17 0.9352107 
938 152 15 19 0.9301433 
399 194 14 17 0.92275643 
357 169 13 15 0.9169345 
301 173 13 17 0.9066415 
443 200 20 20 0.89130574 
476 241 43 44 0.88112575 
355 271 14 16 0.8807573 
870 156 23 24 0.8670715 
969 257 15 18 0.8429545 
646 231 14 15 0.8310069 
447 179 15 15 0.82202554 
596 215 15 17 0.7882365 
494 196 14 16 0.69486105 
653 161 14 18 0.68469346 
613 164 12 16 0.66927326 
494 174 13 14 0.666543 
536 210 27 29 0.62619185 
376 217 14 18 0.62233806 
574 272 13 15 0.51373565 
641 324 19 25 0.40696484 
558 298 12 15 0.32273686 
