46_Jockey_Jockey_46_909
27
508 287 27 35 0.99930227 
456 417 42 44 0.9980422 
274 182 15 17 0.9937412 
785 185 15 19 0.992968 
643 191 12 15 0.99292266 
694 181 14 20 0.9910507 
649 248 17 22 0.98616 
498 555 52 64 0.9828813 
908 277 26 31 0.9759211 
219 572 37 65 0.9309501 
487 153 8 15 0.9257899 
736 178 12 17 0.9122708 
772 211 14 17 0.9107116 
483 188 8 18 0.8582977 
739 268 17 21 0.85580164 
355 194 12 16 0.61859244 
734 329 11 28 0.5166665 
535 161 9 12 0.49714237 
740 180 13 16 0.49251756 
507 150 8 12 0.46717682 
437 109 14 18 0.44455034 
677 251 13 16 0.4066531 
729 299 11 13 0.3870301 
743 267 21 26 0.37847665 
475 547 93 74 0.3483924 
768 206 16 21 0.33914492 
352 196 11 16 0.3209202 
