46_Jockey_Jockey_46_79
19
391 245 38 55 0.9994517 
557 83 34 51 0.99920976 
665 23 30 43 0.9991247 
595 44 35 51 0.99902475 
426 171 41 52 0.9988512 
323 240 43 61 0.99811137 
623 31 25 39 0.9874063 
416 218 34 54 0.9703753 
155 480 50 55 0.9227813 
259 338 32 48 0.91662246 
680 0 27 21 0.9051462 
538 109 20 37 0.87134135 
301 294 32 45 0.85155034 
453 152 31 42 0.7609559 
542 41 36 44 0.69093907 
195 402 23 48 0.68576235 
463 157 22 33 0.4261175 
565 485 23 28 0.3907115 
627 27 33 44 0.31400385 
