26_Soldier_Drilling_Soldiers_Drilling_26_262
68
619 318 25 27 0.99954444 
693 278 22 26 0.9995351 
274 295 23 26 0.9992834 
758 328 23 25 0.9989686 
474 312 23 24 0.9988042 
966 236 19 24 0.9984053 
918 282 28 35 0.99817324 
800 286 24 27 0.9978908 
75 263 25 24 0.997472 
575 274 23 28 0.9969844 
447 272 22 26 0.9968483 
168 267 25 28 0.9966498 
762 249 20 23 0.99618894 
128 265 19 24 0.9961707 
853 290 20 28 0.9929884 
610 274 21 26 0.9908144 
404 195 14 14 0.9898413 
954 294 25 26 0.98976505 
298 265 22 22 0.98907906 
723 282 26 27 0.98791516 
440 220 15 16 0.9865107 
1004 264 20 36 0.98209894 
4 263 23 24 0.9814465 
636 281 22 23 0.9813074 
342 258 22 24 0.9796173 
781 273 22 25 0.9783336 
593 243 13 15 0.97774565 
528 220 12 13 0.9769105 
169 213 14 15 0.9755162 
531 266 28 31 0.9749126 
59 254 19 26 0.9737318 
585 228 11 15 0.9700621 
649 236 14 16 0.96591926 
250 217 13 15 0.9591001 
372 219 13 16 0.9580227 
224 262 20 25 0.9571836 
389 264 18 21 0.95539904 
485 242 14 17 0.9536713 
866 255 17 20 0.94542974 
324 218 19 20 0.9398665 
497 225 12 13 0.9341614 
602 224 14 14 0.88823694 
38 275 20 22 0.8787451 
384 219 13 16 0.8741717 
302 214 15 17 0.83107066 
678 219 13 17 0.83057827 
218 232 15 17 0.82854867 
242 260 17 23 0.8243343 
473 230 13 16 0.82326674 
219 211 13 15 0.8105654 
88 215 15 16 0.7985863 
147 248 18 22 0.7901883 
398 226 13 16 0.7753689 
688 223 12 15 0.76881725 
691 251 21 21 0.75179785 
428 263 18 23 0.7176947 
124 239 15 16 0.7004317 
104 258 19 21 0.6945751 
352 233 13 14 0.674809 
333 267 19 22 0.56878227 
445 220 15 16 0.5429893 
717 238 19 23 0.5216312 
421 259 18 22 0.51607996 
135 72 27 29 0.5131234 
680 219 17 21 0.4964927 
509 268 20 25 0.43112957 
96 260 16 21 0.33075973 
207 252 13 15 0.31678018 
