3_Riot_Riot_3_958
26
569 110 54 68 0.99966216 
520 40 27 38 0.9995322 
66 3 29 31 0.99937123 
137 3 27 33 0.9988464 
235 10 28 35 0.99812335 
374 33 24 31 0.99768054 
402 24 38 50 0.99734867 
12 6 38 45 0.99725384 
336 35 23 29 0.9935422 
866 19 34 42 0.9929662 
775 40 30 34 0.99175817 
52 22 26 33 0.98820347 
107 28 27 34 0.9874149 
923 72 24 34 0.9872486 
666 55 21 26 0.983177 
707 30 26 34 0.96522874 
497 32 23 27 0.9626006 
823 48 24 25 0.96044004 
315 35 20 28 0.94539 
208 26 24 27 0.9256906 
949 57 26 36 0.89229435 
965 18 25 30 0.83348334 
286 39 19 22 0.7109118 
397 20 21 32 0.7040176 
456 35 20 30 0.4839934 
755 63 19 26 0.36538196 
