3_Riot_Riot_3_26
63
231 355 36 47 0.9992797 
274 351 31 42 0.99891984 
205 207 31 37 0.99824715 
324 356 30 42 0.9962889 
674 226 29 35 0.9960806 
673 352 35 36 0.99517375 
414 348 33 41 0.9941193 
251 230 29 35 0.9930453 
359 221 29 35 0.98939556 
987 184 32 39 0.9890826 
717 390 31 43 0.9888974 
939 407 28 42 0.9884807 
254 331 32 37 0.987586 
938 0 29 25 0.98685664 
296 49 26 32 0.98576605 
724 353 35 43 0.98573536 
358 72 29 30 0.9846014 
558 236 27 32 0.98405194 
91 357 30 44 0.98227435 
855 385 26 43 0.9793768 
937 161 27 37 0.9785866 
847 33 27 32 0.9766208 
646 207 28 35 0.9747679 
424 373 31 41 0.9726962 
338 427 23 35 0.9671697 
659 61 24 33 0.9631029 
786 213 27 34 0.9578201 
56 324 29 38 0.9553964 
645 0 26 20 0.9531595 
467 210 28 30 0.9525577 
901 154 25 36 0.9522157 
790 62 25 31 0.9283238 
55 195 30 32 0.9138688 
960 416 28 41 0.91332513 
895 45 25 28 0.9093955 
465 76 24 29 0.9090369 
16 100 24 27 0.89389277 
791 342 25 30 0.8902799 
202 435 24 37 0.8794159 
818 10 25 28 0.87705296 
1001 41 22 33 0.8600982 
509 74 23 27 0.8445243 
957 376 25 33 0.8401102 
191 42 24 31 0.80452085 
248 91 26 30 0.79535955 
240 565 27 32 0.79470664 
974 14 23 27 0.789955 
761 34 27 31 0.76974636 
783 367 24 36 0.7598956 
864 339 40 43 0.7401818 
871 414 26 36 0.69238967 
275 204 29 36 0.6793088 
538 93 22 30 0.6479592 
778 396 23 28 0.63200766 
51 241 31 36 0.619305 
429 217 25 26 0.60319453 
637 346 30 38 0.47888982 
151 329 28 36 0.45559463 
654 390 21 27 0.43748257 
192 384 34 46 0.37141094 
734 487 22 37 0.3659088 
916 349 29 42 0.3596254 
888 237 31 37 0.3128551 
