37_Soccer_soccer_ball_37_907
39
126 176 39 49 0.9998429 
258 70 36 50 0.99959236 
674 85 40 50 0.99924076 
422 110 37 45 0.99897087 
540 81 42 54 0.9988493 
44 59 34 49 0.9987728 
168 52 34 41 0.9985012 
13 294 37 48 0.99820447 
191 271 36 52 0.99750704 
911 172 42 51 0.99600106 
917 67 29 47 0.98622537 
1002 81 22 39 0.98039675 
151 306 29 43 0.97552955 
333 116 35 38 0.9734937 
24 182 40 54 0.9730674 
392 442 16 18 0.83906853 
774 334 32 36 0.80087477 
423 442 18 20 0.775355 
879 676 14 21 0.7645278 
1004 366 15 18 0.682532 
993 441 15 16 0.67071265 
981 683 13 20 0.66688323 
596 787 39 53 0.634326 
408 405 16 21 0.589233 
435 405 16 20 0.5439925 
314 325 18 20 0.5229132 
380 474 15 19 0.5047792 
664 617 11 21 0.4822404 
519 335 15 22 0.46183622 
347 467 16 17 0.43854433 
912 79 27 41 0.4227574 
398 309 25 38 0.41368553 
724 0 24 31 0.39890084 
921 680 12 21 0.38414448 
505 59 37 39 0.36582085 
411 460 22 28 0.36280945 
633 445 14 18 0.35162482 
657 85 22 27 0.34002593 
908 429 16 14 0.3022103 
