3_Riot_Riot_3_137
35
923 349 60 67 0.99974865 
271 363 43 47 0.9995516 
489 321 39 56 0.99823344 
333 389 53 61 0.9975552 
671 300 17 18 0.9973133 
61 386 39 42 0.9970204 
924 316 28 29 0.99669373 
106 412 39 43 0.99272 
373 314 13 13 0.9827832 
347 325 21 24 0.97571325 
18 310 10 11 0.962157 
972 321 27 36 0.9587695 
786 295 20 19 0.94986004 
778 314 28 32 0.9302543 
658 361 51 56 0.8379257 
760 289 10 11 0.8278725 
810 295 10 16 0.8140302 
127 468 24 24 0.79806924 
547 303 11 11 0.7958497 
453 308 24 23 0.78351516 
899 334 23 15 0.76455784 
230 318 15 16 0.7490265 
994 276 9 9 0.70157725 
977 284 9 10 0.60148203 
529 352 29 33 0.5727986 
22 327 11 13 0.5144153 
776 315 20 24 0.50239193 
151 333 9 12 0.4941707 
1010 289 9 8 0.48327157 
964 307 18 20 0.47443798 
589 321 16 21 0.42730784 
151 344 17 17 0.4165119 
747 292 11 12 0.4151678 
806 277 9 9 0.3710939 
526 310 12 12 0.31325063 
