3_Riot_Riot_3_958
31
236 12 27 33 0.9997832 
373 34 24 31 0.9997601 
137 3 28 32 0.99973565 
13 7 38 47 0.9988589 
520 44 27 36 0.998486 
108 30 26 33 0.9983152 
65 2 30 33 0.9967386 
53 24 27 31 0.9961184 
865 21 35 40 0.9950112 
709 29 23 35 0.9944331 
497 32 22 27 0.99409276 
773 40 33 33 0.9938692 
399 20 40 54 0.99319565 
924 73 24 33 0.98845357 
208 24 25 29 0.9873366 
335 34 22 30 0.98309165 
666 56 20 25 0.98245025 
951 56 26 40 0.98156035 
825 48 24 26 0.9803365 
572 114 41 59 0.9603549 
314 36 19 26 0.90890366 
606 48 16 16 0.8988756 
563 110 77 66 0.87538135 
966 19 24 28 0.83787286 
751 65 24 26 0.622271 
290 40 18 22 0.60177505 
183 19 21 23 0.5527225 
610 102 63 73 0.54499555 
772 136 20 16 0.41750905 
178 23 20 31 0.30485493 
823 42 34 38 0.304621 
