3_Riot_Riot_3_26
66
231 358 36 44 0.999624 
252 232 28 33 0.9994854 
658 64 25 31 0.99930966 
206 209 30 34 0.9991229 
274 351 33 42 0.99903476 
296 49 26 34 0.9989507 
792 62 24 32 0.9988716 
323 358 31 41 0.99777454 
940 0 26 27 0.9975151 
193 44 21 29 0.99719244 
645 0 27 22 0.9969607 
854 389 27 39 0.99683243 
818 10 22 28 0.9967836 
846 36 27 30 0.99670225 
717 388 33 50 0.9958897 
358 70 28 33 0.9956182 
424 373 30 42 0.99507254 
672 352 37 38 0.9948042 
250 95 23 28 0.99304855 
464 75 24 31 0.99176496 
937 161 28 38 0.99090916 
556 237 29 36 0.9908717 
987 188 29 33 0.98977786 
361 224 27 32 0.98877877 
674 224 29 39 0.9877368 
788 215 26 33 0.98744917 
255 331 31 36 0.98565996 
1001 39 23 35 0.9826025 
894 43 27 33 0.98132795 
901 154 23 36 0.9762229 
974 16 22 26 0.97228414 
467 213 29 33 0.961161 
14 99 26 29 0.9555995 
415 348 32 38 0.94787353 
338 425 27 38 0.93600094 
647 210 18 27 0.9266586 
53 197 19 27 0.91800445 
148 340 24 30 0.8901239 
761 34 24 31 0.8841354 
936 406 35 47 0.8769453 
888 236 33 40 0.873453 
539 100 17 19 0.8064962 
93 358 29 40 0.7865783 
510 76 21 26 0.76940936 
51 188 31 37 0.69355404 
305 572 47 38 0.67978805 
726 361 28 30 0.64628476 
654 390 21 28 0.62396103 
865 336 48 48 0.6213127 
344 217 44 43 0.61054265 
59 336 28 26 0.6036176 
658 564 24 26 0.6020125 
278 207 27 26 0.5907348 
34 542 25 23 0.5828339 
207 437 21 35 0.5682302 
829 372 19 23 0.53545463 
258 340 51 56 0.5242562 
792 344 21 23 0.49463707 
643 344 26 43 0.45778155 
731 487 31 41 0.44619557 
946 413 43 47 0.42516816 
777 394 27 31 0.32192 
758 68 21 24 0.32132447 
955 378 26 29 0.3186056 
153 330 24 27 0.31788802 
363 573 16 21 0.31563446 
