37_Soccer_soccer_ball_37_269
23
326 235 29 40 0.9998004 
911 131 27 32 0.99976045 
548 138 25 34 0.9997367 
510 240 30 38 0.99963045 
174 123 28 36 0.99957997 
663 227 28 37 0.99950516 
769 153 24 30 0.99941957 
164 251 33 41 0.9994191 
832 241 30 37 0.9994031 
741 236 28 33 0.99935883 
620 134 26 34 0.99931407 
832 142 26 33 0.9992772 
99 134 29 34 0.999199 
267 136 30 36 0.9990964 
688 143 26 33 0.99908245 
413 268 28 36 0.9990596 
241 247 29 36 0.9989955 
336 132 25 34 0.99878424 
406 126 25 32 0.998621 
596 242 30 43 0.9983333 
899 229 26 35 0.9972337 
491 122 26 34 0.99456644 
787 359 26 27 0.5339452 
