37_Soccer_soccer_ball_37_907
23
675 87 37 46 0.99913126 
259 71 33 47 0.9991204 
125 176 39 50 0.99895835 
167 51 35 42 0.998808 
539 83 41 50 0.9985971 
423 111 36 42 0.998178 
44 59 34 44 0.9973431 
912 170 41 53 0.9968489 
13 293 36 48 0.9966061 
190 273 36 48 0.99623835 
22 179 43 55 0.9889768 
919 65 29 49 0.9802105 
153 308 29 41 0.97057086 
332 111 35 42 0.96025336 
1001 75 23 44 0.9461274 
423 441 18 21 0.7709488 
724 0 25 30 0.7628909 
380 472 16 20 0.7039372 
878 675 13 22 0.57779425 
347 466 16 18 0.4441726 
408 405 16 21 0.44414097 
411 470 17 23 0.4383599 
435 57 28 26 0.3397181 
