34_Baseball_Baseball_34_350
20
608 275 15 18 0.9327855 
654 275 14 16 0.91074914 
18 7 8 13 0.7615056 
96 0 10 11 0.74776495 
507 30 10 13 0.7200922 
605 270 19 29 0.6656467 
396 10 10 13 0.6616019 
87 115 8 14 0.61944574 
433 492 22 21 0.6097814 
974 100 11 14 0.60921246 
133 24 12 15 0.60701936 
605 289 18 14 0.5993037 
119 6 11 15 0.539286 
666 2 10 15 0.4847021 
684 21 11 15 0.4554496 
541 134 12 15 0.41161755 
588 332 23 31 0.40827537 
450 547 16 20 0.40764692 
799 146 14 15 0.36780542 
839 118 10 14 0.3393625 
