10_People_Marching_People_Marching_2_373
100
383 188 28 37 0.99959964 
251 465 41 48 0.99955684 
969 91 27 31 0.9994134 
694 481 45 52 0.99933076 
512 412 38 51 0.999191 
808 298 37 38 0.9991767 
72 472 35 44 0.9991529 
107 426 41 44 0.99905425 
259 263 28 36 0.9990152 
143 503 47 52 0.998993 
985 244 29 34 0.99893886 
282 295 35 40 0.9988802 
393 347 37 42 0.99872965 
698 338 32 40 0.99861395 
21 322 38 39 0.9985808 
252 400 39 47 0.99855727 
158 7 17 22 0.99854267 
274 364 39 47 0.998517 
285 17 18 22 0.99850875 
569 304 28 38 0.998437 
353 437 48 54 0.9984114 
767 495 38 54 0.9983341 
726 87 24 29 0.9981957 
944 208 29 30 0.99800307 
270 97 24 31 0.997962 
122 8 18 20 0.99779105 
620 114 25 27 0.9976769 
934 75 24 28 0.99744487 
267 202 29 31 0.99732625 
313 204 29 38 0.99721116 
223 311 31 41 0.9970994 
337 167 26 31 0.9970632 
170 385 35 41 0.9968959 
773 188 25 34 0.99672616 
696 297 26 31 0.99671257 
355 78 20 24 0.9965952 
994 80 24 29 0.99659497 
137 315 32 34 0.9963462 
765 116 27 26 0.99630046 
712 173 30 36 0.9961146 
817 182 21 31 0.9958675 
792 69 23 24 0.99580294 
913 151 27 33 0.9957416 
847 239 30 32 0.9956886 
758 275 32 38 0.995352 
841 156 26 29 0.99518824 
264 139 27 30 0.9949921 
153 345 33 38 0.9949917 
982 152 27 33 0.99496067 
290 470 33 43 0.99478674 
696 202 31 31 0.9946302 
886 174 30 32 0.9941597 
774 88 24 27 0.9941199 
51 54 24 26 0.9941121 
968 191 25 29 0.9940567 
809 145 25 29 0.99370265 
84 188 28 30 0.993588 
479 41 22 25 0.99346536 
626 470 44 48 0.9933994 
865 136 23 27 0.99334514 
381 4 20 21 0.99328446 
51 257 25 34 0.9930997 
368 385 28 36 0.9927879 
170 294 29 38 0.9926018 
839 76 25 27 0.9919165 
758 336 30 37 0.9917664 
776 148 21 27 0.99118996 
912 229 30 39 0.9907162 
205 259 31 37 0.9905319 
415 424 38 49 0.9903418 
980 435 27 37 0.98934597 
673 438 36 41 0.98910415 
183 122 22 29 0.988948 
321 45 18 20 0.98852706 
520 260 31 29 0.98799264 
622 177 26 28 0.98724174 
462 326 36 44 0.9863093 
255 165 22 28 0.98597556 
757 28 20 24 0.9856371 
996 481 26 38 0.9849259 
304 12 17 21 0.9826401 
333 277 32 40 0.982486 
877 96 26 34 0.9820125 
55 223 31 30 0.9817447 
678 138 22 29 0.981041 
81 35 20 21 0.9810145 
793 377 35 41 0.98052937 
869 404 38 45 0.9800499 
120 35 19 21 0.978964 
366 136 28 37 0.9789068 
186 15 18 24 0.97878087 
554 388 35 49 0.97874445 
164 71 22 29 0.9786114 
347 52 22 24 0.9785963 
90 375 34 42 0.9778415 
696 240 28 33 0.97535443 
231 538 41 34 0.9751213 
148 101 25 30 0.9745181 
370 107 28 31 0.97361803 
825 57 20 23 0.9714057 
