10_People_Marching_People_Marching_10_People_Marching_People_Marching_10_People_Marching_People_Marching_10_162
35
391 308 22 28 0.9983681 
335 271 20 25 0.9640759 
519 268 27 28 0.854937 
699 275 19 30 0.8258265 
92 176 17 28 0.798583 
368 264 14 21 0.79495376 
911 21 12 14 0.7894545 
780 90 16 18 0.76530886 
93 280 25 34 0.761796 
417 226 14 17 0.7552547 
444 290 19 26 0.75166327 
969 205 14 16 0.7199826 
410 103 21 20 0.68553585 
672 137 23 24 0.674349 
672 288 18 32 0.65310776 
801 106 18 21 0.6235437 
852 158 22 26 0.6021903 
83 173 22 29 0.5975035 
179 268 12 13 0.5777751 
853 1 20 21 0.55226785 
575 132 20 27 0.51666796 
309 273 14 18 0.50021833 
544 92 22 25 0.49494788 
450 118 19 21 0.48441398 
888 0 14 9 0.48424742 
840 85 13 15 0.47472122 
139 264 25 34 0.45593983 
963 84 18 22 0.42904478 
278 291 15 22 0.428833 
388 231 14 13 0.4089913 
702 602 25 19 0.39707902 
835 78 18 24 0.38041887 
656 38 20 24 0.36389613 
477 311 20 28 0.33445895 
271 284 21 29 0.3177559 
