10_People_Marching_People_Marching_2_678
31
448 298 22 25 0.99931717 
623 295 20 24 0.9988036 
724 273 24 29 0.9984328 
352 278 25 29 0.99804723 
843 304 22 27 0.997638 
305 292 22 25 0.99763644 
901 207 12 16 0.9975891 
254 290 27 30 0.99584574 
887 295 18 23 0.99563736 
217 297 24 26 0.99178785 
786 305 21 26 0.9910306 
115 334 12 18 0.982748 
512 301 23 28 0.981975 
65 254 10 14 0.9768009 
24 317 10 19 0.9710996 
947 209 10 13 0.93877953 
759 320 16 24 0.92825234 
36 318 15 21 0.86320287 
204 297 10 13 0.7652181 
112 302 10 11 0.70191497 
826 351 18 20 0.69517064 
68 364 10 16 0.6249035 
566 326 10 16 0.6040198 
71 356 9 14 0.43395847 
164 318 10 15 0.41166377 
190 317 8 13 0.4066556 
169 312 8 12 0.40406373 
552 354 21 23 0.38981393 
421 325 12 15 0.38936505 
85 336 8 13 0.33858114 
381 304 11 12 0.30920973 
