10_People_Marching_People_Marching_2_277
33
49 183 48 67 0.99703395 
838 183 24 31 0.9967225 
367 182 29 33 0.98851544 
755 191 25 29 0.9863014 
620 186 31 40 0.98107785 
413 171 41 49 0.9802844 
971 190 21 22 0.96712554 
258 168 24 27 0.9543136 
913 183 23 25 0.9528674 
327 177 23 29 0.9419714 
1010 184 14 16 0.92868763 
871 193 15 18 0.91396147 
817 186 20 28 0.91332066 
228 169 21 26 0.900022 
558 175 12 17 0.8835071 
941 186 14 17 0.87419546 
871 234 19 25 0.8447686 
671 190 24 30 0.7563019 
734 190 16 19 0.7206036 
470 174 19 29 0.6980439 
20 201 13 16 0.6713634 
716 187 10 13 0.61514544 
12 198 21 25 0.58260536 
797 192 18 25 0.56459165 
667 262 21 31 0.5612786 
600 184 22 28 0.5207095 
790 192 12 16 0.500177 
965 175 10 10 0.49619043 
6 199 17 22 0.46360266 
24 170 9 15 0.37726578 
498 192 25 29 0.36049986 
639 260 20 31 0.34084454 
513 207 20 29 0.33246756 
