10_People_Marching_People_Marching_2_36
46
429 304 24 31 0.998934 
697 304 27 36 0.99885905 
33 288 15 18 0.998379 
950 335 33 42 0.9982815 
754 320 25 30 0.9976252 
504 317 27 40 0.9975871 
155 306 24 32 0.99753535 
649 306 26 32 0.99714893 
815 332 31 34 0.997045 
384 297 24 29 0.9959282 
853 293 15 16 0.99535674 
13 313 14 16 0.9948873 
224 317 26 34 0.9931299 
557 325 29 34 0.9913489 
673 271 14 19 0.99133235 
828 291 16 20 0.9879786 
905 304 11 16 0.9873926 
190 313 23 29 0.9870205 
257 322 29 35 0.9832114 
306 338 30 33 0.97720784 
1006 292 12 15 0.9741707 
932 294 12 18 0.973011 
594 276 14 17 0.9686498 
814 293 14 17 0.96385217 
633 292 15 20 0.9620355 
974 294 12 17 0.9565969 
719 283 13 16 0.9533835 
468 307 26 33 0.94857806 
139 297 17 26 0.9477295 
114 289 18 27 0.9384528 
60 240 13 15 0.93540394 
50 408 12 16 0.9277269 
322 291 20 26 0.9023958 
93 308 12 18 0.8875418 
963 280 13 15 0.8823893 
120 291 18 27 0.80566406 
305 285 23 27 0.78368574 
786 299 12 16 0.71047497 
352 288 28 31 0.62664676 
343 290 23 28 0.5887818 
257 236 14 12 0.5855798 
694 287 11 15 0.5738321 
582 0 87 91 0.5061626 
639 293 14 18 0.44238085 
523 287 21 29 0.43306693 
558 294 21 29 0.42615837 
