10_People_Marching_People_Marching_10_People_Marching_People_Marching_10_240
53
909 432 115 119 0.9995876 
409 313 111 146 0.9993754 
714 244 24 32 0.9991862 
420 237 39 52 0.99882704 
242 303 65 86 0.9988153 
329 231 24 36 0.9986112 
379 252 25 36 0.9984749 
0 238 34 39 0.9983455 
129 210 27 36 0.99828076 
221 270 34 44 0.9973132 
611 235 49 59 0.9970541 
492 213 17 26 0.99178267 
292 269 33 47 0.991104 
217 226 25 28 0.9909338 
553 226 20 26 0.99050355 
196 200 16 20 0.9839384 
263 214 16 21 0.977535 
890 218 18 20 0.97646654 
164 199 24 30 0.97336483 
848 214 16 18 0.9719595 
692 260 23 34 0.9688185 
741 218 15 19 0.9621486 
537 212 15 20 0.95842487 
221 207 18 21 0.9455415 
839 264 24 36 0.943526 
931 270 45 47 0.9254598 
797 307 34 45 0.91895056 
999 215 15 16 0.8758399 
683 225 17 22 0.7520098 
516 241 32 36 0.70443 
887 222 22 35 0.6496533 
138 190 14 15 0.6440591 
161 191 14 17 0.6287599 
265 510 39 78 0.62396467 
105 196 17 18 0.62120396 
234 191 10 11 0.60148275 
340 219 12 14 0.58854306 
737 241 18 21 0.57160175 
721 474 41 63 0.5601246 
43 154 48 35 0.55609643 
722 205 12 15 0.5096268 
1011 222 13 26 0.46721864 
835 209 17 22 0.44729364 
375 217 13 16 0.4435033 
479 190 10 15 0.4266651 
765 204 10 11 0.4229648 
387 190 12 15 0.42016917 
824 276 25 32 0.4139613 
136 190 19 21 0.38110468 
791 205 10 13 0.3515127 
277 196 12 13 0.33232954 
797 219 12 14 0.3234926 
797 206 11 13 0.30759096 
