10_People_Marching_People_Marching_2_498
28
705 0 20 24 0.9984074 
895 418 22 30 0.9971908 
70 145 21 29 0.9971035 
346 418 27 32 0.9967468 
363 28 21 30 0.9963341 
29 16 21 24 0.9960121 
785 539 25 30 0.9957885 
165 422 21 27 0.9929813 
609 127 23 25 0.9872432 
412 583 24 29 0.9857497 
956 545 22 25 0.98273855 
773 129 23 30 0.9805186 
189 24 24 29 0.968411 
835 275 22 27 0.96801555 
1003 275 21 26 0.96763223 
544 4 23 28 0.96299344 
36 611 26 28 0.94446385 
117 270 21 25 0.92557514 
723 421 21 24 0.9198621 
538 438 23 31 0.8940247 
941 125 25 28 0.8880185 
238 134 22 29 0.87478244 
575 595 21 34 0.83000416 
291 286 22 24 0.77024174 
877 7 19 30 0.7314586 
664 279 22 25 0.6887719 
212 593 25 33 0.66198605 
545 458 19 29 0.4181788 
