10_People_Marching_People_Marching_10_People_Marching_People_Marching_10_69
100
841 476 17 22 0.9994517 
932 577 19 26 0.9993061 
958 630 23 29 0.9990728 
209 607 19 24 0.9988746 
49 594 22 26 0.9987759 
689 660 22 26 0.99856347 
476 562 16 21 0.99845874 
606 552 20 29 0.9983542 
301 604 19 23 0.9983405 
682 418 13 18 0.99812895 
996 595 17 23 0.9981148 
628 372 14 17 0.99796104 
767 444 16 21 0.99794406 
118 618 20 24 0.99793774 
876 649 23 28 0.9979377 
391 596 19 22 0.9978738 
716 539 21 28 0.9978327 
733 415 14 20 0.9978199 
886 481 19 21 0.9977701 
745 575 20 24 0.99766785 
652 345 12 17 0.9974758 
868 542 20 22 0.99740523 
512 565 18 23 0.9972184 
491 544 18 23 0.9970343 
534 466 19 22 0.9970289 
400 525 17 22 0.9969548 
162 557 20 26 0.9968309 
130 477 16 18 0.99677014 
600 660 20 23 0.996653 
237 355 15 20 0.9965352 
423 490 17 20 0.99624544 
501 435 16 19 0.9962303 
727 500 18 23 0.99581945 
561 533 18 24 0.9957665 
181 448 16 20 0.99575186 
161 513 17 22 0.99542457 
795 544 17 20 0.99540836 
562 372 13 18 0.9953779 
251 406 15 19 0.99531 
880 576 21 27 0.995288 
5 611 22 26 0.99521375 
470 502 17 19 0.9951043 
358 535 17 21 0.9950616 
977 601 21 25 0.99489814 
629 328 12 16 0.99488175 
259 638 17 20 0.99460113 
170 488 16 21 0.9943315 
441 475 15 19 0.994034 
358 629 21 26 0.99396753 
294 456 18 24 0.99396133 
504 672 25 25 0.9938305 
223 519 16 18 0.99368864 
734 309 12 15 0.99337924 
114 330 16 20 0.99337316 
652 457 18 23 0.9932475 
484 311 11 15 0.9930976 
358 455 15 22 0.9930039 
134 663 24 25 0.9927377 
231 551 18 20 0.99272317 
631 495 16 19 0.9926852 
502 494 18 22 0.99253356 
178 653 20 24 0.992458 
428 314 13 15 0.9924367 
308 500 18 22 0.99236214 
679 250 11 15 0.99181294 
908 469 13 18 0.9917035 
213 658 22 27 0.99137384 
583 626 19 22 0.9913163 
155 413 15 19 0.9912389 
696 483 17 24 0.9911356 
539 378 14 16 0.99108106 
931 446 19 21 0.99069715 
840 615 20 26 0.9905432 
226 486 17 19 0.9900726 
108 251 13 17 0.9896808 
457 468 14 17 0.98945975 
401 574 20 23 0.98902917 
485 267 11 15 0.98871034 
448 372 14 17 0.98787737 
340 374 12 16 0.98782957 
110 219 13 15 0.98737216 
0 659 19 27 0.98736435 
381 352 14 17 0.987135 
575 494 18 25 0.98648816 
272 566 18 19 0.98645014 
436 294 12 14 0.9863919 
821 370 14 16 0.9863621 
753 616 22 29 0.9863095 
996 526 19 21 0.98597926 
533 610 18 26 0.98593765 
425 450 15 19 0.9858029 
717 357 14 20 0.9856494 
163 178 11 16 0.9849799 
689 326 13 16 0.9848514 
313 673 23 25 0.98453367 
467 299 12 15 0.98420805 
949 477 20 19 0.98391205 
980 336 13 15 0.9838324 
199 189 10 13 0.98353475 
692 273 12 16 0.9831056 
