10_People_Marching_People_Marching_2_395
34
578 182 32 41 0.99828476 
830 212 24 29 0.989939 
220 166 29 37 0.9843412 
956 177 33 39 0.983433 
466 182 28 31 0.9765505 
743 215 26 32 0.9655068 
6 228 23 27 0.87715805 
669 216 20 25 0.8464986 
152 188 22 26 0.82434726 
93 170 19 20 0.7522684 
321 230 23 32 0.74464107 
63 231 24 22 0.68125564 
120 191 23 26 0.62842804 
172 187 21 27 0.57478815 
669 219 14 18 0.57226753 
323 232 15 22 0.5527892 
395 218 31 27 0.5424539 
927 142 23 33 0.5275457 
239 183 19 26 0.49014494 
162 173 15 17 0.48297513 
42 202 22 22 0.48153633 
159 188 24 27 0.44798073 
300 340 18 25 0.43459728 
284 261 18 21 0.43035334 
13 270 19 17 0.39662728 
514 199 28 29 0.38451862 
336 231 22 32 0.38285938 
107 174 13 15 0.37731043 
324 228 36 39 0.34869525 
420 215 25 29 0.31834695 
486 189 25 34 0.31776375 
105 196 25 27 0.3040325 
156 169 19 26 0.30387595 
405 217 31 29 0.30038258 
