10_People_Marching_People_Marching_2_191
26
514 315 20 30 0.9995466 
747 325 21 27 0.9987679 
243 310 19 24 0.99873966 
336 307 17 24 0.99854255 
454 321 18 24 0.9974407 
659 324 20 21 0.99588436 
95 315 19 22 0.99574924 
380 239 14 17 0.9952923 
845 317 22 26 0.9931865 
81 293 19 24 0.99297523 
329 238 14 18 0.9842046 
184 314 19 21 0.9822587 
318 301 17 23 0.9818796 
255 293 18 22 0.9770319 
827 323 20 26 0.9619705 
20 302 19 20 0.95699275 
386 315 18 23 0.93965346 
138 303 19 21 0.92937165 
971 347 18 23 0.8987008 
362 309 17 24 0.89047825 
987 458 34 31 0.8606688 
17 291 23 30 0.49203074 
938 454 19 23 0.40808806 
500 336 9 13 0.40000612 
632 305 26 39 0.3913834 
831 319 32 30 0.31367666 
