10_People_Marching_People_Marching_2_401
55
333 402 67 84 0.9999212 
193 353 52 67 0.9997453 
642 533 74 94 0.9996799 
91 512 67 75 0.998923 
100 282 31 33 0.9984413 
496 269 27 37 0.99830973 
44 289 25 29 0.9979341 
252 274 22 27 0.9978574 
542 241 23 31 0.9978315 
725 384 35 45 0.9977291 
662 265 31 40 0.99709153 
422 241 23 26 0.9970867 
627 250 26 34 0.9967794 
568 264 27 35 0.9967002 
795 279 49 51 0.99636817 
19 407 58 68 0.9951159 
353 278 20 24 0.9946837 
307 329 27 32 0.99432194 
385 249 19 23 0.9935435 
283 295 23 29 0.9923504 
850 248 39 49 0.9923189 
729 301 36 46 0.99153817 
381 312 27 30 0.990435 
314 269 18 23 0.9901736 
480 264 20 32 0.9899616 
553 499 55 61 0.9892085 
65 319 29 33 0.9884842 
671 421 38 43 0.98821425 
920 266 29 34 0.98206306 
509 240 19 24 0.98034793 
189 267 25 27 0.977653 
104 393 34 39 0.9727553 
777 258 34 42 0.9712721 
349 335 30 34 0.962187 
858 483 94 143 0.9599885 
758 264 26 38 0.9471749 
328 292 19 25 0.9442139 
206 300 28 28 0.9313799 
703 242 12 15 0.92553115 
357 253 13 15 0.81367576 
32 269 17 24 0.7606343 
741 251 20 25 0.72649324 
496 347 31 47 0.6739854 
821 247 25 30 0.6082711 
317 255 12 15 0.57177466 
758 262 45 44 0.54329413 
241 288 12 16 0.53590095 
588 247 20 24 0.4567216 
783 352 35 77 0.42103878 
174 322 27 35 0.3802198 
786 262 27 28 0.37446815 
915 240 18 24 0.37019905 
887 479 106 146 0.36345622 
6 281 8 17 0.32635736 
544 300 31 30 0.31846994 
