10_People_Marching_People_Marching_2_2
38
657 395 17 28 0.99854785 
952 463 35 70 0.9976635 
663 476 28 55 0.99697006 
760 424 31 37 0.996145 
658 432 20 36 0.9846778 
490 481 24 39 0.98053795 
295 395 10 14 0.92367494 
962 394 11 23 0.904643 
1003 422 21 35 0.8792741 
793 387 10 16 0.871057 
904 407 16 24 0.8692895 
630 383 11 15 0.8504077 
814 399 9 17 0.7923877 
827 348 8 14 0.73816025 
997 354 9 12 0.7297839 
41 388 8 19 0.72687155 
910 352 8 13 0.69231206 
880 344 6 13 0.6276495 
37 388 10 18 0.6194296 
341 459 21 32 0.6058305 
161 425 10 21 0.59547746 
725 395 11 18 0.5868331 
520 417 12 17 0.54801434 
255 459 26 35 0.53312474 
338 389 9 11 0.52837807 
87 402 10 18 0.5245469 
975 345 7 13 0.5019178 
541 372 8 11 0.49667802 
574 422 10 21 0.44973254 
311 392 10 12 0.43126866 
514 518 31 64 0.43025187 
165 428 10 18 0.41732138 
262 448 29 43 0.37922588 
431 404 10 15 0.3645342 
454 462 15 26 0.3158003 
911 406 14 23 0.31512618 
718 395 19 26 0.31260505 
54 401 9 13 0.31009263 
