10_People_Marching_People_Marching_2_40
73
266 118 27 33 0.9989825 
45 131 41 47 0.998616 
585 270 42 53 0.99842787 
355 124 28 37 0.9975836 
401 155 29 37 0.9971961 
667 204 39 55 0.99692196 
94 91 23 25 0.9955486 
229 92 21 25 0.9931125 
710 84 16 19 0.99136424 
169 217 34 53 0.99123305 
678 97 20 23 0.99007773 
818 145 22 34 0.9893232 
420 101 21 27 0.98523915 
520 519 89 94 0.9842849 
943 239 48 60 0.98399353 
712 266 55 63 0.9837933 
514 86 20 25 0.98306066 
699 45 15 15 0.9798068 
496 147 25 29 0.97634375 
573 45 12 16 0.97445107 
251 84 23 28 0.9712232 
134 79 28 33 0.97068506 
715 53 14 15 0.9655706 
854 53 12 16 0.95823264 
780 204 35 31 0.9579469 
834 244 53 65 0.9578301 
512 48 13 16 0.9496096 
563 65 15 16 0.9465628 
380 86 21 31 0.9405072 
797 67 11 16 0.94011265 
99 139 26 33 0.93046063 
742 64 12 16 0.9296471 
410 45 13 15 0.9114301 
472 107 21 26 0.9095664 
227 197 31 40 0.900979 
821 54 13 15 0.87728804 
683 253 40 55 0.87480205 
588 129 23 32 0.86763996 
711 362 35 62 0.8675227 
757 50 12 14 0.86397105 
92 456 73 107 0.8616021 
764 86 23 27 0.83220077 
790 121 22 26 0.82199335 
316 141 32 41 0.8101435 
643 49 19 26 0.799313 
163 56 19 18 0.7847596 
987 347 37 58 0.7807127 
467 44 12 14 0.7382191 
944 210 27 33 0.728709 
314 134 25 36 0.7219033 
38 336 99 111 0.64503044 
154 46 11 12 0.63817483 
936 165 18 23 0.6375662 
664 168 21 28 0.6060125 
64 65 13 16 0.6020441 
883 81 14 15 0.5902833 
974 297 42 36 0.5895447 
689 252 70 80 0.53877693 
95 41 11 13 0.4874022 
582 70 9 13 0.44058877 
59 42 9 10 0.42861506 
761 213 25 30 0.4185969 
601 212 26 34 0.4142825 
884 101 16 20 0.4109061 
114 26 8 9 0.39539468 
903 114 25 33 0.39162034 
187 39 10 11 0.35335532 
15 3 10 11 0.34984887 
684 19 14 16 0.34872532 
38 311 69 176 0.3476346 
650 49 17 24 0.33346424 
142 40 8 10 0.3270272 
122 81 29 36 0.30085802 
