11_Meeting_Meeting_11_Meeting_Meeting_11_560
32
757 426 38 57 0.9997415 
559 400 25 31 0.9993519 
87 500 41 51 0.9991571 
323 425 36 43 0.9990096 
669 413 26 32 0.9987564 
2 461 34 48 0.99850947 
444 417 22 28 0.99845135 
498 384 19 27 0.9984175 
399 408 21 29 0.99826694 
79 454 34 36 0.9978504 
194 573 45 71 0.9975969 
461 397 20 26 0.9966695 
607 414 22 31 0.99622476 
834 435 34 56 0.99589276 
525 416 24 31 0.99561715 
235 407 26 34 0.9943896 
356 421 21 32 0.9937224 
412 388 19 25 0.9932509 
198 417 29 35 0.9924428 
642 397 22 27 0.991702 
487 401 21 30 0.991184 
744 395 22 30 0.9909967 
627 396 16 22 0.981914 
702 413 18 22 0.96739167 
354 393 23 31 0.96528417 
810 384 25 27 0.95643115 
543 386 19 24 0.94018203 
84 689 40 73 0.88989407 
714 682 61 70 0.6869839 
181 512 39 45 0.61307627 
306 594 34 42 0.51023525 
760 389 17 23 0.48762757 
