11_Meeting_Meeting_11_Meeting_Meeting_11_441
20
650 290 28 36 0.9995541 
555 280 25 31 0.999453 
462 274 24 32 0.99898714 
402 277 24 37 0.9989843 
253 305 27 45 0.9936417 
737 331 29 39 0.9925552 
135 356 37 69 0.99237555 
733 290 28 41 0.9852306 
200 481 65 76 0.9706988 
376 309 25 41 0.954917 
821 344 39 40 0.9323165 
420 349 30 53 0.90029573 
768 335 29 38 0.6948168 
600 226 9 12 0.65054184 
1011 254 11 13 0.6084567 
778 10 9 12 0.56182265 
671 10 10 13 0.5153887 
1013 412 10 12 0.430296 
775 341 33 41 0.36175975 
856 229 15 18 0.35545442 
