11_Meeting_Meeting_11_Meeting_Meeting_11_529
20
630 279 52 69 0.9997427 
846 411 75 91 0.99960583 
10 311 55 72 0.9995889 
828 316 51 67 0.9994673 
536 347 72 89 0.99935085 
665 456 71 90 0.99923503 
354 396 44 65 0.9987783 
173 302 41 56 0.9981742 
459 281 48 58 0.99635786 
68 232 31 37 0.9959138 
13 250 43 58 0.9935742 
420 119 38 50 0.9933909 
730 293 28 38 0.985658 
382 305 35 56 0.8994352 
397 35 84 141 0.8467324 
288 285 29 36 0.8347106 
785 293 21 31 0.6311429 
775 286 29 39 0.44043654 
119 294 26 32 0.44001114 
38 602 62 40 0.38646403 
