11_Meeting_Meeting_11_Meeting_Meeting_11_774
100
14 603 51 57 0.99839205 
566 473 21 26 0.99771285 
449 438 19 23 0.996906 
404 439 21 27 0.992035 
741 396 18 21 0.9894968 
800 375 14 16 0.9878576 
530 469 31 27 0.98776394 
234 412 17 19 0.98665875 
599 444 21 26 0.98526233 
348 418 17 21 0.9846362 
499 421 19 25 0.98323095 
708 415 18 20 0.97763956 
472 392 16 21 0.9756846 
765 390 15 18 0.9720482 
194 374 13 16 0.97186726 
272 402 18 23 0.9636209 
300 421 19 23 0.95773286 
597 405 14 20 0.9544397 
427 408 15 17 0.9517781 
131 352 12 15 0.9417247 
741 358 12 13 0.93648916 
128 389 14 17 0.92636436 
174 360 12 17 0.92378134 
296 389 15 17 0.9205659 
423 387 12 14 0.9203007 
819 374 14 16 0.916927 
783 299 9 12 0.9127234 
646 451 18 20 0.9110166 
65 381 13 15 0.90799725 
832 392 13 16 0.90545416 
232 366 11 13 0.90031445 
157 394 12 17 0.8939006 
108 376 13 14 0.88106173 
506 389 16 21 0.8446664 
185 390 12 20 0.8357119 
102 355 13 16 0.83513933 
790 352 12 15 0.82012534 
479 371 12 14 0.8160258 
509 364 11 15 0.810766 
396 387 11 14 0.7915328 
146 367 10 15 0.7894404 
101 396 13 15 0.7418342 
716 371 14 15 0.74117994 
230 377 11 14 0.7390181 
411 361 10 14 0.73880154 
944 326 11 14 0.72753644 
843 365 11 13 0.72311395 
830 308 10 12 0.7188462 
451 378 12 16 0.70874697 
250 380 13 18 0.70430386 
69 367 12 13 0.69913137 
430 356 12 16 0.698392 
480 353 10 12 0.6900592 
309 361 11 13 0.6865638 
661 393 15 19 0.68025833 
883 326 12 15 0.672501 
627 395 14 19 0.66949886 
324 333 9 11 0.62373024 
12 96 9 10 0.61789 
157 346 10 13 0.6046782 
284 371 10 13 0.59973025 
376 368 11 15 0.59274304 
761 45 10 13 0.57890534 
39 100 8 10 0.568609 
395 412 13 19 0.56466234 
67 106 6 8 0.55600107 
201 345 12 14 0.55387497 
582 385 10 15 0.54236263 
107 308 10 10 0.53797835 
274 349 11 14 0.52269834 
348 368 12 16 0.50635415 
321 373 14 16 0.4923108 
458 355 10 13 0.48876134 
607 373 10 14 0.48529956 
127 333 9 11 0.4785578 
654 435 18 25 0.47834367 
358 342 10 13 0.46899033 
824 395 12 15 0.461134 
440 336 9 11 0.45536253 
254 344 10 13 0.45370725 
706 354 9 11 0.44572112 
715 304 8 11 0.44261172 
522 349 9 12 0.434555 
753 376 12 14 0.41987172 
164 117 7 10 0.41831934 
733 348 11 12 0.41355318 
246 361 10 14 0.40356943 
569 379 12 13 0.3779256 
659 389 12 17 0.37579668 
215 304 7 10 0.37410256 
109 338 9 11 0.36986783 
303 353 9 13 0.3668277 
92 100 8 11 0.3651266 
223 330 8 11 0.36278835 
183 346 9 12 0.34938416 
378 348 9 13 0.34369344 
526 419 14 16 0.3221176 
796 45 9 13 0.31688067 
543 467 21 25 0.30661047 
67 348 9 12 0.3016482 
