5_Car_Accident_Accident_5_628
21
176 219 22 30 0.9971091 
856 204 25 30 0.9970458 
266 279 29 33 0.99562895 
231 237 21 25 0.9859912 
327 218 22 26 0.98558205 
76 216 26 28 0.9831376 
376 150 24 34 0.974343 
43 153 22 26 0.95740366 
156 312 28 39 0.94069624 
937 290 23 30 0.9350241 
581 31 24 34 0.8448675 
281 173 20 28 0.7663696 
277 232 17 20 0.75785244 
438 189 22 28 0.69880635 
913 239 20 28 0.6712388 
377 204 33 38 0.54956746 
509 368 31 21 0.45318696 
0 238 14 38 0.44102985 
508 367 39 39 0.36571842 
146 314 30 35 0.3157039 
966 338 25 36 0.30205643 
