1_Handshaking_Handshaking_1_602
24
291 286 16 18 0.95116615 
402 334 29 18 0.92346376 
249 347 29 25 0.91442955 
928 251 27 20 0.8713466 
117 306 25 17 0.8309815 
915 270 11 15 0.65200156 
189 187 10 13 0.63709515 
644 223 10 13 0.631745 
842 236 11 15 0.6012635 
943 242 19 28 0.5998335 
374 240 13 17 0.59952396 
679 316 17 13 0.5686658 
509 224 8 11 0.5471307 
437 232 9 12 0.5211632 
547 225 8 11 0.47738627 
576 220 10 10 0.45628265 
728 258 13 16 0.42436364 
688 226 9 13 0.41804713 
724 258 12 17 0.4178428 
137 197 8 11 0.37464973 
679 231 8 11 0.36920923 
609 230 10 11 0.35281035 
476 218 9 12 0.34063736 
587 602 34 18 0.30877304 
