1_Handshaking_Handshaking_1_579
100
939 426 38 44 0.9991523 
676 363 34 47 0.99872905 
584 320 32 39 0.99841917 
595 420 33 40 0.9968256 
650 278 32 40 0.9958687 
882 272 31 41 0.9954757 
860 341 33 47 0.99526936 
625 235 26 36 0.9933256 
776 352 31 44 0.99252844 
396 380 32 39 0.9922462 
529 312 30 36 0.9921881 
471 347 28 40 0.98950034 
78 360 35 32 0.98917514 
499 406 32 41 0.98896027 
788 411 35 41 0.9840714 
585 251 28 38 0.9829049 
634 196 25 32 0.97973895 
385 279 23 30 0.97600335 
277 308 25 29 0.97230625 
751 304 28 35 0.97007096 
492 281 26 36 0.969838 
415 331 34 41 0.96877384 
147 314 31 37 0.9635979 
530 237 21 28 0.9599866 
441 309 25 35 0.95992684 
586 205 21 25 0.95753926 
837 504 25 45 0.9532376 
499 200 19 26 0.94367105 
859 256 24 35 0.9415116 
132 151 22 24 0.9320717 
307 261 21 26 0.9309621 
273 216 24 32 0.923327 
531 194 21 28 0.92051077 
829 241 25 30 0.92049843 
907 146 20 26 0.92010236 
32 163 21 24 0.91893655 
892 173 26 34 0.914073 
1004 231 20 35 0.91342914 
989 106 13 16 0.9117985 
35 117 15 20 0.9063248 
923 294 22 25 0.8952818 
364 197 21 31 0.88507295 
569 187 20 27 0.88312495 
120 254 22 27 0.88026744 
87 210 23 28 0.8762545 
244 146 18 25 0.8747486 
172 284 22 26 0.87261987 
151 206 21 26 0.8593454 
236 197 24 30 0.85473067 
974 191 24 25 0.8476153 
644 171 18 23 0.84701216 
180 316 29 31 0.83986175 
6 386 35 32 0.8375667 
27 204 22 27 0.8288457 
5 258 19 26 0.82540935 
464 225 22 28 0.8253376 
322 342 35 44 0.8190545 
646 127 15 17 0.8140708 
797 137 14 19 0.8102127 
485 159 19 23 0.798024 
889 472 35 48 0.79780936 
400 208 20 26 0.788811 
199 232 19 25 0.7872232 
734 143 20 25 0.7574509 
264 144 17 24 0.7541891 
445 132 12 18 0.7504856 
719 159 18 24 0.7470012 
662 188 21 27 0.7429639 
377 176 20 26 0.7382671 
74 189 20 24 0.7255658 
426 97 12 18 0.7222141 
948 159 18 23 0.7131024 
961 107 14 18 0.70692056 
927 107 15 16 0.706379 
886 143 19 24 0.69620746 
838 138 18 22 0.691755 
1009 133 15 26 0.68748987 
868 154 15 16 0.6725336 
677 130 14 16 0.6607411 
698 79 12 14 0.6486521 
27 253 18 26 0.6436067 
731 112 13 15 0.64083946 
30 107 13 15 0.63320816 
176 243 20 27 0.63208294 
74 328 27 28 0.6314356 
851 66 11 12 0.62951976 
560 142 19 21 0.6289835 
867 82 12 16 0.6082808 
1 299 19 24 0.6007696 
902 96 14 17 0.5999786 
307 147 18 24 0.5843549 
455 166 20 23 0.5820872 
145 86 12 15 0.58036584 
132 108 14 17 0.58020633 
877 238 21 27 0.57965624 
68 215 18 25 0.56308436 
328 207 18 27 0.5530405 
220 179 20 25 0.5506955 
249 105 12 16 0.5491067 
0 182 14 22 0.5488052 
