8_Election_Campain_Election_Campaign_8_157
24
163 421 36 44 0.9997539 
218 456 22 27 0.999143 
0 470 21 35 0.9981439 
268 441 20 25 0.99814117 
330 464 19 30 0.9970829 
603 459 23 21 0.99381727 
1004 339 20 26 0.98054504 
724 413 20 26 0.9785508 
1004 446 12 12 0.97603613 
335 435 11 13 0.9058835 
822 450 12 18 0.8928517 
442 461 19 25 0.89231426 
808 463 12 16 0.86770713 
803 463 12 16 0.70359313 
747 447 9 17 0.6519416 
763 439 30 35 0.5746064 
588 549 20 20 0.5496785 
663 490 14 21 0.5382969 
877 448 11 14 0.4658907 
920 446 8 11 0.4436716 
906 449 10 13 0.41568932 
562 463 10 14 0.34874818 
586 459 11 18 0.3272088 
958 459 10 13 0.32197326 
