8_Election_Campain_Election_Campaign_8_148
82
587 188 41 52 0.9996978 
571 322 70 80 0.99938774 
427 290 89 109 0.99926347 
2 205 70 98 0.99920446 
242 372 99 130 0.9989893 
961 295 63 74 0.99854195 
812 291 67 71 0.99844754 
310 269 81 99 0.9983644 
676 255 59 67 0.99797577 
508 211 50 64 0.99658257 
746 266 51 60 0.9964432 
890 423 68 71 0.99415004 
430 229 51 59 0.99372077 
195 110 24 32 0.9933876 
1 370 62 141 0.99300295 
479 149 29 36 0.99289906 
373 123 15 20 0.9925362 
129 85 28 32 0.9911471 
620 350 95 111 0.98981375 
755 219 26 33 0.9861821 
904 565 96 145 0.97621006 
510 154 17 23 0.9740577 
375 238 50 85 0.97113657 
553 120 13 21 0.9699247 
480 112 17 22 0.9694521 
615 135 14 17 0.9602133 
554 639 113 112 0.95746124 
103 204 45 54 0.95084095 
566 150 19 23 0.94926757 
808 97 12 15 0.94702303 
325 102 16 23 0.94454426 
10 8 11 16 0.942524 
870 488 80 109 0.94238025 
752 100 12 16 0.9391049 
274 66 10 13 0.9326713 
729 129 16 18 0.89827555 
638 179 22 25 0.88779867 
718 445 94 126 0.87931776 
993 141 19 26 0.8697821 
764 117 14 17 0.8509167 
267 79 11 15 0.82496244 
171 97 21 27 0.8090212 
661 108 10 14 0.80234265 
420 685 78 61 0.7542531 
231 52 10 13 0.7503827 
502 277 62 104 0.7464352 
212 55 11 14 0.73979795 
782 100 11 14 0.7089399 
246 82 12 17 0.707441 
927 136 20 26 0.6891354 
851 121 11 18 0.6777016 
801 125 12 15 0.6763918 
551 101 11 13 0.65097255 
38 12 9 13 0.6412341 
686 92 11 15 0.6264167 
116 21 12 16 0.61374724 
604 86 11 14 0.5872231 
507 96 8 11 0.5822354 
483 86 11 13 0.57875246 
687 121 12 15 0.574997 
226 103 12 18 0.56604403 
795 158 10 19 0.5316508 
893 126 15 19 0.52161777 
839 128 13 17 0.5175629 
605 159 15 19 0.507995 
154 565 70 84 0.50390005 
682 86 10 15 0.474715 
706 114 13 17 0.45799047 
557 76 8 10 0.4367844 
515 257 52 64 0.43303135 
226 549 145 193 0.431488 
706 124 11 14 0.42234 
903 246 36 49 0.42113602 
388 228 64 96 0.36487874 
588 93 8 11 0.35705975 
876 156 20 22 0.35527653 
594 105 10 13 0.3522507 
619 84 10 13 0.34793115 
825 116 12 15 0.3454936 
151 255 43 80 0.34290993 
651 86 9 14 0.3164857 
797 124 13 15 0.3005294 
