8_Election_Campain_Election_Campaign_8_174
100
69 469 44 53 0.9997936 
9 479 44 56 0.99928313 
930 420 30 38 0.99925894 
586 459 41 43 0.99919814 
738 481 61 67 0.9991217 
267 453 30 37 0.9990765 
951 466 40 50 0.9989807 
128 414 35 41 0.99897444 
816 574 90 109 0.99857783 
900 506 60 70 0.99856 
297 487 43 51 0.9985092 
623 502 39 52 0.9983071 
168 519 72 84 0.99817777 
90 394 22 26 0.9978249 
170 456 33 38 0.9974063 
612 418 20 25 0.9969278 
453 449 42 47 0.9967998 
421 427 28 32 0.9963806 
208 434 31 41 0.9960582 
580 415 30 30 0.9959442 
770 379 19 23 0.99473286 
200 478 35 46 0.99291384 
390 531 66 89 0.99281377 
879 461 37 45 0.99248135 
657 421 22 28 0.9921095 
797 398 19 23 0.99192214 
851 387 18 22 0.9918533 
745 444 28 33 0.99131775 
503 345 31 36 0.9908347 
169 426 28 33 0.987854 
160 602 97 81 0.98743606 
310 439 32 40 0.9864326 
35 387 22 26 0.9863492 
980 406 24 30 0.98541206 
806 413 20 25 0.98467827 
643 382 16 17 0.9835502 
693 398 19 23 0.9832171 
655 396 26 28 0.98302495 
172 374 13 16 0.9812082 
956 418 24 34 0.98119056 
823 438 26 40 0.9811385 
433 382 17 21 0.98073053 
761 413 24 25 0.98002326 
260 421 26 29 0.9697129 
989 334 13 14 0.9665365 
49 427 23 26 0.9664205 
854 306 11 14 0.96526825 
936 340 19 20 0.96472657 
727 397 19 23 0.9632076 
53 408 20 22 0.95591915 
306 414 24 30 0.9484551 
494 380 14 17 0.9478321 
213 403 22 28 0.94482285 
756 374 15 18 0.9415309 
323 477 32 42 0.93430793 
579 376 14 18 0.9253428 
434 448 28 38 0.9189513 
674 384 15 16 0.91397375 
246 418 21 30 0.9082333 
51 446 33 37 0.8971828 
669 605 64 59 0.8955313 
1 372 11 15 0.8709197 
1001 437 23 28 0.8482579 
182 350 10 13 0.8226057 
128 375 13 17 0.82132673 
115 338 14 17 0.8207944 
163 348 9 13 0.819337 
345 394 13 18 0.81275046 
930 398 23 26 0.8091117 
336 379 12 15 0.80222803 
1010 364 13 16 0.80152774 
613 359 13 16 0.79452294 
569 383 11 14 0.78205353 
669 460 23 32 0.76163507 
765 440 20 27 0.7592836 
931 298 8 10 0.75263983 
661 376 14 14 0.7479119 
722 378 13 16 0.7342778 
540 372 19 21 0.72210777 
579 343 10 12 0.71280324 
557 357 12 16 0.7048618 
442 327 9 12 0.7026913 
493 331 12 15 0.68824244 
639 339 10 15 0.686611 
721 438 20 26 0.67990386 
185 366 12 16 0.66339374 
88 449 22 27 0.65103966 
791 466 25 29 0.64680517 
425 505 65 82 0.6454058 
430 504 42 60 0.6273684 
393 398 22 28 0.620497 
292 420 21 29 0.60393167 
894 339 12 12 0.56425214 
971 339 9 13 0.5417893 
597 379 13 16 0.5389882 
129 397 19 23 0.5376048 
629 381 13 15 0.53313583 
159 372 10 14 0.5237816 
445 615 108 68 0.5100459 
474 370 13 17 0.5077235 
