8_Election_Campain_Election_Campaign_8_86
21
117 174 57 69 0.99949706 
12 157 51 69 0.99926454 
378 216 43 57 0.9991372 
575 231 56 70 0.9981012 
479 277 34 48 0.99800843 
213 229 36 52 0.99560934 
342 258 32 40 0.93112195 
895 274 42 52 0.92198896 
759 247 29 65 0.8497904 
463 252 27 32 0.81741476 
887 7 105 160 0.5466265 
700 317 64 59 0.5143962 
811 215 32 58 0.49910256 
911 281 24 42 0.4477482 
648 157 90 118 0.44173884 
539 401 97 133 0.43886492 
905 276 27 34 0.4257399 
808 314 28 40 0.41204125 
268 669 22 14 0.3746783 
844 0 139 219 0.31848678 
744 498 98 106 0.31482422 
