35_Basketball_Basketball_35_327
23
540 154 27 35 0.9998493 
969 185 29 36 0.9997677 
84 163 27 34 0.99976736 
764 146 28 35 0.99973243 
465 179 22 29 0.9997309 
24 176 25 32 0.99971694 
829 148 25 33 0.9996389 
791 169 29 39 0.9995931 
384 175 23 27 0.99956375 
738 156 22 31 0.9994843 
916 141 40 54 0.99947244 
435 163 20 25 0.99946266 
186 182 19 25 0.99928576 
249 169 21 26 0.9991026 
411 229 49 79 0.99893826 
635 171 22 26 0.9986524 
665 153 26 32 0.998418 
983 159 22 27 0.99830973 
598 163 20 25 0.9978655 
324 185 19 22 0.9954057 
491 178 18 21 0.9932987 
564 162 15 22 0.9886052 
509 193 17 19 0.95877916 
