35_Basketball_playingbasketball_35_876
59
66 101 76 110 0.9998914 
462 99 81 124 0.9996307 
731 524 22 29 0.99904126 
710 500 21 31 0.9986895 
262 527 24 33 0.99868053 
887 512 22 28 0.997449 
657 501 21 29 0.9974106 
207 528 21 26 0.99697626 
858 485 19 27 0.99633515 
957 506 18 27 0.9953216 
772 499 20 28 0.9946932 
798 501 26 38 0.9941087 
982 519 19 26 0.99188155 
929 518 19 26 0.9918298 
825 474 17 25 0.98210984 
932 415 15 21 0.9817281 
967 346 15 20 0.9795808 
930 449 18 24 0.9756124 
897 460 18 26 0.97367233 
1009 503 15 29 0.97360975 
883 404 16 21 0.9669864 
867 448 16 22 0.9592538 
954 400 16 20 0.95818895 
136 464 17 22 0.95798695 
851 423 15 21 0.95474464 
963 446 17 23 0.95320433 
923 490 16 21 0.9503001 
955 315 15 20 0.9339995 
1002 416 15 18 0.90551364 
210 488 17 22 0.90169775 
89 466 17 21 0.8877261 
104 476 17 21 0.88211626 
998 178 13 17 0.839999 
821 449 14 20 0.8256927 
996 381 14 19 0.8206915 
792 491 14 20 0.8094242 
945 341 14 19 0.77924466 
891 322 13 19 0.7726125 
946 216 17 26 0.7720345 
1005 346 15 19 0.7507681 
993 433 14 19 0.74493873 
680 180 12 19 0.7423092 
10 623 102 140 0.6548795 
865 265 12 16 0.6523682 
954 149 13 20 0.6432262 
159 479 18 26 0.6227014 
725 181 12 16 0.61418295 
817 258 12 16 0.6079763 
769 183 12 16 0.59226394 
907 267 12 16 0.55411524 
191 158 11 14 0.5254181 
983 459 19 26 0.49860576 
844 315 14 17 0.47405705 
834 460 14 20 0.45574027 
586 178 12 16 0.4495717 
305 548 24 26 0.4303915 
635 181 13 19 0.401287 
813 290 14 18 0.3895817 
935 180 13 16 0.3378402 
