35_Basketball_basketballgame_ball_35_389
23
505 227 36 60 0.99890745 
623 586 16 26 0.9808858 
970 583 35 51 0.959247 
565 618 12 18 0.8910313 
222 611 9 15 0.8311017 
926 402 10 14 0.74709845 
157 590 7 11 0.7064692 
322 614 10 17 0.7033107 
256 625 11 15 0.68076473 
152 625 10 14 0.67411304 
27 596 9 11 0.6667182 
85 620 10 14 0.65340316 
61 582 8 10 0.6445137 
545 630 10 10 0.60339487 
136 587 8 14 0.5926637 
18 611 8 13 0.50098896 
982 398 8 13 0.4009559 
547 612 10 12 0.40013805 
17 410 12 19 0.39841205 
915 405 10 14 0.35898364 
343 563 8 13 0.3062087 
502 584 10 14 0.30231974 
287 631 13 9 0.30184087 
