35_Basketball_basketballgame_ball_35_709
100
769 997 31 42 0.9995522 
221 1009 37 40 0.9993389 
524 406 71 64 0.9991916 
883 1010 30 38 0.99918073 
183 985 33 40 0.998166 
347 964 28 35 0.9963541 
62 988 32 38 0.99593323 
4 1005 35 45 0.9922185 
994 931 21 28 0.9904108 
289 995 31 36 0.9883996 
1002 999 22 38 0.98817855 
865 976 21 28 0.9766531 
786 974 24 38 0.97613883 
904 926 22 24 0.97579694 
933 905 19 26 0.97464246 
993 977 27 38 0.9741178 
851 918 20 28 0.966936 
909 956 21 24 0.9669197 
173 941 23 28 0.95808595 
498 994 25 36 0.95802677 
798 808 20 23 0.9578408 
355 832 21 27 0.95263743 
940 981 23 29 0.9404234 
325 778 18 26 0.93810815 
396 871 21 27 0.9357954 
138 961 23 30 0.9337194 
2 967 22 29 0.93304175 
897 978 27 37 0.932827 
246 930 23 28 0.9296402 
997 813 20 25 0.92536056 
974 834 19 25 0.92329574 
870 861 17 25 0.9223947 
138 824 22 31 0.91958 
925 807 20 25 0.9036534 
39 988 26 37 0.9007526 
56 961 21 25 0.877598 
268 987 28 35 0.87418306 
96 975 25 36 0.8725801 
105 829 22 25 0.8499581 
415 755 20 23 0.8417006 
783 714 16 23 0.8277212 
975 863 18 25 0.8174735 
640 602 95 76 0.80982006 
18 858 20 24 0.80409527 
389 789 20 22 0.8012545 
303 731 17 21 0.7997218 
162 992 23 33 0.7965808 
219 759 17 20 0.79603016 
354 754 19 22 0.7946015 
98 931 23 27 0.79352736 
914 866 19 23 0.793434 
263 776 19 26 0.7817659 
965 968 19 26 0.78044087 
828 720 17 23 0.7737687 
278 755 17 23 0.7684542 
946 655 17 21 0.76596564 
241 734 16 23 0.72754157 
983 778 18 24 0.7220868 
54 807 20 23 0.717618 
307 806 18 25 0.7173707 
28 776 17 22 0.71667814 
950 684 16 22 0.71211785 
754 966 17 27 0.6866623 
296 686 17 23 0.68586475 
155 710 18 22 0.68523717 
0 812 13 21 0.68236786 
768 912 25 38 0.67698175 
506 939 20 26 0.6682093 
792 643 16 20 0.66803485 
16 619 16 22 0.6672673 
742 702 15 20 0.66258585 
231 686 16 21 0.657988 
146 673 17 22 0.6516698 
973 909 18 24 0.640421 
392 629 15 21 0.61819243 
323 705 17 22 0.61275864 
976 760 17 24 0.6125339 
881 737 15 22 0.60870504 
985 721 18 21 0.6086682 
193 662 17 20 0.60306126 
816 1011 31 32 0.60118073 
441 702 15 26 0.5937818 
833 775 15 23 0.58102787 
370 648 17 24 0.57281375 
793 836 17 22 0.5692649 
187 732 18 22 0.5632413 
49 634 19 26 0.55996937 
84 858 18 25 0.5397263 
868 774 16 21 0.53525674 
9 554 18 21 0.53190106 
722 573 17 19 0.4997864 
270 706 18 21 0.4945723 
927 735 16 20 0.48940712 
293 623 14 21 0.4870396 
266 957 27 33 0.46872073 
807 780 15 23 0.46486196 
1002 680 16 19 0.4490167 
0 887 21 30 0.42547578 
808 668 13 19 0.41889584 
995 745 16 21 0.39904928 
