35_Basketball_playingbasketball_35_674
43
373 150 57 80 0.999728 
981 25 43 82 0.9993918 
187 134 41 60 0.9989311 
289 114 31 41 0.99845695 
636 42 43 80 0.99762183 
596 274 38 45 0.99720037 
17 234 34 45 0.9970456 
90 7 31 36 0.9965378 
151 64 37 50 0.9958383 
265 85 32 38 0.9937866 
561 101 30 38 0.9922012 
214 75 25 35 0.99194276 
1 90 23 47 0.99175996 
353 11 21 31 0.98916596 
172 16 28 35 0.98811126 
743 52 21 25 0.98729926 
1000 250 23 24 0.98700976 
860 260 30 36 0.98561573 
950 252 22 26 0.9853093 
875 172 27 29 0.9813333 
899 78 24 28 0.9771878 
409 19 23 33 0.976113 
507 33 21 26 0.9724326 
453 46 23 32 0.96201575 
451 18 24 29 0.9594745 
480 108 21 27 0.9440095 
604 28 19 26 0.9336548 
357 93 28 32 0.91659564 
972 181 23 26 0.8814927 
488 147 31 36 0.8807152 
803 53 22 29 0.8719538 
785 90 24 30 0.82845587 
981 125 20 26 0.8236186 
270 14 23 27 0.80310726 
555 35 18 24 0.8024739 
932 85 16 22 0.7630719 
841 135 22 26 0.6592738 
579 74 18 25 0.65631413 
624 68 23 38 0.6429736 
914 287 15 29 0.49962345 
797 124 25 21 0.4492742 
649 265 31 41 0.41110083 
633 45 30 63 0.4072294 
