35_Basketball_basketballgame_ball_35_689
100
207 256 13 16 0.99469274 
317 317 15 22 0.98591876 
672 368 17 20 0.98207057 
469 220 13 14 0.9790363 
602 231 12 14 0.9443095 
987 143 13 13 0.93897873 
625 318 14 18 0.9365463 
653 202 11 15 0.9260449 
690 238 12 15 0.9047073 
524 208 11 14 0.85921395 
910 97 11 15 0.8576034 
343 138 11 14 0.85741836 
970 38 11 14 0.84021 
136 137 11 15 0.8326347 
997 280 13 14 0.8325376 
392 190 12 14 0.8197756 
807 155 11 15 0.81224966 
542 68 10 12 0.8110666 
803 204 11 14 0.79508424 
554 216 11 14 0.7886016 
926 169 12 14 0.7778698 
726 145 11 13 0.77148 
939 71 9 14 0.7676438 
581 194 11 15 0.7501913 
722 184 12 13 0.7498905 
299 11 10 14 0.74554646 
551 195 11 14 0.74542373 
67 148 12 14 0.74315876 
422 174 11 14 0.732993 
666 225 11 16 0.72970766 
591 218 12 15 0.7286432 
872 199 12 14 0.7278251 
122 196 12 14 0.72310036 
825 64 9 12 0.72219205 
29 145 12 13 0.72202826 
450 202 11 14 0.72174025 
656 71 10 12 0.716553 
96 153 12 14 0.71523356 
931 39 11 13 0.7141596 
698 175 11 13 0.7108148 
21 123 11 13 0.70474946 
959 191 11 13 0.6953623 
698 379 15 17 0.69226384 
616 72 12 14 0.6863718 
184 155 11 12 0.6853322 
630 201 11 13 0.6849202 
871 133 11 13 0.68431497 
448 179 11 13 0.6833793 
550 303 13 18 0.6759962 
515 190 11 14 0.67364806 
414 108 10 13 0.669441 
831 95 10 12 0.668361 
479 117 12 14 0.66562694 
953 270 12 15 0.6619388 
422 202 11 14 0.6600551 
708 58 9 12 0.6592531 
894 78 10 13 0.65648097 
986 108 10 13 0.64381814 
476 144 10 14 0.63490975 
437 144 11 13 0.63174385 
654 104 11 14 0.630246 
219 121 11 13 0.620106 
803 88 11 14 0.6181509 
742 19 10 12 0.61153036 
444 81 10 13 0.60005665 
411 143 10 12 0.59813803 
294 68 11 14 0.59506464 
238 92 10 13 0.58912885 
580 133 11 12 0.5883244 
659 169 12 14 0.58720124 
62 69 9 11 0.58629334 
272 164 12 13 0.5847921 
383 141 9 12 0.5740415 
520 91 10 13 0.57180864 
241 126 11 13 0.5690228 
674 45 10 13 0.5665582 
246 61 11 13 0.56464106 
55 99 9 12 0.5646118 
518 64 11 13 0.5643013 
353 103 10 14 0.5627361 
882 175 11 14 0.5615559 
284 132 11 13 0.55839753 
175 114 11 13 0.5517725 
954 19 9 12 0.5431822 
582 65 11 13 0.5400845 
146 18 10 13 0.5383332 
894 45 10 10 0.52667606 
50 127 9 12 0.5255487 
206 5 9 10 0.52011096 
153 48 11 14 0.5176165 
203 118 11 13 0.5139867 
83 18 9 11 0.5139211 
229 1 10 13 0.50831133 
615 134 10 11 0.5075278 
35 67 10 12 0.507183 
576 93 10 13 0.50680536 
966 229 11 12 0.49950817 
556 162 11 13 0.49802646 
519 3 9 12 0.48853385 
98 134 12 13 0.4817349 
