35_Basketball_basketballgame_ball_35_64
63
474 219 64 86 0.99984336 
291 233 67 86 0.9998006 
125 285 57 79 0.99969304 
590 204 69 98 0.9996518 
101 200 40 52 0.99951005 
905 168 56 93 0.99933904 
806 180 38 54 0.99912554 
685 205 78 103 0.9987826 
0 245 27 37 0.99873835 
33 244 56 67 0.99849784 
493 163 33 35 0.9976119 
344 153 26 34 0.9975956 
590 79 33 34 0.99750996 
238 246 31 40 0.9974367 
657 103 33 43 0.9973756 
951 173 73 122 0.9967632 
869 57 26 36 0.994705 
536 17 24 33 0.99439985 
399 148 28 34 0.99295145 
142 108 24 31 0.99227285 
97 130 23 31 0.9921157 
273 127 27 32 0.9915707 
192 218 29 34 0.9906764 
441 111 29 38 0.98998195 
282 217 27 49 0.9886572 
151 140 25 32 0.9882289 
236 191 31 37 0.98817223 
464 64 26 31 0.98789656 
416 115 24 31 0.98416084 
390 70 22 28 0.98407006 
565 195 39 51 0.9836277 
449 5 24 28 0.9834722 
416 18 21 24 0.97963595 
34 159 23 23 0.9792883 
0 297 30 58 0.97883564 
526 94 23 31 0.972454 
243 165 27 33 0.962555 
27 79 18 22 0.9571678 
56 193 19 28 0.9554444 
181 79 24 25 0.9387651 
91 42 19 22 0.9051746 
624 7 20 27 0.89737195 
170 250 31 39 0.89732236 
76 215 25 32 0.88988465 
724 98 30 34 0.83678466 
159 6 17 21 0.8093381 
211 105 28 30 0.79076236 
378 169 19 25 0.78684074 
208 9 19 24 0.78569406 
3 222 24 28 0.7533278 
270 7 19 23 0.7436129 
243 69 27 27 0.70843637 
339 0 21 18 0.6365652 
688 186 45 59 0.61371404 
65 0 15 15 0.5511112 
48 44 17 22 0.5415477 
720 578 70 92 0.53170294 
297 2 14 17 0.52554375 
3 113 17 25 0.5226371 
301 96 20 23 0.49676356 
457 305 38 48 0.44646448 
1007 86 17 30 0.39485237 
455 48 19 27 0.32215792 
