35_Basketball_basketballgame_ball_35_256
19
527 51 64 96 0.99984264 
936 354 46 58 0.99951005 
228 69 56 63 0.99840766 
760 352 49 57 0.9974693 
888 378 39 46 0.9968958 
869 328 42 53 0.9968669 
720 240 41 51 0.99438226 
954 167 43 48 0.9936407 
988 340 29 55 0.98033166 
360 57 42 54 0.9689525 
356 151 36 49 0.96855 
467 157 43 63 0.9640549 
951 51 31 42 0.9585933 
921 117 34 48 0.88248086 
756 324 40 46 0.8709503 
0 308 40 76 0.68629396 
779 113 31 41 0.67555547 
669 262 40 51 0.6459487 
846 165 35 46 0.449063 
