35_Basketball_Basketball_35_107
70
44 204 74 110 0.9998056 
421 61 124 172 0.99979275 
931 441 35 40 0.99949276 
691 548 46 50 0.99897754 
618 449 31 37 0.9982337 
892 378 28 32 0.99757856 
743 480 32 41 0.9972191 
851 387 28 31 0.99689144 
948 370 28 34 0.99665076 
747 379 23 25 0.9945476 
664 442 36 39 0.9935335 
605 516 48 59 0.993152 
734 349 21 24 0.98727846 
817 410 24 26 0.9864958 
680 507 39 46 0.97412914 
201 328 18 20 0.96387446 
1007 344 17 24 0.95432526 
687 203 17 22 0.943247 
854 303 20 25 0.94293934 
857 355 20 23 0.9405948 
916 121 18 23 0.91298676 
225 358 22 24 0.90858823 
99 159 17 17 0.907081 
994 486 30 75 0.9022007 
948 496 42 53 0.90116996 
788 348 18 23 0.84166986 
319 64 15 20 0.8323674 
1010 384 14 22 0.80248237 
336 123 15 19 0.8012995 
166 286 18 22 0.80055666 
1007 103 17 22 0.7867259 
231 119 15 21 0.78057015 
615 107 15 19 0.7671574 
0 489 37 85 0.7669626 
221 69 13 17 0.72859365 
389 30 14 21 0.72112954 
292 121 14 19 0.708966 
880 91 16 21 0.7053662 
585 28 13 20 0.7009724 
628 80 13 20 0.6984185 
818 93 17 19 0.68821126 
782 224 16 21 0.68081576 
925 363 19 23 0.68033487 
312 164 14 20 0.67667115 
727 232 18 23 0.6573098 
767 361 21 19 0.65474993 
979 148 16 18 0.6545898 
848 134 15 17 0.6390458 
365 87 15 20 0.6132807 
775 95 16 18 0.6065085 
3 171 14 16 0.6019133 
683 78 15 18 0.57669336 
274 68 12 15 0.5665836 
337 30 12 17 0.56176215 
813 151 16 18 0.5515695 
167 71 13 17 0.537802 
263 168 14 19 0.5366897 
814 336 26 26 0.52932256 
211 101 16 19 0.52829707 
22 3 14 14 0.52617705 
744 45 15 18 0.5043025 
292 40 13 18 0.5040317 
786 160 16 18 0.49731925 
838 221 17 22 0.48687148 
589 0 15 17 0.4851345 
746 11 16 17 0.48374957 
199 43 13 18 0.42790657 
711 360 15 18 0.40215224 
800 186 15 19 0.39105585 
637 24 15 21 0.30099097 
