7_Cheering_Cheering_7_345
27
2 310 20 32 0.99789125 
793 393 26 32 0.99730957 
264 393 24 29 0.9966948 
351 401 25 28 0.9966366 
554 352 23 27 0.9961404 
580 394 28 27 0.9954461 
453 159 25 35 0.9890148 
253 370 24 29 0.986516 
601 188 27 38 0.98040694 
230 378 22 27 0.9752539 
449 172 29 26 0.8943526 
856 357 24 29 0.8715492 
899 358 30 30 0.83345187 
332 419 18 32 0.74000984 
434 266 25 34 0.7361044 
19 379 26 29 0.7139654 
467 390 18 31 0.7098681 
687 428 18 28 0.5588927 
681 238 12 22 0.5302065 
395 381 63 45 0.48127344 
868 351 21 26 0.40296164 
88 375 23 27 0.37264296 
206 502 38 32 0.34314433 
144 412 33 45 0.32514685 
159 408 21 31 0.3034878 
440 386 21 27 0.3031257 
807 441 30 26 0.30049157 
