7_Cheering_Cheering_7_171
100
293 270 16 21 0.9996176 
351 272 13 18 0.9994266 
423 64 14 17 0.99918836 
348 237 15 20 0.9989882 
955 329 13 15 0.99884427 
149 117 17 16 0.99866605 
262 186 13 16 0.9981213 
200 35 13 16 0.9977919 
187 0 14 14 0.9977627 
161 31 13 16 0.99771994 
425 312 17 22 0.99754936 
536 189 12 16 0.99685174 
554 297 15 15 0.99677783 
753 211 13 17 0.99660957 
620 296 13 18 0.9962496 
340 320 14 17 0.99612385 
57 85 13 17 0.99576557 
691 251 14 17 0.9957503 
611 238 12 16 0.99566525 
602 263 17 17 0.99539256 
1009 268 11 13 0.99530005 
98 162 14 17 0.9949243 
472 182 14 17 0.9947218 
881 296 12 16 0.9936888 
275 90 12 16 0.9934344 
305 220 14 17 0.99331325 
602 220 12 16 0.99266994 
157 208 13 18 0.99256694 
131 144 13 17 0.9924315 
463 229 14 18 0.9923929 
651 247 13 19 0.99221885 
512 260 13 16 0.99196106 
906 252 13 14 0.99114436 
639 300 14 16 0.9907577 
118 7 12 15 0.9907024 
534 245 12 17 0.99035954 
391 253 12 16 0.989767 
551 126 13 17 0.9892852 
20 79 15 18 0.9890537 
813 164 11 15 0.98852366 
499 239 13 15 0.9883989 
441 145 12 15 0.9880995 
581 251 12 16 0.988091 
133 174 15 16 0.98771966 
491 127 12 16 0.9875252 
321 242 14 20 0.9873848 
499 160 14 17 0.9869845 
963 263 10 12 0.9867557 
497 215 13 16 0.98669827 
385 407 17 23 0.98652923 
548 102 12 15 0.985824 
386 65 12 17 0.985769 
515 106 11 13 0.9846544 
26 391 15 19 0.98459375 
570 134 11 15 0.98380786 
386 123 13 16 0.98368245 
936 219 12 14 0.98265934 
156 151 13 14 0.9825979 
628 228 12 16 0.98234034 
445 77 11 14 0.9817785 
681 81 11 14 0.981517 
223 62 11 15 0.98139143 
975 300 13 15 0.98117584 
476 206 11 16 0.98041874 
425 110 12 16 0.9788751 
997 265 9 14 0.9786169 
724 308 13 16 0.9784132 
901 326 12 15 0.97753555 
435 284 18 21 0.9766277 
873 194 10 13 0.9759494 
623 70 11 12 0.975663 
523 211 15 16 0.9754784 
329 3 12 15 0.9749023 
658 212 12 16 0.97416353 
330 55 14 16 0.97406274 
669 190 11 12 0.97278464 
728 287 14 15 0.9723972 
419 149 14 17 0.97204596 
991 308 12 15 0.9718108 
661 89 12 13 0.9717091 
854 291 11 15 0.9714713 
689 92 11 15 0.97003615 
926 235 12 15 0.9697528 
551 263 13 17 0.96899277 
87 91 14 19 0.968473 
176 10 12 16 0.9683257 
997 245 11 13 0.96687007 
6 13 12 13 0.96674055 
470 27 12 15 0.9665049 
708 255 14 14 0.9657146 
303 0 12 14 0.9649299 
0 83 9 16 0.96314913 
478 83 12 13 0.9629202 
618 88 11 14 0.9625568 
514 33 10 15 0.9606619 
861 227 10 14 0.95998913 
358 53 12 18 0.9593809 
636 107 12 14 0.95924467 
811 182 10 15 0.9589626 
878 172 10 14 0.9588804 
