28_Sports_Fan_Sports_Fan_28_7
100
468 645 119 148 0.99961853 
872 1126 100 144 0.9992956 
950 853 61 90 0.9987478 
840 540 27 28 0.9985429 
589 636 33 38 0.99696714 
83 880 76 85 0.996935 
143 677 58 59 0.99585587 
652 580 24 37 0.99050343 
298 434 20 25 0.9874184 
262 346 19 26 0.9816968 
926 693 43 45 0.97987396 
805 416 21 23 0.9738666 
196 559 30 34 0.9723689 
978 668 34 35 0.95985484 
811 808 35 40 0.9497289 
819 541 20 19 0.94141865 
209 664 37 43 0.9402912 
540 602 37 36 0.9287652 
8 75 16 17 0.9264997 
586 91 16 17 0.9242025 
187 417 29 26 0.921332 
283 365 19 19 0.917083 
8 565 33 44 0.9138731 
55 789 47 44 0.91274536 
871 221 15 18 0.9108329 
864 352 17 19 0.87528765 
882 299 20 18 0.8612601 
88 13 15 15 0.85053384 
33 388 21 23 0.8335533 
54 266 17 19 0.82897455 
189 307 30 29 0.82590663 
23 293 21 22 0.8091173 
74 237 17 20 0.80662906 
972 297 14 16 0.8039079 
166 526 25 34 0.80275834 
85 202 22 20 0.7941457 
49 225 18 20 0.78885376 
168 91 14 17 0.78535515 
372 1 19 18 0.7641576 
604 510 21 21 0.7625982 
992 485 31 33 0.7620165 
130 126 16 18 0.75602275 
292 916 64 63 0.7550376 
289 279 15 20 0.74867517 
819 119 14 14 0.7298778 
150 876 43 67 0.7277068 
161 219 16 16 0.7267688 
255 156 16 22 0.7201459 
219 222 18 18 0.71644914 
302 105 14 17 0.7156069 
141 259 17 21 0.7032828 
921 313 14 15 0.7009391 
704 108 15 17 0.6931953 
923 232 16 20 0.6812748 
98 559 50 61 0.6805019 
1003 232 18 22 0.67426664 
111 39 15 18 0.67021096 
36 126 16 18 0.66170925 
124 9 14 16 0.6593738 
914 385 16 16 0.63424796 
819 1229 57 106 0.6330956 
917 191 14 17 0.62680936 
833 232 11 14 0.6086466 
922 170 13 15 0.5826626 
874 130 17 17 0.55264276 
954 108 13 15 0.5507825 
931 114 16 16 0.5420746 
797 262 16 17 0.53429985 
139 211 16 18 0.533411 
941 277 16 18 0.53272337 
812 183 23 22 0.5299784 
476 7 13 17 0.5282734 
995 198 14 16 0.52783805 
958 454 18 18 0.52345 
20 17 13 17 0.486519 
997 596 19 27 0.4724951 
803 141 12 13 0.46128336 
59 562 18 21 0.45253998 
630 51 13 15 0.4482662 
971 125 14 16 0.42344707 
978 80 12 14 0.42146888 
684 63 14 16 0.41887212 
860 168 15 17 0.41258538 
882 403 14 17 0.40705186 
126 310 19 21 0.40473536 
286 669 68 80 0.39030674 
659 40 16 16 0.39007205 
57 853 115 109 0.38908657 
211 358 21 20 0.3829959 
997 581 27 46 0.38284743 
959 202 14 16 0.37790498 
246 631 54 74 0.37194744 
42 327 18 17 0.37171707 
492 581 32 35 0.3710374 
83 204 17 16 0.36916837 
602 50 15 15 0.36431384 
125 384 21 20 0.3576156 
211 91 16 19 0.35587588 
177 32 15 18 0.35147208 
846 48 12 12 0.35146862 
