12_Group_Group_12_Group_Group_12_367
24
324 365 26 32 0.9998135 
547 368 26 32 0.9996686 
203 340 25 30 0.99950516 
259 366 27 32 0.9993637 
695 351 26 34 0.99935275 
213 297 27 31 0.9993211 
519 285 25 29 0.9991604 
652 323 25 29 0.99911433 
518 337 24 30 0.9989925 
627 355 24 34 0.998946 
394 343 24 28 0.9978933 
458 355 26 30 0.99694735 
611 291 23 32 0.99614066 
566 323 22 29 0.9959325 
423 282 26 29 0.9926258 
201 258 23 26 0.9901051 
635 264 22 28 0.9899059 
286 307 22 26 0.98979086 
560 281 21 26 0.9885294 
351 294 24 27 0.98591006 
292 262 21 27 0.9857837 
438 331 21 28 0.98112017 
382 270 23 26 0.9807372 
469 281 22 25 0.9761919 
