12_Group_Team_Organized_Group_12_Group_Team_Organized_Group_12_583
24
257 225 54 55 0.99979216 
921 248 38 43 0.99893504 
990 152 29 33 0.99669003 
572 221 22 31 0.9960919 
812 291 62 74 0.9960561 
141 41 35 36 0.99531615 
526 282 37 49 0.9892406 
701 143 22 26 0.98717636 
434 213 25 33 0.9848644 
828 225 30 31 0.9840814 
829 172 26 30 0.95346534 
394 177 20 21 0.9432171 
665 190 27 32 0.9399976 
362 76 19 21 0.91879416 
546 227 20 20 0.8470635 
536 137 22 25 0.8305943 
260 64 19 21 0.7851545 
610 147 35 35 0.7163821 
483 64 21 21 0.6444666 
377 99 40 57 0.5288464 
566 75 17 23 0.40236938 
760 135 18 22 0.37393695 
550 170 27 25 0.35121143 
532 178 23 21 0.31863242 
