12_Group_Group_12_Group_Group_12_249
19
588 306 41 43 0.99998796 
494 566 68 76 0.9999734 
143 19 68 67 0.9999733 
466 134 37 42 0.99996305 
825 418 34 37 0.9999552 
981 606 37 39 0.9999325 
516 203 43 43 0.99990404 
455 197 45 46 0.9999033 
404 390 48 59 0.99981564 
342 283 55 55 0.9998104 
880 531 34 36 0.9998024 
884 478 34 34 0.99975246 
938 552 35 38 0.9996774 
554 249 47 47 0.99962795 
619 375 45 48 0.9985983 
742 361 29 32 0.9984883 
765 410 27 31 0.99655104 
717 332 29 29 0.96758795 
279 186 40 40 0.45673835 
