12_Group_Group_12_Group_Group_12_80
21
181 292 41 47 0.9997309 
768 280 34 45 0.99965024 
303 303 34 39 0.99949074 
420 224 36 45 0.99928075 
71 140 33 40 0.99877995 
931 133 31 37 0.99823725 
349 127 32 38 0.99815494 
872 279 33 42 0.99766445 
539 223 37 43 0.99748176 
469 122 34 38 0.9974011 
803 116 31 37 0.9971601 
281 116 35 39 0.9971078 
652 216 35 47 0.99657553 
595 115 32 34 0.99649674 
131 111 33 40 0.9963827 
837 168 29 37 0.99622524 
523 100 31 35 0.9957573 
407 104 30 37 0.9956202 
221 126 33 40 0.9941889 
640 113 33 40 0.9941194 
704 122 28 35 0.9873148 
