12_Group_Large_Group_12_Group_Large_Group_12_315
43
692 410 35 42 0.99891126 
578 404 33 46 0.99886096 
793 257 27 34 0.9975067 
808 388 37 43 0.9974095 
753 267 31 37 0.9968348 
495 379 31 36 0.99675226 
682 274 27 34 0.99579775 
180 407 26 32 0.99403894 
646 304 31 36 0.992466 
258 407 24 33 0.991089 
116 423 27 33 0.98868084 
368 358 25 30 0.98795253 
883 418 21 25 0.98582447 
600 302 26 31 0.9855788 
227 332 22 27 0.9843971 
535 331 23 28 0.97463834 
334 380 22 27 0.96932316 
294 358 19 25 0.9692508 
186 340 22 27 0.96890444 
119 345 22 25 0.96661556 
926 409 20 23 0.95759064 
949 448 23 26 0.9511343 
429 346 20 24 0.94206625 
882 392 20 24 0.93913424 
863 411 19 24 0.9286964 
156 340 21 25 0.9274436 
505 313 20 28 0.91095656 
322 350 18 21 0.8912389 
264 337 19 25 0.86826926 
479 331 20 25 0.8184314 
500 270 18 21 0.81513983 
191 316 21 24 0.8068025 
954 385 18 19 0.7435925 
319 321 19 23 0.6672112 
209 338 18 24 0.6530168 
446 329 19 24 0.6083798 
489 303 18 22 0.5922206 
371 318 18 25 0.5042854 
348 308 17 20 0.47228473 
385 287 18 22 0.42774236 
131 326 20 22 0.42481965 
898 351 16 19 0.31063586 
389 314 17 22 0.3005634 
