12_Group_Large_Group_12_Group_Large_Group_12_253
48
389 427 40 46 0.99993706 
486 364 32 42 0.99971694 
658 385 31 36 0.99967194 
679 321 28 35 0.9992231 
39 264 33 39 0.9991936 
129 414 39 47 0.9991254 
590 421 29 37 0.9990657 
971 389 33 39 0.99894744 
356 226 28 35 0.9988869 
616 285 28 32 0.99872273 
244 400 32 40 0.99860805 
873 387 29 36 0.9982218 
160 264 32 37 0.99797636 
351 419 31 40 0.99797446 
759 373 27 30 0.99761355 
280 260 27 35 0.9975268 
297 226 25 34 0.99639577 
606 321 25 34 0.99613535 
545 333 30 40 0.99537116 
796 232 24 31 0.99536586 
23 434 31 44 0.9944745 
935 258 26 33 0.9938194 
860 249 27 34 0.9930837 
636 225 24 29 0.9914096 
213 269 30 32 0.9911596 
89 242 26 34 0.9907693 
394 199 24 28 0.9892882 
459 232 27 34 0.98809683 
409 235 26 34 0.9864563 
499 209 22 29 0.9847232 
160 209 26 33 0.9823711 
613 209 20 28 0.9689491 
29 202 24 32 0.9569703 
563 321 22 32 0.9567795 
765 259 21 27 0.9562747 
206 196 24 29 0.95591456 
709 245 23 31 0.9554935 
331 199 22 31 0.95298463 
560 204 22 28 0.9510665 
0 240 21 33 0.94843745 
766 201 21 28 0.94561434 
682 236 21 29 0.94432425 
261 219 22 27 0.9307869 
731 232 22 30 0.92836595 
859 223 24 26 0.9273324 
895 239 21 30 0.9227928 
458 204 22 26 0.8586683 
118 199 23 31 0.810618 
