56_Voter_peoplevoting_56_122
34
903 33 38 48 0.99882275 
689 48 39 60 0.9956579 
80 69 38 42 0.9955379 
837 48 39 58 0.98965245 
936 76 38 59 0.989622 
560 77 32 54 0.9885428 
297 17 22 27 0.9859578 
485 13 32 43 0.98506933 
269 111 54 57 0.9811679 
348 27 26 33 0.9785411 
421 137 25 31 0.97792655 
963 12 31 43 0.97729003 
441 37 24 38 0.9770445 
532 12 29 39 0.96810573 
621 56 29 42 0.948146 
23 369 164 199 0.852439 
668 0 24 29 0.8473119 
402 8 21 32 0.83213377 
607 15 33 45 0.77945364 
866 268 20 24 0.75557745 
460 0 18 22 0.730207 
690 358 91 93 0.69736296 
259 12 26 35 0.6855011 
774 41 26 37 0.6452144 
800 15 30 32 0.6205274 
150 55 32 47 0.58699244 
207 33 22 28 0.52543366 
592 400 82 46 0.5036213 
576 0 23 32 0.45614523 
598 0 18 32 0.42993557 
706 0 36 45 0.41925964 
208 25 18 24 0.38223165 
787 0 29 20 0.37638637 
276 65 35 41 0.32873154 
