56_Voter_peoplevoting_56_781
19
364 196 61 74 0.9996612 
649 155 32 36 0.9985384 
775 124 26 30 0.99186885 
600 138 21 25 0.9824472 
96 64 68 76 0.9799422 
289 109 41 52 0.9793243 
59 393 190 165 0.9395048 
359 78 73 85 0.85881627 
385 94 58 71 0.85333145 
222 138 25 25 0.8470231 
645 119 23 31 0.8385067 
833 129 13 17 0.8080597 
815 133 14 24 0.7599636 
677 110 26 35 0.73779345 
950 135 18 19 0.6504834 
752 114 19 29 0.567497 
997 120 17 23 0.5203003 
915 172 14 19 0.3546401 
511 519 29 19 0.34305486 
