56_Voter_peoplevoting_56_268
40
740 230 27 33 0.9996681 
244 276 33 38 0.99960834 
390 255 29 36 0.9982943 
633 194 15 18 0.99611986 
806 218 24 31 0.9960334 
863 232 23 29 0.9938286 
661 221 26 31 0.99157554 
472 218 26 31 0.98939764 
263 223 20 23 0.9745506 
417 224 21 27 0.9650696 
222 202 17 22 0.96331733 
678 193 14 17 0.95557046 
139 217 20 22 0.9543143 
334 231 21 27 0.93287814 
24 182 14 15 0.87346905 
300 210 14 17 0.8632552 
411 195 13 17 0.8491966 
516 216 13 17 0.8475479 
595 208 12 15 0.84554166 
834 220 18 22 0.8427238 
371 178 11 15 0.83225626 
394 184 12 16 0.8081094 
356 201 15 17 0.80602664 
127 191 12 15 0.7429309 
74 184 12 14 0.7318992 
111 183 10 15 0.7075856 
237 248 20 22 0.69355714 
447 217 15 20 0.68072695 
200 183 12 14 0.64702666 
241 185 14 15 0.6449652 
940 205 20 22 0.6367208 
358 226 13 18 0.5591984 
613 244 18 22 0.4713878 
187 198 12 13 0.45082706 
862 201 14 18 0.4376724 
565 229 15 28 0.395298 
278 179 16 22 0.39154145 
157 188 12 12 0.37846717 
769 225 18 22 0.34849796 
169 222 15 16 0.3354966 
