24_Soldier_Firing_Soldier_Firing_24_691
24
777 320 28 34 0.9997329 
270 307 31 34 0.99916375 
879 453 31 42 0.99913555 
97 115 36 55 0.9990606 
666 317 25 28 0.9988973 
294 278 26 32 0.99869424 
237 215 25 30 0.99867356 
418 339 25 29 0.9986571 
823 385 33 42 0.99863964 
503 312 25 27 0.9985286 
821 301 22 26 0.99832124 
622 304 24 28 0.9967415 
741 295 26 32 0.99643755 
562 326 23 26 0.9951159 
366 305 22 24 0.99400926 
877 325 31 36 0.9901433 
804 369 24 31 0.98943955 
957 301 20 23 0.984821 
266 269 23 27 0.98143744 
439 310 24 26 0.9800387 
547 271 23 25 0.9780789 
411 247 23 25 0.94152653 
579 267 21 21 0.9360066 
726 306 17 23 0.46023765 
