33_Running_Running_33_316
34
856 204 47 57 0.99960226 
221 165 44 57 0.9995347 
404 185 45 55 0.9995272 
627 182 45 59 0.9995152 
154 188 40 49 0.99941826 
760 149 49 69 0.9994004 
354 175 36 49 0.99870884 
528 223 38 51 0.99854857 
265 173 34 46 0.9984938 
693 152 20 24 0.98709214 
426 160 33 44 0.97456783 
326 171 26 36 0.9745113 
186 132 14 17 0.959453 
894 121 13 16 0.9073683 
49 108 12 19 0.89936966 
573 131 13 16 0.88859296 
854 113 13 19 0.8840365 
786 123 14 17 0.8799063 
429 124 14 19 0.8669804 
102 159 13 14 0.8618994 
293 105 12 17 0.8271514 
666 133 13 17 0.8186013 
718 139 14 17 0.8081674 
371 134 13 16 0.77276766 
823 128 11 16 0.6578201 
476 229 35 35 0.64016277 
824 112 13 13 0.6377641 
914 133 12 16 0.5804449 
545 126 11 15 0.53855383 
412 108 10 14 0.46740174 
221 106 9 14 0.4429425 
273 129 12 15 0.42984763 
472 130 9 12 0.343659 
327 112 11 12 0.33048004 
