33_Running_Running_33_786
28
952 113 15 17 0.9992812 
129 376 27 33 0.9989918 
916 449 22 32 0.99897134 
503 459 35 42 0.99872833 
50 465 12 14 0.99866986 
505 119 32 41 0.9983144 
731 454 32 45 0.9981261 
315 373 16 22 0.9977596 
342 465 9 14 0.99722254 
888 339 14 19 0.99708766 
899 121 15 17 0.99631006 
521 240 29 33 0.9951658 
944 353 13 15 0.9946321 
279 227 17 21 0.9938076 
976 342 10 18 0.9917129 
90 457 12 15 0.98820114 
142 463 13 15 0.98681086 
701 123 28 32 0.97095674 
921 134 8 10 0.9573861 
331 252 20 20 0.9421605 
551 338 8 12 0.94194436 
512 340 9 11 0.9280305 
451 339 8 12 0.87938976 
76 384 15 27 0.7871755 
847 138 6 8 0.7274374 
111 246 7 9 0.67311954 
712 330 15 18 0.55957204 
248 454 9 12 0.45076236 
