18_Concerts_Concerts_18_127
19
358 226 57 84 0.9998448 
151 268 67 94 0.999154 
734 186 54 74 0.99901736 
661 166 55 80 0.99879754 
802 189 44 61 0.99869496 
525 219 61 72 0.99832815 
245 131 36 51 0.99816966 
945 192 43 56 0.99648213 
443 233 47 76 0.99646425 
171 164 49 66 0.99600106 
271 226 55 98 0.99537873 
304 178 43 56 0.9951486 
910 200 43 61 0.9942967 
8 191 46 64 0.98616517 
49 178 34 47 0.97978127 
845 202 30 42 0.97741115 
450 180 39 52 0.94585997 
566 189 39 58 0.6857861 
402 185 26 34 0.4073992 
