18_Concerts_Concerts_18_66
35
443 369 59 91 0.99982846 
435 256 40 51 0.99976224 
491 332 63 82 0.99968493 
643 422 58 73 0.99925095 
628 246 34 54 0.99914765 
809 261 37 56 0.9991086 
749 331 49 67 0.9976223 
287 463 74 62 0.9968131 
190 323 38 42 0.9947482 
196 246 35 43 0.9947038 
923 292 39 47 0.99302703 
892 351 44 56 0.9904936 
69 320 60 55 0.98828006 
387 219 26 36 0.98792005 
224 308 52 74 0.9817885 
479 198 23 32 0.91995925 
229 201 22 24 0.8801011 
299 289 34 42 0.86440617 
1001 182 22 26 0.86280304 
578 313 45 58 0.80545944 
404 197 21 28 0.7996086 
211 166 22 26 0.7573166 
15 209 31 30 0.7342327 
19 264 37 44 0.72458726 
958 477 64 73 0.7133049 
507 178 20 30 0.6849059 
962 204 37 57 0.67326576 
170 200 23 29 0.5961906 
361 186 19 25 0.5853748 
3 518 112 68 0.53890085 
782 171 28 32 0.5181239 
58 202 34 37 0.44908887 
325 311 53 66 0.44627792 
104 254 32 32 0.35771504 
641 179 19 26 0.3555629 
