0_Parade_marchingband_1_188
28
920 486 10 14 0.9880542 
252 500 11 15 0.98552763 
575 569 11 13 0.9681562 
549 516 11 14 0.9549879 
442 549 11 14 0.8560755 
521 365 10 14 0.7529363 
707 406 11 14 0.721773 
159 370 8 9 0.71013623 
686 348 11 15 0.6621476 
693 282 9 11 0.6308943 
64 323 8 10 0.613442 
49 427 10 10 0.57765406 
554 263 9 12 0.5581206 
240 326 9 12 0.5567439 
343 321 7 11 0.53905374 
332 268 7 10 0.5039519 
211 415 9 12 0.49276343 
503 280 9 10 0.47731256 
796 358 10 14 0.4770813 
784 384 10 12 0.43744048 
301 377 8 9 0.43557972 
451 320 8 12 0.429714 
499 402 9 13 0.38715547 
601 407 10 13 0.38561735 
588 324 8 11 0.38177335 
118 335 8 9 0.38122296 
854 428 10 13 0.35711306 
706 367 11 14 0.3485106 
