0_Parade_marchingband_1_629
36
110 373 11 15 0.9948367 
35 377 11 14 0.9878126 
235 364 10 14 0.9744961 
464 358 10 14 0.9732772 
393 360 10 13 0.9715853 
956 393 15 23 0.9637757 
427 362 9 12 0.94975936 
611 370 10 15 0.94109327 
139 360 10 13 0.9345719 
562 369 10 13 0.9313924 
359 362 9 11 0.91889924 
791 373 9 17 0.9099851 
2 350 10 11 0.8991859 
863 384 9 18 0.8895203 
54 335 10 11 0.8849582 
509 366 11 15 0.87966114 
863 354 9 14 0.869041 
327 357 9 12 0.86502 
794 352 11 13 0.86465377 
290 382 8 17 0.8511801 
636 326 10 13 0.8429229 
826 341 7 9 0.8329583 
294 353 9 12 0.82508194 
716 396 8 16 0.81915313 
496 331 9 12 0.8133104 
578 321 10 13 0.79902834 
651 375 8 15 0.72603047 
776 339 7 9 0.69026625 
780 0 102 26 0.66172194 
429 321 9 11 0.6180672 
484 334 7 10 0.61305124 
736 355 7 9 0.5663097 
405 326 9 10 0.52314115 
714 334 7 10 0.4126534 
531 323 9 11 0.36338565 
728 343 7 9 0.30576247 
