0_Parade_marchingband_1_765
100
89 323 19 23 0.9997327 
784 383 17 19 0.99955136 
493 367 17 22 0.9994288 
844 372 19 23 0.99934655 
152 382 18 18 0.999188 
905 383 18 22 0.9986594 
139 273 15 17 0.9983057 
369 371 17 20 0.9982008 
663 379 18 20 0.99781847 
429 373 18 22 0.99778086 
307 371 18 23 0.997633 
453 342 15 21 0.99709654 
913 290 14 18 0.99701047 
202 220 14 17 0.9962219 
623 349 14 16 0.996071 
555 378 16 21 0.9954425 
250 371 16 19 0.9949114 
612 381 17 22 0.9948295 
173 256 13 18 0.99444735 
195 373 17 20 0.9937919 
693 354 14 16 0.99327224 
398 244 12 16 0.99306995 
727 383 17 22 0.9917537 
317 305 15 19 0.9908897 
113 298 17 21 0.98922974 
226 318 14 18 0.9889102 
806 321 14 19 0.9883052 
688 295 14 18 0.98733306 
727 312 15 18 0.986511 
606 243 13 16 0.98469824 
539 348 15 19 0.9832962 
823 178 11 16 0.98304015 
541 297 14 15 0.9821624 
615 295 13 17 0.98211414 
650 317 14 17 0.9815455 
765 351 15 17 0.98142105 
351 343 16 20 0.9810476 
674 248 12 15 0.97980875 
538 253 12 17 0.97770476 
458 290 13 17 0.9768414 
786 274 13 17 0.9761546 
834 297 13 17 0.9761272 
715 271 12 16 0.97482604 
648 267 12 16 0.97380674 
257 345 16 17 0.97231984 
834 203 12 14 0.9679322 
245 183 11 13 0.96594876 
501 264 12 16 0.9656308 
641 233 11 14 0.96517587 
855 354 16 20 0.9645105 
873 247 12 14 0.9644802 
340 266 12 15 0.9633762 
406 311 13 18 0.9629514 
310 204 10 12 0.96222496 
704 230 12 16 0.95999336 
422 269 12 16 0.9566052 
502 313 14 19 0.9565731 
442 234 12 16 0.95318115 
584 314 13 18 0.9511986 
664 210 11 15 0.95052207 
288 289 12 18 0.9490172 
849 225 12 14 0.9486906 
253 268 12 18 0.94799536 
233 199 12 15 0.94702786 
803 156 11 15 0.9466141 
312 249 12 16 0.9452958 
414 213 11 14 0.93666846 
790 150 10 11 0.93630075 
894 267 11 16 0.93625414 
285 234 11 14 0.92751247 
467 249 11 17 0.9247601 
363 230 12 15 0.9237721 
770 292 12 17 0.92123973 
299 142 9 12 0.9194567 
745 251 12 16 0.9098301 
567 201 10 14 0.9053147 
690 199 11 16 0.9030587 
283 149 11 13 0.90220255 
260 174 11 13 0.90160394 
570 234 10 13 0.90028363 
370 291 12 18 0.8978157 
351 184 10 13 0.89637685 
758 189 10 14 0.89445066 
486 190 9 13 0.89258516 
275 162 9 12 0.88846785 
506 203 9 13 0.8878802 
601 189 9 13 0.88220435 
476 214 10 13 0.8761629 
606 210 10 13 0.8755403 
781 221 10 14 0.8737392 
332 218 10 14 0.8670707 
542 188 10 13 0.864006 
802 252 11 15 0.8599394 
631 199 10 14 0.8579566 
731 181 9 11 0.8504342 
330 172 9 13 0.8448662 
763 230 11 13 0.83838487 
504 233 11 16 0.8366549 
738 161 10 13 0.82433933 
540 208 11 14 0.8240655 
