0_Parade_Parade_0_286
30
956 549 68 86 0.9984365 
532 543 19 27 0.99795973 
617 613 105 86 0.99702954 
587 562 19 27 0.99336797 
899 525 23 26 0.9848702 
84 524 17 16 0.9707366 
584 526 12 15 0.96039635 
76 553 24 25 0.90610355 
475 555 20 23 0.89850366 
350 509 14 17 0.8596637 
9 518 34 39 0.85626584 
612 516 8 11 0.83233225 
963 496 11 13 0.8311032 
448 525 18 25 0.7894283 
508 419 8 12 0.75402457 
0 567 23 42 0.75320685 
272 548 24 27 0.71348536 
563 516 9 11 0.6550294 
945 503 13 14 0.63928676 
87 503 11 12 0.52356917 
411 522 11 14 0.49892417 
625 504 9 13 0.47141007 
588 330 6 8 0.46937755 
594 516 9 12 0.45400348 
511 541 12 16 0.37900016 
227 547 28 38 0.37594053 
442 667 37 24 0.37191075 
551 574 15 28 0.34450752 
889 519 34 43 0.32364362 
148 476 16 14 0.3152372 
