0_Parade_marchingband_1_267
39
467 221 32 39 0.99976355 
425 202 24 33 0.9997602 
355 234 25 33 0.99975044 
165 243 33 41 0.9997485 
510 234 26 31 0.9995809 
0 218 29 48 0.9993825 
315 221 25 35 0.9993032 
586 226 23 32 0.9982096 
831 145 13 16 0.99809283 
506 195 21 27 0.9975884 
550 180 19 25 0.9965538 
584 180 19 25 0.9937483 
711 164 17 22 0.9929114 
925 146 15 19 0.991943 
565 138 16 18 0.99084353 
804 139 16 19 0.9895196 
647 154 15 20 0.96938187 
762 154 13 15 0.9465202 
708 188 16 21 0.93828756 
678 199 15 22 0.9116884 
681 142 15 19 0.90749454 
588 142 15 16 0.89940304 
845 131 12 15 0.8615745 
624 174 16 22 0.84725803 
734 145 13 17 0.8301088 
655 194 18 24 0.82738817 
895 122 11 14 0.82544696 
785 137 11 14 0.79218286 
474 195 21 25 0.7411015 
879 120 11 14 0.71117646 
702 149 13 15 0.67073965 
658 148 15 21 0.6576044 
634 148 12 15 0.6396107 
435 111 8 10 0.47192395 
987 146 9 14 0.4687222 
619 106 11 12 0.44528618 
406 117 8 11 0.4401763 
608 205 18 26 0.31761938 
773 148 11 16 0.31444457 
