0_Parade_Parade_0_353
21
390 260 19 24 0.9984756 
835 263 23 25 0.99765587 
325 294 31 38 0.997431 
693 247 15 18 0.99293256 
495 239 25 32 0.99082655 
885 247 15 19 0.9892328 
598 237 50 56 0.9868406 
253 287 14 17 0.95093215 
454 282 12 15 0.937514 
288 288 14 15 0.8722718 
853 249 15 17 0.84977263 
30 341 19 19 0.812798 
80 308 23 22 0.7028981 
797 254 11 13 0.69823146 
721 251 11 15 0.6499603 
301 306 14 17 0.6061818 
780 268 14 17 0.564495 
380 288 12 15 0.56184715 
826 256 11 14 0.5614445 
791 252 18 19 0.45737335 
542 269 13 16 0.3704624 
