0_Parade_marchingband_1_695
24
182 211 42 48 0.9990876 
847 200 38 39 0.99857354 
575 95 59 68 0.998384 
312 173 46 58 0.997269 
754 267 25 31 0.9941332 
78 269 26 31 0.9896706 
140 247 34 36 0.9766698 
517 240 24 30 0.95677793 
262 178 15 19 0.8693926 
939 93 12 15 0.85588956 
286 169 19 25 0.77155304 
432 170 14 18 0.71713513 
394 333 28 36 0.69738156 
385 171 13 19 0.6921507 
993 71 10 15 0.69162595 
282 167 17 24 0.6873156 
478 178 14 15 0.6654465 
506 165 12 17 0.5219125 
276 221 24 37 0.40100345 
827 145 10 14 0.3680349 
974 268 26 25 0.33650517 
349 176 24 38 0.33128053 
27 290 16 17 0.3048363 
1003 78 10 10 0.30200592 
