0_Parade_Parade_0_639
26
591 99 28 33 0.9996309 
715 77 23 33 0.99949706 
340 208 31 41 0.99924016 
638 574 45 69 0.99910295 
517 161 24 35 0.998204 
272 193 38 59 0.99401593 
975 526 49 113 0.99244237 
952 421 13 22 0.98551315 
967 478 32 57 0.9833143 
882 427 13 18 0.9754174 
576 143 22 32 0.95175546 
824 437 11 16 0.9311144 
440 270 24 36 0.87261814 
939 409 10 14 0.81779295 
809 442 10 16 0.76864445 
937 428 8 13 0.7204196 
910 552 48 88 0.68023646 
427 285 23 34 0.5917679 
911 435 10 16 0.5375566 
904 412 8 10 0.532877 
426 289 15 23 0.529436 
925 435 9 13 0.3853541 
911 413 7 10 0.33926028 
687 0 22 15 0.3366909 
987 409 8 10 0.3204202 
499 273 32 50 0.30638894 
