0_Parade_marchingband_1_329
43
136 313 23 27 0.9998173 
478 316 18 19 0.99909925 
448 416 20 25 0.9989819 
632 428 20 24 0.9989619 
180 392 21 22 0.9989097 
835 326 21 23 0.9986945 
572 423 19 24 0.9986694 
510 428 18 23 0.998386 
896 335 22 24 0.99830675 
759 394 15 17 0.99808985 
716 376 17 20 0.9977985 
390 383 19 19 0.9949155 
193 314 18 21 0.99464226 
565 337 18 21 0.992529 
79 298 21 23 0.9923234 
214 343 17 18 0.9922909 
159 330 17 18 0.9922605 
784 352 18 18 0.9898323 
330 390 17 18 0.98976 
748 342 16 17 0.9897138 
798 404 17 16 0.98909956 
413 319 16 17 0.98892796 
708 334 15 17 0.9869811 
373 327 16 19 0.9855239 
659 336 17 17 0.98051 
292 320 16 18 0.97957146 
253 386 18 19 0.9758815 
333 324 14 17 0.974162 
524 317 16 18 0.9732003 
611 316 17 19 0.97197545 
640 311 16 18 0.95418316 
571 307 15 17 0.94294196 
684 331 15 17 0.93484676 
543 325 13 14 0.9142154 
767 334 15 17 0.87529385 
591 317 13 16 0.8519881 
402 331 12 14 0.7551386 
508 336 13 13 0.6531655 
655 374 13 14 0.60416484 
398 431 13 16 0.54475725 
186 447 16 17 0.47166073 
656 385 13 15 0.34771413 
445 322 12 13 0.34421572 
