0_Parade_Parade_0_317
54
173 203 23 24 0.9857612 
31 90 21 19 0.9305426 
782 99 17 14 0.8120771 
605 105 16 17 0.8093772 
563 126 16 15 0.78318816 
261 100 14 16 0.782891 
958 109 17 16 0.77446914 
835 71 16 13 0.75769997 
163 92 14 14 0.75392973 
355 120 14 15 0.74726045 
301 99 16 18 0.741992 
123 90 20 18 0.7408939 
180 67 17 14 0.7380478 
387 122 15 15 0.72433877 
178 105 15 13 0.72409374 
100 68 17 15 0.72249293 
299 101 13 13 0.7030288 
625 87 15 14 0.68041056 
871 88 14 14 0.6743757 
652 105 16 13 0.65887296 
816 100 16 13 0.6336013 
223 98 14 15 0.578924 
429 87 15 13 0.57102215 
542 91 17 18 0.56782377 
245 90 15 15 0.5578155 
382 84 14 12 0.55490714 
520 105 14 13 0.54494154 
740 97 15 12 0.53758734 
516 100 15 15 0.5355524 
174 104 14 13 0.5252047 
707 116 17 15 0.50022286 
643 131 16 14 0.4824415 
904 91 15 14 0.4524287 
512 95 15 16 0.45182118 
854 88 15 14 0.4508688 
807 92 21 19 0.44798136 
852 91 14 13 0.43968296 
808 92 15 14 0.4276088 
948 92 17 15 0.4261783 
641 77 14 16 0.40348208 
657 78 13 13 0.3984038 
383 100 15 15 0.39285812 
273 100 13 14 0.38871032 
486 88 19 18 0.38329414 
853 73 13 12 0.37674668 
739 101 16 14 0.36057025 
73 71 16 17 0.35334623 
512 90 15 12 0.35182688 
1004 128 16 15 0.34330082 
119 73 24 20 0.33126408 
764 91 17 14 0.3284826 
695 85 16 15 0.32480413 
793 64 17 13 0.3156999 
927 74 14 13 0.3102434 
