0_Parade_Parade_0_850
20
249 312 20 27 0.9998584 
365 311 21 28 0.99984753 
485 298 22 30 0.9994659 
941 284 27 36 0.99871874 
74 319 15 20 0.99865866 
190 316 14 19 0.99838614 
750 300 22 31 0.9982809 
154 313 17 22 0.9982029 
623 287 31 39 0.9960402 
125 318 15 19 0.99034506 
36 319 13 18 0.98943514 
840 292 24 42 0.9861915 
862 335 13 17 0.9851955 
543 334 11 15 0.95735526 
268 308 15 24 0.8904966 
990 329 11 18 0.8782907 
843 223 33 41 0.73521686 
51 326 10 13 0.69156975 
263 279 15 19 0.60050046 
831 294 21 40 0.5287505 
