0_Parade_marchingband_1_20
24
542 356 37 42 0.9994254 
851 268 47 51 0.99496514 
82 391 22 26 0.99318063 
31 403 26 34 0.9921576 
253 371 31 35 0.989958 
464 354 26 30 0.98689353 
628 393 20 22 0.97722715 
585 367 20 22 0.92413133 
801 353 19 23 0.9218432 
384 367 16 18 0.8960205 
729 344 20 22 0.8918009 
446 345 20 26 0.8752007 
333 377 19 22 0.8433301 
129 375 12 17 0.75624716 
491 372 16 21 0.7548384 
776 359 13 16 0.7268631 
659 388 15 16 0.6932409 
679 355 15 19 0.63696223 
698 399 15 20 0.594833 
619 365 13 16 0.53267086 
804 345 22 28 0.37203905 
552 320 23 25 0.36034566 
703 398 18 21 0.33529007 
451 324 21 25 0.3186652 
