0_Parade_Parade_0_120
28
951 308 40 46 0.99965036 
525 333 32 32 0.9995291 
110 306 38 45 0.9993855 
327 314 17 20 0.99719715 
45 323 24 31 0.9946461 
26 377 25 26 0.992247 
492 317 17 20 0.9830252 
391 332 17 17 0.97532266 
442 325 18 22 0.9581782 
628 319 14 16 0.9561935 
665 327 15 17 0.9539293 
744 311 15 16 0.9086505 
986 335 25 32 0.883456 
285 341 16 18 0.85180014 
759 316 15 15 0.8495087 
697 321 13 13 0.82952166 
564 319 13 15 0.7763256 
553 325 14 17 0.67712736 
233 336 13 18 0.64367926 
236 328 14 16 0.63462734 
233 342 14 19 0.6310903 
993 228 16 27 0.57936686 
221 343 12 20 0.5062204 
10 353 24 31 0.4676844 
907 303 17 25 0.36837092 
134 293 24 36 0.33482444 
233 330 14 17 0.3216487 
238 343 13 19 0.31105956 
