0_Parade_marchingband_1_78
61
568 255 7 10 0.89349115 
679 254 8 10 0.8437034 
699 594 11 14 0.8079976 
751 595 10 14 0.7757207 
128 340 11 17 0.7604217 
963 269 7 11 0.7492534 
655 358 8 11 0.7467625 
853 402 8 11 0.73195076 
587 342 7 11 0.6906863 
1011 170 8 10 0.6862669 
267 202 8 13 0.65885586 
997 573 8 13 0.6256737 
910 51 9 11 0.6123067 
431 414 7 10 0.59610087 
831 232 7 9 0.5867809 
908 571 11 14 0.5832867 
854 496 9 13 0.5666894 
990 314 7 11 0.5610204 
705 267 7 9 0.55758804 
814 221 7 9 0.55109215 
861 594 9 13 0.5485821 
722 284 7 10 0.5422795 
181 240 9 15 0.50521255 
67 396 10 14 0.49889082 
963 189 6 10 0.49011824 
517 325 7 10 0.48354933 
878 195 7 10 0.46716407 
50 229 14 24 0.4645221 
699 465 9 16 0.44637957 
371 167 8 12 0.42908624 
581 199 7 11 0.42546248 
1015 94 8 12 0.4233868 
385 106 7 9 0.41289502 
425 173 8 11 0.3996044 
548 205 7 9 0.39210963 
401 397 7 10 0.38979006 
403 135 6 9 0.3891954 
886 312 9 11 0.36804977 
464 142 8 11 0.3658049 
323 181 7 12 0.35975772 
826 586 9 13 0.3594973 
1008 289 6 11 0.3593588 
1004 143 7 10 0.35761198 
788 208 7 9 0.35687634 
994 194 6 9 0.35167307 
779 174 7 9 0.34641382 
265 170 6 8 0.33463562 
880 157 7 10 0.33316764 
285 197 7 10 0.33001247 
596 146 8 9 0.32860225 
369 167 8 11 0.32845423 
544 152 7 10 0.32771155 
291 168 7 10 0.32740253 
605 9 7 8 0.32545924 
215 196 7 10 0.32161167 
654 191 7 11 0.31661844 
911 85 7 9 0.3103311 
199 159 6 10 0.3100755 
424 126 6 9 0.30664223 
270 63 7 11 0.3046725 
841 262 7 10 0.30287442 
