0_Parade_marchingband_1_525
27
193 375 23 27 0.99838424 
676 380 22 26 0.998359 
290 394 21 24 0.99827063 
898 422 21 23 0.9969676 
763 436 19 21 0.9959961 
38 424 16 19 0.9943414 
401 386 22 25 0.9939182 
537 395 19 25 0.9928784 
132 412 21 24 0.9880421 
836 418 14 18 0.9637624 
622 413 12 15 0.93476975 
982 462 13 16 0.92328376 
121 410 12 16 0.9231294 
860 484 14 17 0.9189295 
797 432 12 14 0.88931787 
351 398 18 21 0.81162626 
75 425 10 14 0.69161534 
778 419 16 21 0.64162153 
140 414 13 18 0.6032486 
485 486 12 16 0.5188238 
510 418 10 15 0.515761 
261 396 13 18 0.48066428 
15 426 7 9 0.47238517 
329 397 14 18 0.4718492 
581 423 11 16 0.402685 
369 408 17 20 0.39078456 
577 427 13 13 0.32856014 
