0_Parade_marchingband_1_104
25
315 251 35 39 0.99977726 
452 263 24 31 0.99899465 
1001 216 18 25 0.9916264 
239 245 15 19 0.9855198 
739 230 14 20 0.9794611 
125 253 15 17 0.9464664 
34 252 13 16 0.9005143 
833 227 12 14 0.8710722 
574 252 15 23 0.8161023 
353 235 11 14 0.767458 
103 239 10 15 0.7625399 
150 243 11 15 0.7411859 
601 226 11 14 0.67785954 
191 244 11 14 0.6759392 
285 233 12 15 0.6033486 
23 237 10 14 0.5749181 
69 247 10 13 0.5171968 
251 235 9 12 0.49834114 
464 255 15 18 0.47879344 
176 242 11 14 0.45707744 
966 232 10 11 0.4433158 
408 242 12 16 0.38693374 
898 236 9 11 0.38404813 
502 225 10 12 0.3445186 
54 258 10 13 0.30464724 
