0_Parade_Parade_0_377
41
572 305 31 37 0.9998708 
977 339 19 24 0.9995229 
731 307 24 27 0.99870026 
853 361 63 77 0.9977598 
246 340 29 35 0.9969984 
251 506 75 92 0.996418 
944 320 16 20 0.98937607 
430 307 15 28 0.9764618 
987 317 15 16 0.94627255 
4 259 55 104 0.94227725 
453 313 18 28 0.92376626 
763 315 12 19 0.9216438 
358 271 18 29 0.91213775 
22 263 36 63 0.8930045 
514 283 25 37 0.79446274 
252 410 30 30 0.7691546 
364 379 32 28 0.75862926 
846 312 11 13 0.7250128 
68 386 49 61 0.7102661 
466 254 11 14 0.7005216 
346 334 20 34 0.6954911 
274 333 29 48 0.68057173 
830 317 12 17 0.64398134 
158 319 32 44 0.6334408 
397 274 13 19 0.6315747 
265 249 17 16 0.59961176 
933 319 11 16 0.56486696 
469 318 11 18 0.5607255 
329 331 23 34 0.5508381 
896 309 14 16 0.53073925 
810 311 12 15 0.5238512 
794 309 12 18 0.5103488 
866 317 14 17 0.50970465 
913 552 45 66 0.5030449 
983 318 14 15 0.41474834 
484 318 14 22 0.40315098 
997 295 13 14 0.40269557 
448 376 22 34 0.33747682 
708 311 17 21 0.33666334 
766 314 17 21 0.312053 
637 313 11 16 0.30752298 
