0_Parade_marchingband_1_1045
26
941 255 43 57 0.9996544 
87 266 35 38 0.9994937 
356 294 22 24 0.99626356 
660 270 28 36 0.99519426 
178 313 21 25 0.9922517 
586 256 31 38 0.9888016 
279 300 24 26 0.98320144 
505 306 14 19 0.9557526 
0 314 14 22 0.9550728 
440 304 17 19 0.9488884 
384 298 15 19 0.92142725 
695 257 21 26 0.90452987 
152 317 12 19 0.730006 
757 306 13 18 0.6715354 
213 306 11 17 0.64069825 
201 318 13 18 0.6394486 
774 296 14 15 0.60982096 
484 309 12 14 0.5846705 
55 288 19 20 0.55705315 
788 301 13 15 0.5368019 
468 293 13 18 0.41693673 
447 305 15 18 0.38521698 
688 255 23 25 0.35253137 
462 319 13 18 0.33385316 
4 337 18 23 0.31755853 
306 302 11 16 0.30505776 
