0_Parade_marchingband_1_490
100
539 437 15 22 0.9949249 
32 392 15 19 0.99080044 
291 453 17 19 0.9884742 
670 454 16 20 0.9868237 
975 395 13 17 0.9810713 
439 359 14 18 0.9794851 
652 390 15 18 0.977225 
879 390 15 18 0.9768902 
79 360 14 17 0.9764508 
787 392 15 18 0.97639877 
409 451 16 20 0.97572076 
552 389 14 20 0.9571118 
885 359 13 18 0.956482 
573 359 13 17 0.95350856 
932 389 13 17 0.95126534 
80 398 13 16 0.95040274 
600 389 15 18 0.94790655 
125 400 14 16 0.9445952 
505 387 15 19 0.93966675 
88 333 11 16 0.9318556 
205 326 13 15 0.92806685 
407 387 15 19 0.9267124 
662 360 14 17 0.91408664 
347 359 13 17 0.9104517 
455 391 14 19 0.9103018 
126 288 10 13 0.90660477 
369 330 13 18 0.9039149 
218 395 14 18 0.8998259 
837 391 14 18 0.8984493 
357 389 15 19 0.8919978 
836 359 13 17 0.8863315 
260 354 14 16 0.88587797 
483 356 14 16 0.8858298 
244 326 14 14 0.88507986 
527 356 14 18 0.87714034 
308 389 14 17 0.8766416 
617 358 14 15 0.8718298 
124 353 14 16 0.871341 
458 331 13 17 0.8649246 
218 359 14 18 0.8592071 
263 392 14 18 0.85611033 
390 357 16 21 0.8532434 
697 390 14 19 0.8507793 
932 366 14 17 0.84898037 
794 359 13 17 0.8459326 
882 332 13 16 0.83587414 
924 338 13 16 0.8259935 
412 331 14 17 0.8244214 
125 329 12 13 0.81792986 
754 360 13 17 0.81782526 
288 328 13 15 0.8156959 
680 306 12 16 0.8150989 
170 355 13 16 0.8147726 
588 331 13 17 0.81203115 
166 285 12 15 0.81198984 
706 358 14 16 0.81155616 
716 331 13 16 0.80213404 
631 331 12 17 0.79985845 
545 331 13 17 0.79743826 
501 328 13 16 0.79514456 
793 330 13 15 0.79483956 
563 306 13 15 0.79142755 
483 306 13 17 0.78396684 
347 230 11 14 0.7729528 
124 308 12 15 0.7698058 
537 249 11 15 0.768895 
283 305 13 16 0.7685366 
615 284 11 15 0.7646535 
718 308 13 16 0.7616774 
164 305 13 14 0.7585986 
441 302 12 15 0.7579113 
185 243 10 13 0.7560486 
838 286 11 14 0.75249684 
759 309 12 15 0.7497562 
629 270 10 16 0.74796975 
237 284 12 16 0.7478108 
577 283 11 16 0.74478227 
169 397 14 17 0.7432308 
745 391 13 18 0.740591 
196 265 11 14 0.73863614 
800 310 12 15 0.7311428 
750 333 14 16 0.7303604 
188 225 8 11 0.7261119 
302 356 13 17 0.72453696 
231 264 11 14 0.7220584 
246 303 12 16 0.7157078 
840 329 12 15 0.7119717 
207 306 13 15 0.711614 
406 265 12 15 0.70912284 
555 267 12 14 0.70691115 
873 297 12 15 0.70655406 
443 266 11 16 0.69950885 
602 305 12 16 0.6977392 
662 267 12 15 0.69149566 
423 285 12 14 0.69147694 
837 312 14 15 0.6874464 
153 259 10 13 0.6870461 
800 286 12 14 0.68359965 
461 285 12 14 0.68044573 
331 328 11 16 0.68036205 
