0_Parade_Parade_0_873
99
819 505 62 82 0.99983215 
401 324 27 33 0.9998258 
728 482 47 69 0.99970055 
96 585 80 102 0.99967813 
807 352 22 26 0.9996513 
744 353 24 32 0.99962986 
320 458 48 64 0.9996283 
28 429 35 45 0.9995016 
743 314 21 26 0.99949014 
481 310 17 23 0.9993612 
934 297 21 27 0.99932146 
148 409 35 39 0.9992393 
714 405 35 46 0.9992293 
314 404 35 45 0.99922836 
452 523 74 86 0.99912566 
818 320 22 26 0.99908304 
532 360 25 29 0.99903035 
854 327 23 29 0.9988802 
928 401 48 55 0.99874383 
130 384 30 35 0.99868196 
337 371 25 26 0.99858046 
626 332 19 29 0.9983627 
371 323 18 21 0.99813443 
869 585 94 102 0.99811685 
275 372 25 29 0.9979468 
444 372 29 32 0.9978249 
12 362 27 30 0.99698704 
78 371 24 25 0.9968631 
450 397 37 44 0.996702 
511 372 22 28 0.99648106 
60 335 15 18 0.99619955 
301 354 22 24 0.9960651 
189 357 19 23 0.9959039 
859 380 27 36 0.99586004 
959 346 28 31 0.99570763 
629 365 23 29 0.99564207 
0 393 21 29 0.99560225 
772 358 24 28 0.9953507 
980 462 44 73 0.99435776 
666 392 25 38 0.99309844 
211 311 16 18 0.9928457 
904 376 26 34 0.99178547 
79 455 57 56 0.9915882 
557 426 34 50 0.98788595 
779 413 37 49 0.98466474 
994 310 19 24 0.98225397 
669 363 23 31 0.9820977 
979 295 15 18 0.9795681 
608 487 49 72 0.979328 
660 596 69 89 0.9783603 
735 300 16 21 0.97195363 
785 344 23 25 0.97006893 
589 366 23 30 0.9691525 
502 323 13 16 0.96847576 
703 291 13 16 0.9671204 
34 337 14 18 0.96489924 
896 350 27 33 0.96396184 
934 272 14 16 0.963176 
662 312 14 17 0.9606069 
246 344 13 16 0.95741105 
20 400 26 32 0.956178 
501 346 16 17 0.9557077 
808 264 13 17 0.9543354 
467 348 16 21 0.9496641 
999 364 22 34 0.94893694 
583 345 21 29 0.948268 
909 307 14 19 0.9315405 
257 353 13 18 0.9281413 
474 303 11 14 0.9211508 
220 414 31 35 0.9197357 
792 316 15 21 0.91701657 
428 307 13 17 0.9138437 
632 311 15 17 0.9062129 
965 295 15 20 0.89906573 
565 328 14 17 0.8947665 
234 330 11 14 0.8927816 
161 346 14 17 0.88993347 
534 320 13 14 0.87747157 
574 308 11 16 0.86049664 
259 331 11 13 0.8542738 
524 338 14 18 0.8449084 
23 298 14 17 0.84253377 
985 280 14 18 0.83080524 
142 473 40 63 0.81998384 
319 324 12 15 0.8035459 
351 347 18 21 0.8012815 
921 276 11 13 0.79926336 
365 447 40 64 0.7528501 
502 359 17 25 0.74340004 
461 317 12 15 0.73939383 
248 327 13 13 0.6281161 
3 328 9 14 0.6190888 
290 333 12 14 0.60382676 
237 368 24 29 0.59832793 
100 336 12 12 0.5045335 
587 320 9 13 0.4445251 
153 330 12 13 0.43681565 
866 343 24 31 0.41771677 
249 569 33 74 0.33021957 
