0_Parade_Parade_0_814
23
766 512 20 25 0.9962626 
893 552 17 21 0.9786214 
497 377 11 15 0.93571734 
338 583 27 46 0.9348009 
473 372 12 14 0.9040653 
926 527 13 21 0.88944465 
692 532 24 26 0.8325059 
417 451 15 17 0.7871122 
753 376 11 14 0.7763917 
412 451 15 19 0.75641555 
239 371 12 14 0.6282914 
814 547 13 19 0.55218333 
73 415 10 11 0.4967499 
777 386 11 14 0.49622378 
894 315 11 15 0.43870068 
682 393 11 13 0.41728386 
133 415 10 11 0.38518524 
240 364 13 19 0.37220252 
111 407 9 12 0.36741164 
339 400 9 13 0.35571778 
974 425 11 12 0.35366133 
150 407 9 10 0.33417052 
52 393 8 9 0.32988155 
