0_Parade_Parade_0_72
20
458 385 24 31 0.9907532 
133 332 30 45 0.9893038 
349 465 21 29 0.98856455 
667 347 25 39 0.9814803 
625 342 19 26 0.96761537 
738 364 19 25 0.9656132 
789 264 18 23 0.96419984 
630 367 17 25 0.9412568 
412 381 15 18 0.84940755 
497 338 17 21 0.8464943 
775 345 15 18 0.84213567 
258 384 14 19 0.8187206 
546 377 19 24 0.76744527 
205 364 21 27 0.71311164 
347 377 14 20 0.5915964 
453 31 97 86 0.56548554 
3 477 14 18 0.55612856 
548 348 12 15 0.4242906 
414 444 16 25 0.41593796 
95 471 12 18 0.3512234 
