0_Parade_Parade_0_102
34
525 538 19 26 0.99916685 
183 534 20 26 0.99887496 
423 538 19 23 0.9953062 
740 536 18 23 0.9949315 
268 530 18 25 0.9923819 
662 528 20 24 0.9900164 
496 520 17 20 0.98969615 
595 522 18 23 0.9888415 
85 539 14 21 0.98439944 
868 540 15 22 0.98324835 
58 543 14 20 0.9775293 
934 435 24 36 0.96301633 
329 543 16 21 0.96196365 
221 524 13 18 0.92562807 
380 541 13 18 0.9169978 
807 445 23 30 0.901936 
547 538 18 25 0.88722324 
293 523 13 17 0.8384927 
375 522 11 15 0.8225502 
135 527 10 13 0.82000446 
516 525 13 17 0.7665836 
612 526 13 18 0.7505654 
558 542 13 19 0.7011057 
125 530 11 14 0.59112537 
399 516 8 11 0.57280606 
13 531 10 13 0.56520224 
676 530 12 20 0.5508906 
329 530 13 16 0.5505073 
694 528 9 14 0.49803007 
50 531 9 12 0.4574883 
587 528 11 17 0.45631048 
639 541 10 15 0.441528 
363 537 12 16 0.41027385 
407 507 8 11 0.37034723 
