0_Parade_marchingband_1_881
22
97 239 11 15 0.97173506 
141 257 13 16 0.967272 
723 180 16 36 0.94792956 
640 161 15 33 0.92540616 
52 234 11 14 0.88905376 
336 155 19 38 0.87211215 
193 299 14 15 0.8515732 
894 195 15 25 0.80928326 
7 218 8 11 0.80729663 
540 284 9 14 0.73737305 
718 181 14 31 0.72407013 
185 213 10 12 0.6508718 
241 261 10 14 0.6426492 
227 215 9 11 0.59122646 
773 210 7 12 0.57128334 
878 196 12 28 0.5589076 
962 260 11 12 0.554143 
179 317 16 13 0.5402316 
333 159 15 35 0.49518993 
1001 262 8 10 0.48009852 
226 301 9 12 0.35683388 
78 218 9 12 0.34438166 
