58_Hockey_icehockey_puck_58_245
23
99 192 32 32 0.9992556 
352 207 29 36 0.9991373 
677 55 29 38 0.99907035 
811 53 27 36 0.99887365 
436 192 32 43 0.99878746 
199 226 33 40 0.99867886 
885 46 28 37 0.99833846 
253 204 30 39 0.99784017 
382 104 28 37 0.99775994 
103 97 31 36 0.9976688 
613 195 29 38 0.9976407 
198 121 31 35 0.99713147 
473 117 31 35 0.9970944 
281 78 28 37 0.99706787 
611 365 30 39 0.99678195 
154 76 29 34 0.9967809 
841 200 28 36 0.99646074 
529 100 28 37 0.9963247 
901 169 30 39 0.9958395 
680 290 27 38 0.9957802 
733 63 28 39 0.9955499 
612 72 29 34 0.99545175 
409 81 31 41 0.9917237 
