58_Hockey_icehockey_puck_58_384
20
422 490 32 39 0.99930906 
531 439 31 36 0.9978496 
223 202 32 33 0.99384004 
347 573 34 44 0.987621 
544 252 25 28 0.9848385 
605 224 29 33 0.98014474 
842 26 23 26 0.9784297 
739 122 27 31 0.9579322 
771 60 24 26 0.95473987 
601 192 20 28 0.8219185 
552 300 27 32 0.7492996 
430 356 27 31 0.6756822 
0 492 17 27 0.64611214 
653 180 26 29 0.6338829 
508 333 25 36 0.5981157 
829 53 22 31 0.571073 
855 1 25 28 0.55585647 
464 205 25 21 0.41796726 
2 501 28 22 0.3814931 
630 73 27 25 0.32212812 
