58_Hockey_icehockey_puck_58_680
23
562 242 36 43 0.9996049 
330 237 37 44 0.9995913 
563 330 34 42 0.9995277 
369 318 37 47 0.99950373 
773 342 38 43 0.9993255 
668 352 37 45 0.998912 
435 226 33 40 0.9987532 
839 205 35 43 0.9986891 
470 319 37 46 0.9983101 
890 364 39 46 0.99782735 
750 213 36 43 0.9970215 
257 340 37 48 0.9964618 
622 249 35 42 0.9952502 
223 198 38 41 0.9948143 
693 238 34 36 0.99335974 
549 193 31 34 0.99075586 
286 326 31 46 0.96144605 
949 224 30 35 0.95805293 
257 173 29 38 0.9376503 
145 280 52 62 0.5448674 
638 188 18 20 0.5257164 
92 168 39 49 0.48157886 
686 186 19 20 0.45188406 
