58_Hockey_icehockey_puck_58_493
23
473 83 71 94 0.9997776 
317 170 71 86 0.99385 
113 130 36 45 0.9935027 
238 109 38 47 0.9933304 
905 124 36 45 0.99322236 
610 137 36 50 0.9929715 
809 0 29 34 0.9880437 
656 55 30 43 0.98423207 
251 44 35 45 0.98178023 
774 140 38 43 0.98151886 
718 0 31 33 0.9791589 
599 0 36 34 0.9638041 
228 0 30 30 0.9445883 
481 0 36 35 0.9347026 
347 0 37 26 0.92599386 
2 0 31 32 0.89218175 
110 14 29 38 0.88874114 
439 363 84 94 0.8774962 
441 55 26 38 0.8497684 
936 21 27 30 0.708274 
160 131 28 33 0.7044722 
751 50 34 48 0.460795 
748 65 26 34 0.32564807 
