29_Students_Schoolkids_Students_Schoolkids_29_221
21
232 217 32 60 0.9981572 
264 228 27 37 0.99809104 
734 190 8 13 0.99257505 
525 192 12 21 0.99014145 
291 234 17 29 0.98728824 
383 219 21 49 0.97210497 
716 195 9 12 0.936775 
769 193 6 9 0.9068287 
183 493 49 31 0.8890055 
448 271 17 53 0.8887494 
161 240 14 22 0.70689374 
574 197 7 8 0.6601598 
493 202 7 9 0.628983 
565 196 7 9 0.4860972 
812 214 8 9 0.47853342 
501 208 7 10 0.44430014 
437 270 24 60 0.36714908 
784 183 7 9 0.35745913 
754 193 6 9 0.32655117 
761 216 9 12 0.30418867 
560 203 6 7 0.3027199 
