29_Students_Schoolkids_Students_Schoolkids_29_21
30
614 53 53 69 0.99944156 
461 153 107 129 0.99944085 
879 13 36 47 0.9993932 
744 189 130 184 0.9992823 
313 89 59 75 0.99920636 
947 60 55 66 0.99911195 
209 104 51 66 0.9989895 
450 56 46 57 0.99891233 
73 61 38 44 0.9984498 
115 55 38 47 0.9981875 
766 60 54 67 0.99642915 
924 37 41 47 0.99447244 
731 36 32 45 0.99402136 
12 70 26 38 0.99391985 
582 14 26 34 0.99216473 
663 27 28 37 0.988997 
991 29 32 42 0.98351973 
81 145 69 84 0.97809464 
469 25 25 28 0.9726951 
159 83 43 58 0.97128016 
579 52 34 48 0.96953446 
809 21 27 37 0.9556923 
437 34 36 40 0.9537561 
435 390 133 140 0.9422336 
409 50 20 30 0.8769452 
0 107 16 31 0.70326006 
502 46 35 41 0.69618684 
353 73 39 44 0.6270042 
428 45 25 27 0.49565193 
739 20 26 33 0.42087385 
