29_Students_Schoolkids_Students_Schoolkids_29_316
23
939 0 65 67 0.9996482 
888 95 79 101 0.9996158 
632 177 110 143 0.999532 
167 153 102 128 0.99944764 
293 122 73 96 0.99929476 
256 9 74 88 0.9992774 
408 0 45 50 0.999241 
502 0 73 59 0.9988176 
160 19 48 60 0.99844724 
98 0 54 66 0.998355 
25 130 76 89 0.99822265 
554 100 80 113 0.99813133 
826 7 86 96 0.99812526 
328 14 55 78 0.9948155 
710 0 61 54 0.9915651 
766 0 45 57 0.9890854 
567 2 40 57 0.9873733 
0 55 58 70 0.9824075 
210 19 37 61 0.95998585 
64 0 32 36 0.9164288 
655 1 28 36 0.9060884 
484 22 27 39 0.7351132 
0 602 100 81 0.58842444 
