24_Soldier_Firing_Soldier_Firing_24_691
25
270 308 31 34 0.9995647 
504 312 26 28 0.9994374 
237 216 26 30 0.99925417 
561 327 24 26 0.99918395 
622 303 24 29 0.998596 
547 269 23 27 0.9981981 
776 319 32 36 0.99564075 
581 266 20 23 0.99545634 
666 314 26 32 0.995008 
365 305 24 25 0.9948532 
820 301 24 26 0.99342394 
295 277 25 30 0.99280375 
417 339 26 30 0.99264246 
741 293 26 35 0.9836766 
879 457 31 36 0.9828798 
957 304 21 21 0.9820388 
411 246 22 26 0.98146695 
440 311 23 24 0.98007154 
875 324 37 38 0.97381115 
99 119 35 45 0.96729326 
803 375 26 26 0.95736694 
820 381 39 43 0.9285137 
266 269 23 27 0.92742807 
728 307 23 23 0.5620212 
830 386 42 45 0.31773427 
