50_Celebration_Or_Party_houseparty_50_432
40
626 69 40 55 0.99942964 
719 840 39 46 0.99939585 
393 320 18 22 0.9993162 
718 36 55 80 0.99925834 
628 825 30 38 0.9991905 
619 279 20 27 0.9991321 
336 283 28 44 0.9990608 
416 62 25 36 0.99900705 
470 319 24 34 0.9989287 
566 826 31 38 0.99871874 
540 287 21 32 0.9985025 
512 840 38 44 0.99849594 
402 601 24 34 0.99835724 
315 57 21 42 0.99766386 
313 612 24 32 0.9967642 
500 64 37 70 0.9936242 
376 56 15 24 0.99160707 
252 612 24 39 0.9900412 
149 566 12 15 0.9891446 
694 272 21 30 0.9889712 
253 319 18 27 0.98745674 
480 595 26 38 0.9857007 
141 853 14 14 0.98190236 
353 72 18 30 0.9818201 
444 71 23 34 0.9531621 
569 85 20 33 0.8760818 
986 319 12 17 0.84027314 
889 350 10 12 0.800189 
494 62 13 21 0.77456975 
838 324 10 18 0.7631517 
295 869 14 23 0.7224906 
281 324 24 35 0.69178176 
254 865 26 37 0.62089014 
182 99 9 11 0.61247903 
474 586 21 28 0.6064469 
13 825 12 16 0.55383486 
201 562 11 16 0.5516991 
395 863 10 13 0.51404196 
737 601 9 15 0.46758574 
178 564 10 16 0.3732077 
