40_Gymnastics_Gymnastics_40_171
27
488 326 93 124 0.99951184 
819 1219 31 43 0.96028095 
893 1306 37 45 0.95214623 
798 1181 25 36 0.82451844 
723 1224 23 30 0.80811113 
784 1337 28 38 0.79289854 
314 971 21 31 0.70851827 
4 1305 24 35 0.66451454 
767 854 23 26 0.6187496 
818 886 20 29 0.5694635 
765 1097 27 39 0.5311795 
699 1300 27 40 0.5273995 
274 1181 23 29 0.5045447 
635 994 24 39 0.50435597 
614 1208 28 41 0.45779368 
888 1057 20 27 0.45185313 
695 1181 23 30 0.4472822 
199 996 18 26 0.43845725 
277 1080 21 33 0.43214008 
676 1277 20 29 0.42372406 
909 1108 23 33 0.42268962 
170 936 18 25 0.397867 
933 1257 21 26 0.38718104 
180 881 17 30 0.35025808 
201 828 18 30 0.34535432 
125 969 19 28 0.34452328 
326 1178 19 27 0.31400734 
