40_Gymnastics_Gymnastics_40_891
27
922 360 31 38 0.9997638 
184 309 29 38 0.999746 
323 293 27 38 0.9996896 
874 350 30 40 0.9996151 
457 477 28 35 0.99960846 
380 287 27 36 0.99956137 
677 488 32 39 0.99948955 
606 485 30 37 0.9994831 
737 498 31 41 0.9994795 
387 482 29 34 0.99941945 
582 320 24 34 0.9994179 
261 279 28 38 0.99935883 
762 413 31 34 0.9993318 
524 302 27 36 0.9993318 
69 307 31 37 0.99929464 
761 331 28 37 0.9992649 
521 480 30 38 0.99926156 
677 394 29 37 0.99915504 
548 379 28 37 0.99904734 
122 299 30 38 0.9989023 
696 337 28 34 0.99879944 
670 282 28 35 0.99879164 
477 386 29 33 0.99876887 
451 302 27 35 0.9986726 
606 390 30 40 0.99858284 
843 346 27 34 0.9978598 
824 333 23 35 0.98958963 
