3_Riot_Riot_3_199
65
978 330 29 39 0.9976599 
331 180 19 23 0.9945188 
62 290 40 56 0.99436426 
84 158 18 22 0.99357843 
896 190 16 19 0.9863008 
397 195 19 22 0.97582984 
429 318 29 36 0.97317624 
479 271 26 41 0.9664696 
195 233 22 29 0.955534 
855 251 18 32 0.9481544 
772 184 13 16 0.9452426 
1010 188 14 22 0.94118303 
114 264 31 51 0.93671083 
856 204 14 19 0.93101925 
422 267 25 28 0.9292649 
956 182 14 18 0.9289268 
847 176 12 16 0.91376716 
115 119 13 18 0.90955347 
904 178 17 20 0.86601275 
924 193 14 18 0.8617972 
662 172 12 16 0.85776633 
93 91 12 15 0.8533704 
475 145 15 21 0.84644854 
529 186 16 21 0.8407429 
871 192 12 15 0.810289 
817 188 15 21 0.80819565 
978 189 16 21 0.803675 
605 170 14 19 0.7916383 
677 163 11 16 0.78198457 
635 161 10 14 0.7691662 
785 228 14 17 0.7543809 
793 175 14 16 0.7510344 
597 388 32 49 0.74252826 
467 151 11 14 0.7154335 
822 167 13 16 0.7142266 
716 182 14 18 0.69495785 
964 432 17 16 0.69208544 
179 113 11 13 0.69038147 
385 109 16 16 0.652816 
882 164 12 15 0.644276 
755 173 15 16 0.6342714 
980 157 10 12 0.5918713 
907 271 21 20 0.5898625 
374 111 10 12 0.5804592 
911 179 13 18 0.5398912 
79 120 14 23 0.5378412 
996 161 11 12 0.53364754 
538 139 10 16 0.5230782 
136 66 9 10 0.4969582 
163 175 13 17 0.4931952 
210 175 22 25 0.47106448 
61 113 12 14 0.46880713 
867 321 36 45 0.4611944 
630 550 24 27 0.44787973 
196 175 18 23 0.44674832 
957 175 14 18 0.44402704 
930 178 15 20 0.4338661 
712 167 10 13 0.4313406 
812 166 13 14 0.42447877 
148 109 9 14 0.3878874 
907 156 11 12 0.37485427 
719 134 11 12 0.3497257 
306 174 18 21 0.34884852 
900 221 13 17 0.31276885 
711 174 18 22 0.31012917 
