3_Riot_Riot_3_26
72
252 230 28 36 0.9997341 
296 50 25 32 0.999637 
230 356 36 46 0.9995209 
276 352 31 42 0.99941957 
206 209 30 37 0.9991616 
940 0 26 26 0.99888223 
360 223 27 33 0.9987245 
359 73 26 29 0.99866366 
791 62 25 31 0.9986312 
646 0 24 20 0.9986162 
323 359 30 39 0.99853444 
717 392 34 42 0.99843615 
467 211 27 31 0.9982223 
847 34 27 34 0.997718 
673 224 29 38 0.9975829 
250 93 23 30 0.9973726 
257 331 30 35 0.99729663 
673 353 35 36 0.9971716 
464 76 25 29 0.9970913 
986 186 30 39 0.9965604 
896 45 24 29 0.9964837 
416 349 31 39 0.99591297 
559 237 26 34 0.9957638 
425 374 29 41 0.99492985 
658 63 25 32 0.99450135 
855 387 27 41 0.9942135 
788 213 26 35 0.9930998 
817 10 25 30 0.992661 
1002 40 22 34 0.99207157 
15 98 25 31 0.9914643 
938 161 27 38 0.9912418 
194 44 21 29 0.9902845 
974 14 24 28 0.98731923 
277 206 26 33 0.98401135 
539 95 20 26 0.9835541 
901 156 23 30 0.98327625 
337 427 23 34 0.98188066 
509 76 23 25 0.98053396 
762 36 24 29 0.9753905 
724 352 37 44 0.96270907 
939 409 28 39 0.9613233 
94 357 31 42 0.9391618 
306 574 43 39 0.9275706 
208 436 20 36 0.9159696 
648 209 23 32 0.9159594 
658 554 24 29 0.8914216 
52 189 27 37 0.8631073 
862 354 24 27 0.8555738 
791 346 22 25 0.8506771 
632 345 35 41 0.84899175 
961 415 31 40 0.8466562 
919 357 18 34 0.8388254 
61 328 24 27 0.7138044 
874 417 19 32 0.7087171 
474 544 28 43 0.6826401 
533 210 31 35 0.6794185 
735 488 21 39 0.66451347 
956 374 23 33 0.62292403 
151 335 26 34 0.6213949 
776 386 27 46 0.617884 
218 492 21 36 0.6156015 
429 217 23 28 0.5767594 
774 371 35 45 0.50243306 
989 381 20 27 0.48562092 
889 233 31 39 0.44530386 
817 359 19 23 0.43416074 
37 539 29 29 0.42816296 
654 390 23 30 0.38755956 
790 449 14 31 0.37195933 
262 497 16 31 0.35653973 
898 481 14 34 0.334584 
649 346 36 40 0.3122409 
