34_Baseball_Baseball_34_350
30
654 275 16 18 0.9814889 
606 275 17 20 0.8569162 
605 286 17 16 0.84729624 
71 103 10 14 0.8161936 
87 114 10 15 0.75520664 
134 25 10 13 0.737143 
666 2 10 15 0.6509885 
27 24 11 16 0.61885047 
441 137 11 16 0.6128424 
219 94 10 15 0.6018517 
974 99 10 16 0.5849519 
18 7 10 14 0.54270685 
96 0 10 11 0.50921696 
859 150 11 16 0.4823036 
611 93 11 14 0.47135147 
551 6 10 13 0.4675462 
67 11 10 14 0.46392804 
684 20 11 16 0.45146367 
19 103 11 14 0.39496505 
452 11 9 15 0.38929197 
119 6 10 16 0.38492975 
608 155 11 15 0.35962853 
153 29 7 14 0.3594883 
597 30 10 16 0.35474506 
507 29 10 14 0.35336038 
786 98 9 12 0.35204417 
235 119 9 13 0.34241277 
429 490 25 27 0.33662483 
617 367 14 14 0.30433673 
673 39 11 15 0.30415964 
