57_Angler_peoplefishing_57_139
41
241 340 13 15 0.99880266 
179 339 13 17 0.9986941 
817 298 12 13 0.99854773 
200 319 13 16 0.99815 
624 299 14 14 0.9854774 
552 315 12 17 0.9825447 
475 339 13 13 0.97270525 
661 260 11 15 0.96564764 
692 275 10 13 0.96095556 
432 307 10 12 0.959315 
295 336 8 16 0.9527443 
516 299 11 13 0.95208526 
809 315 11 12 0.92815566 
757 355 9 15 0.92144746 
853 347 10 14 0.9121948 
555 304 13 15 0.911052 
620 324 11 14 0.90001774 
411 348 15 16 0.88779867 
715 282 10 13 0.8724044 
673 321 9 14 0.8704439 
679 387 9 13 0.7146534 
395 370 9 13 0.6346276 
570 390 12 16 0.6181448 
358 381 9 15 0.59991443 
477 384 10 13 0.5979225 
676 295 11 14 0.5917869 
698 301 12 14 0.5437555 
769 289 11 15 0.5340339 
391 366 10 16 0.49557844 
333 375 12 15 0.43944505 
661 301 9 12 0.426179 
793 388 14 15 0.40959665 
771 287 9 12 0.38900718 
551 354 13 14 0.3583604 
584 330 14 12 0.34785208 
398 347 11 18 0.33874017 
397 347 8 13 0.33515564 
472 352 13 14 0.32732695 
558 489 15 26 0.30927846 
861 275 13 15 0.3085212 
427 375 9 15 0.30427048 
