2_Demonstration_Demonstration_Or_Protest_2_32
31
525 1147 62 93 0.9997975 
457 1062 49 68 0.9991616 
240 1240 83 117 0.99892837 
730 1101 59 71 0.99829155 
291 1076 37 63 0.99548787 
169 1077 55 78 0.9951095 
529 1110 32 47 0.9915854 
311 1097 50 79 0.9838456 
703 1100 34 55 0.97326523 
867 1104 31 35 0.97246 
0 1252 56 108 0.9545916 
270 1055 38 54 0.94402575 
50 1045 41 53 0.93963283 
428 1026 37 51 0.933972 
630 1063 26 35 0.8986564 
895 1020 28 29 0.8844001 
519 1059 26 37 0.8709443 
338 1032 28 35 0.773873 
194 1034 32 42 0.7658452 
981 1042 34 38 0.6691373 
251 1035 31 38 0.60822284 
370 1032 20 26 0.59754753 
824 1096 26 38 0.5415951 
294 1026 30 39 0.53166103 
579 1077 21 28 0.49074388 
969 1122 24 33 0.47098136 
937 1080 20 23 0.45393878 
750 1074 21 24 0.41661385 
1008 1102 16 26 0.39506903 
540 1044 22 35 0.39235473 
403 1027 22 30 0.30796042 
