2_Demonstration_Political_Rally_2_791
35
545 297 71 89 0.99981993 
404 136 59 81 0.9997578 
648 274 70 85 0.999711 
592 33 73 93 0.9997024 
395 343 66 86 0.99964464 
204 407 79 92 0.99938726 
778 365 66 82 0.9991653 
18 543 39 35 0.9960383 
822 541 40 36 0.9860151 
330 542 40 36 0.982301 
489 537 38 39 0.97265345 
993 517 28 33 0.9294768 
955 510 28 32 0.91092885 
398 525 31 34 0.9067196 
323 469 26 31 0.83527976 
859 520 27 34 0.8283387 
41 469 24 27 0.74546903 
961 429 21 24 0.7389418 
853 492 23 26 0.71254414 
675 550 34 29 0.7071593 
654 492 26 30 0.6957005 
679 521 29 33 0.6566263 
935 554 38 23 0.63871956 
924 492 21 26 0.5681218 
54 539 36 38 0.5609224 
1005 490 18 37 0.519031 
299 557 38 22 0.5178141 
58 439 21 23 0.4822521 
79 391 22 25 0.48134464 
690 478 22 27 0.46631363 
1002 410 19 24 0.45620036 
80 516 27 30 0.4310997 
733 534 44 43 0.3848788 
130 526 23 26 0.34093186 
11 509 24 28 0.31531963 
