2_Demonstration_Demonstration_Or_Protest_2_173
25
364 293 34 57 0.99978215 
272 275 34 46 0.9997172 
51 352 45 54 0.99945503 
848 291 50 69 0.9993876 
169 313 44 57 0.99933845 
870 209 39 54 0.9988533 
506 214 37 63 0.99875796 
108 246 39 54 0.99842227 
460 226 31 47 0.99811184 
585 232 37 55 0.99808705 
672 276 45 65 0.9980598 
652 204 35 51 0.99624866 
775 187 31 47 0.9957664 
256 250 27 44 0.9954177 
205 237 22 29 0.9428144 
354 225 25 39 0.9072731 
0 297 24 53 0.8800047 
175 224 19 26 0.8227099 
452 207 22 32 0.7803751 
743 159 18 27 0.6980212 
830 163 18 29 0.62323946 
185 275 26 32 0.5730769 
515 193 22 29 0.47470495 
672 152 18 27 0.33939734 
852 210 24 42 0.33329755 
