2_Demonstration_Political_Rally_2_609
31
156 144 28 38 0.99941325 
136 242 73 123 0.9924009 
768 596 24 30 0.96776974 
807 543 24 28 0.9636996 
743 615 24 34 0.96187973 
769 565 21 27 0.93877417 
744 538 19 22 0.82454556 
980 487 19 22 0.79749703 
729 515 20 21 0.7373298 
921 490 18 21 0.7125679 
867 474 18 22 0.6741465 
884 456 18 22 0.66026324 
278 383 15 16 0.569008 
936 571 19 25 0.5640194 
905 431 18 22 0.49678454 
888 542 20 28 0.48599598 
996 348 18 21 0.46143854 
633 391 18 19 0.43182507 
987 465 18 24 0.392791 
962 409 19 24 0.38972983 
755 449 16 19 0.3815631 
851 553 19 28 0.37407663 
963 618 20 26 0.36650705 
615 430 16 17 0.3610823 
641 429 18 24 0.3405351 
902 473 16 20 0.3223657 
782 463 17 20 0.31951436 
966 346 18 20 0.3181639 
963 449 17 20 0.31213677 
789 435 17 22 0.3088564 
774 494 16 17 0.306677 
