2_Demonstration_Demonstration_Or_Protest_2_420
33
405 229 49 79 0.9993974 
475 158 37 47 0.9988348 
720 158 31 48 0.9982494 
597 166 29 49 0.9946726 
310 169 28 44 0.9943862 
210 267 37 59 0.99338466 
515 141 27 35 0.98488903 
808 181 33 44 0.98449105 
419 131 23 32 0.9806794 
206 147 26 35 0.97256404 
692 134 22 32 0.9695236 
71 181 29 44 0.9672277 
639 124 27 36 0.9153536 
568 162 28 44 0.8944726 
14 143 27 37 0.89326566 
976 132 21 26 0.8565242 
370 170 26 39 0.827116 
985 142 26 30 0.7638853 
259 163 22 36 0.71890616 
653 274 48 57 0.71859056 
745 269 27 39 0.67890936 
112 278 55 72 0.64576775 
986 187 32 39 0.6440149 
0 293 45 58 0.6129644 
840 161 27 46 0.54654634 
205 124 19 21 0.5169419 
121 160 18 26 0.4890881 
31 118 21 22 0.4757568 
168 197 31 37 0.43769598 
254 130 18 24 0.3980656 
907 110 17 21 0.3447919 
839 149 20 29 0.3254173 
226 98 20 22 0.30801374 
