2_Demonstration_Protesters_2_561
59
598 497 19 20 0.9891087 
545 303 19 23 0.91237557 
941 504 20 22 0.886136 
738 513 20 23 0.8542222 
802 491 17 21 0.8227719 
864 495 19 23 0.8183034 
496 483 18 21 0.8171774 
93 320 18 19 0.8089847 
766 524 20 21 0.808581 
139 312 19 21 0.80684423 
791 456 19 23 0.79750234 
553 139 17 22 0.78338206 
187 357 17 21 0.7419596 
118 357 18 19 0.73332906 
444 461 20 21 0.6999638 
680 428 18 21 0.6971841 
289 438 17 22 0.6939474 
201 82 18 21 0.6830494 
491 137 17 20 0.6733344 
645 470 18 23 0.6692412 
577 413 19 23 0.6621697 
176 392 18 22 0.65422624 
500 323 18 20 0.6344294 
446 138 17 23 0.63402086 
235 290 19 22 0.63357073 
719 466 18 22 0.630992 
584 459 19 21 0.59524864 
951 653 19 23 0.5795649 
708 237 19 23 0.5716269 
424 367 18 22 0.55836576 
782 409 19 23 0.55376226 
774 226 18 20 0.5278421 
642 379 17 21 0.5277515 
105 385 18 21 0.5064491 
39 411 18 20 0.49659204 
642 218 18 24 0.49571902 
534 131 18 21 0.47844082 
27 377 18 21 0.47750264 
579 382 19 24 0.46962512 
130 213 19 21 0.46386537 
299 336 18 23 0.45899183 
849 531 20 23 0.45315427 
544 493 19 21 0.45074856 
433 435 17 20 0.44167694 
753 441 18 21 0.4199336 
393 252 18 23 0.4162497 
261 233 18 20 0.41016316 
439 283 20 24 0.40692237 
813 260 19 22 0.4028951 
666 498 19 21 0.39436626 
104 428 16 21 0.39204726 
624 442 17 19 0.38983756 
401 130 18 20 0.38857666 
322 89 19 21 0.35866544 
833 450 17 21 0.3572519 
75 264 18 22 0.3456882 
748 232 16 23 0.3410448 
899 517 19 22 0.3357986 
17 259 19 22 0.30208978 
