2_Demonstration_Demonstration_Or_Protest_2_54
28
322 204 44 50 0.99949205 
774 137 36 38 0.99949074 
444 134 36 44 0.9991935 
983 229 33 40 0.9985245 
667 135 29 32 0.99721104 
863 131 37 48 0.99616325 
106 161 25 29 0.99321574 
731 163 31 39 0.9924758 
575 199 35 45 0.9794956 
171 146 22 28 0.97663695 
319 153 19 23 0.97572476 
505 141 23 26 0.9751329 
240 148 29 37 0.9686225 
636 153 25 28 0.9683981 
566 151 23 31 0.9537425 
182 173 22 30 0.9342545 
531 149 20 25 0.919656 
267 144 21 24 0.89237845 
171 110 21 23 0.880082 
612 162 21 24 0.87964684 
401 169 20 24 0.8557173 
105 88 22 27 0.80870456 
129 150 22 30 0.78959304 
196 57 18 24 0.7163176 
269 193 20 28 0.6214582 
718 155 21 29 0.6135279 
1004 195 19 31 0.5805164 
356 172 22 27 0.42191708 
