2_Demonstration_Political_Rally_2_410
22
249 500 70 86 0.999923 
3 529 64 74 0.9998266 
468 458 36 38 0.9998099 
855 418 40 47 0.99979013 
635 448 92 115 0.9996772 
352 432 42 45 0.9995988 
182 496 47 56 0.9994386 
726 472 49 61 0.9990802 
504 489 38 53 0.9984181 
560 514 41 69 0.9962508 
931 449 30 33 0.99308723 
506 427 21 25 0.9809579 
11 416 29 34 0.980412 
116 420 20 26 0.97179395 
805 447 22 24 0.9517652 
606 435 17 22 0.91604453 
955 426 21 22 0.7681374 
956 440 21 28 0.7361519 
830 428 18 20 0.61797756 
798 461 26 33 0.45952982 
896 439 19 21 0.33801457 
740 413 20 23 0.30618387 
