2_Demonstration_Demonstration_Or_Protest_2_200
27
787 383 45 54 0.99920255 
278 219 35 45 0.9985166 
808 493 55 54 0.99809617 
73 265 37 49 0.9965837 
852 324 38 49 0.99529946 
83 130 32 41 0.99448955 
14 364 41 53 0.98889905 
221 188 32 41 0.9851044 
178 223 31 38 0.9847018 
941 302 41 48 0.9842265 
671 378 47 71 0.98225373 
306 362 47 59 0.9765905 
880 162 28 33 0.9639132 
949 177 35 33 0.93764675 
284 167 26 32 0.9286237 
843 132 22 27 0.91333795 
356 149 22 31 0.8854362 
538 164 25 39 0.8074269 
387 149 25 34 0.7680081 
388 221 24 34 0.7493369 
404 488 58 47 0.72937244 
892 296 32 46 0.6086157 
681 33 20 24 0.5986507 
49 157 25 32 0.59015703 
395 162 24 32 0.515393 
397 480 52 43 0.32689595 
925 77 21 24 0.3028678 
