2_Demonstration_Demonstrators_2_517
20
780 296 76 90 0.999874 
136 291 78 86 0.9998467 
167 126 46 51 0.99981743 
887 100 32 30 0.99980754 
502 110 43 49 0.9996505 
704 127 50 61 0.9994217 
464 358 65 79 0.99928695 
803 110 34 37 0.9990375 
262 118 52 70 0.99714774 
653 144 26 47 0.9960884 
788 88 28 29 0.99608755 
109 93 28 32 0.9957962 
988 86 26 27 0.9596156 
217 108 24 26 0.9381526 
921 105 23 23 0.9101352 
481 113 23 33 0.885013 
426 73 16 23 0.68954134 
588 123 22 32 0.5051362 
473 113 23 34 0.50021285 
765 64 17 20 0.30732882 
