2_Demonstration_Demonstration_Or_Protest_2_606
22
217 293 43 63 0.9999089 
824 237 38 44 0.99980944 
767 258 61 64 0.99968493 
44 253 47 51 0.9996159 
903 264 60 61 0.99956185 
633 243 59 62 0.99955505 
336 280 78 100 0.99884605 
185 246 31 39 0.9983259 
712 257 40 45 0.99811184 
745 273 38 49 0.9978417 
106 304 49 47 0.99640983 
219 240 34 41 0.99619174 
545 301 87 112 0.99389935 
444 222 35 48 0.99292964 
503 235 39 68 0.9914234 
146 255 26 27 0.98366123 
8 280 37 42 0.97809654 
707 219 24 31 0.9253295 
287 234 22 35 0.8495226 
998 278 25 58 0.71683615 
309 234 35 42 0.6823124 
114 237 21 30 0.5085196 
