2_Demonstration_Demonstration_Or_Protest_2_471
22
749 222 73 93 0.9998888 
176 165 89 122 0.999567 
584 282 65 84 0.9987264 
588 495 25 31 0.9982368 
450 509 27 41 0.9963289 
391 464 27 36 0.9944553 
650 326 46 59 0.9925626 
414 515 27 37 0.9885831 
433 456 26 35 0.9873815 
621 498 25 36 0.9829616 
94 140 48 106 0.97965163 
431 260 46 83 0.9777034 
219 413 33 40 0.94381195 
618 450 22 29 0.890694 
240 482 31 48 0.85061634 
373 515 25 40 0.8176534 
486 510 23 41 0.76001614 
805 395 57 89 0.72874993 
470 462 26 34 0.6840455 
644 356 34 39 0.5985033 
388 211 54 72 0.4382314 
817 448 25 32 0.38708004 
