2_Demonstration_Protesters_2_618
24
367 165 50 68 0.9999306 
483 17 40 53 0.99983037 
460 258 61 75 0.9997969 
822 238 49 57 0.9997062 
251 237 52 64 0.9996903 
601 15 43 52 0.99966395 
243 47 40 54 0.9996561 
705 43 41 55 0.99963737 
517 168 52 68 0.99963117 
963 48 44 52 0.99961853 
0 161 31 68 0.9995449 
935 162 47 54 0.99951744 
0 18 37 50 0.9994673 
147 73 44 52 0.99941516 
850 253 49 82 0.9994116 
605 145 56 75 0.99926966 
322 85 45 64 0.99894255 
445 188 51 65 0.99829644 
809 1 42 42 0.99765825 
841 4 28 47 0.93744045 
374 0 30 22 0.6910718 
820 0 46 48 0.6523363 
216 294 25 50 0.6156585 
452 1 29 22 0.58377737 
