2_Demonstration_Demonstration_Or_Protest_2_895
22
674 331 30 40 0.99936754 
490 353 48 61 0.99716276 
632 337 28 38 0.98296356 
803 304 22 26 0.9496011 
375 318 22 30 0.94880426 
276 305 22 30 0.92959774 
208 369 23 44 0.9193701 
207 308 21 24 0.8898002 
614 329 22 33 0.87979007 
25 284 20 25 0.870214 
805 335 21 29 0.863409 
462 306 22 30 0.8549642 
993 323 20 24 0.66315025 
112 283 18 23 0.59897375 
421 309 21 32 0.589539 
138 314 20 24 0.45818856 
299 311 16 21 0.45077607 
965 305 18 19 0.43808085 
48 297 19 24 0.42246982 
67 282 17 22 0.37145746 
867 327 21 27 0.35693693 
822 296 23 28 0.31287438 
