2_Demonstration_Demonstration_Or_Protest_2_512
22
146 292 47 52 0.9997429 
965 372 56 83 0.99902236 
403 238 25 31 0.99792874 
953 309 37 45 0.98858345 
226 288 33 40 0.98641586 
929 278 29 35 0.9144978 
94 295 30 33 0.8988332 
715 301 24 56 0.79326046 
94 351 72 57 0.67378145 
142 249 28 33 0.58251107 
153 187 22 26 0.5774348 
877 329 38 42 0.55778944 
915 258 23 21 0.52030295 
245 237 21 22 0.5091185 
835 269 24 28 0.47320363 
265 241 33 39 0.4332388 
515 269 19 38 0.38143998 
461 307 45 70 0.37618724 
565 339 35 46 0.36511046 
636 305 23 44 0.3233368 
81 241 28 32 0.31726095 
204 233 24 25 0.30651355 
