2_Demonstration_Demonstration_Or_Protest_2_98
33
559 484 31 38 0.9991672 
607 578 39 46 0.9990607 
363 491 30 39 0.99869066 
287 566 35 42 0.9967127 
193 502 31 38 0.9946984 
863 601 32 47 0.99161726 
410 505 24 31 0.989791 
442 455 23 33 0.98260987 
378 418 22 34 0.9820692 
20 455 22 30 0.9765518 
331 567 41 53 0.9657372 
658 599 34 46 0.96127903 
515 534 28 33 0.9484349 
510 478 24 33 0.90193325 
134 514 25 30 0.8445522 
0 429 20 25 0.83697796 
220 550 33 40 0.77873933 
324 472 21 30 0.7783837 
392 459 20 30 0.7454649 
6 471 24 30 0.74400896 
522 450 21 27 0.72061557 
162 577 22 28 0.69553304 
636 623 31 33 0.6700918 
503 631 36 24 0.62544936 
273 526 28 35 0.5930929 
48 514 22 29 0.5417741 
487 454 18 23 0.4157853 
909 536 30 40 0.40108532 
120 488 22 26 0.3780556 
155 612 30 38 0.3565653 
694 604 41 45 0.34768543 
218 589 27 36 0.33940807 
323 440 18 23 0.32422847 
