2_Demonstration_Political_Rally_2_57
31
895 255 32 41 0.99987996 
213 144 33 45 0.9998166 
360 141 32 41 0.9997807 
493 165 31 41 0.99973553 
79 139 32 44 0.99912626 
782 146 29 40 0.9990784 
757 143 29 37 0.9990068 
385 122 27 38 0.9987012 
527 153 29 39 0.99869114 
945 168 27 36 0.9985977 
827 123 33 41 0.997439 
148 132 29 37 0.99667454 
591 130 31 48 0.9966061 
664 180 29 41 0.99600947 
276 142 30 42 0.99335504 
275 200 33 44 0.9901204 
487 134 21 32 0.9663635 
918 169 25 34 0.96565366 
929 215 23 28 0.9597261 
485 307 49 63 0.9371544 
104 117 29 40 0.926693 
258 130 22 29 0.90435225 
463 151 20 33 0.85430264 
444 77 19 26 0.84949493 
642 146 20 37 0.8213284 
104 154 20 25 0.8012985 
9 127 18 33 0.7614336 
0 122 18 42 0.7581307 
931 153 25 33 0.74832445 
274 140 21 33 0.58677685 
551 171 18 28 0.3130109 
