2_Demonstration_Demonstration_Or_Protest_2_441
20
233 154 39 48 0.9996947 
401 165 37 44 0.99943215 
855 172 35 43 0.99942696 
109 186 39 49 0.9994124 
610 174 40 48 0.99934405 
328 207 39 46 0.99902296 
932 154 35 45 0.9988495 
789 157 42 53 0.99825245 
569 173 37 48 0.99815327 
0 188 33 42 0.99785537 
285 187 33 39 0.99775416 
501 160 36 56 0.99720806 
722 162 28 42 0.9418731 
316 172 23 36 0.8984587 
851 355 28 32 0.887443 
496 580 46 39 0.85964435 
902 602 44 34 0.70534414 
145 169 24 31 0.6011911 
795 573 21 21 0.51060116 
569 97 20 28 0.38477147 
