2_Demonstration_Political_Rally_2_5
34
747 410 30 34 0.992366 
181 228 35 41 0.9889169 
823 381 30 37 0.9867648 
688 395 33 38 0.9837907 
864 449 31 35 0.9718389 
318 233 27 37 0.96804553 
438 118 33 48 0.93366945 
648 309 21 23 0.84426343 
134 463 26 44 0.8439075 
671 336 19 20 0.81183136 
29 480 30 35 0.7906568 
55 297 21 21 0.735163 
798 459 35 44 0.69089144 
103 296 17 19 0.6870134 
475 370 19 26 0.6492082 
908 409 19 24 0.62684304 
865 427 27 31 0.6264244 
992 435 31 45 0.60983276 
595 388 25 35 0.60137063 
631 351 20 20 0.572916 
137 485 40 32 0.5505406 
514 362 19 21 0.5347017 
748 383 20 22 0.53351957 
951 382 23 23 0.52208304 
554 352 22 28 0.48083335 
676 287 20 24 0.47473082 
883 326 20 21 0.44355932 
510 354 28 30 0.42268902 
477 273 17 20 0.41046724 
875 363 21 23 0.3994052 
587 413 30 24 0.3940512 
582 277 23 29 0.36559442 
193 231 26 26 0.3308295 
724 381 23 29 0.31382748 
