2_Demonstration_Demonstrators_2_378
65
103 462 66 74 0.9997986 
942 400 54 62 0.99969673 
199 403 59 63 0.999416 
673 332 48 55 0.99938 
810 490 57 69 0.99903786 
219 496 65 80 0.9988902 
263 354 56 61 0.99698985 
598 417 50 53 0.9968245 
87 296 48 46 0.9962443 
155 265 38 46 0.9960962 
411 191 37 40 0.9960051 
503 519 65 57 0.9947767 
605 329 50 55 0.9943979 
306 275 38 44 0.99370265 
502 298 49 54 0.9913345 
645 435 47 62 0.99036133 
396 238 33 34 0.9885949 
647 263 38 36 0.9880861 
753 420 45 51 0.9847906 
99 207 33 35 0.9835646 
536 255 33 45 0.983125 
505 358 44 55 0.9800238 
221 243 35 46 0.9782382 
765 317 37 41 0.97728944 
436 464 61 65 0.9762867 
429 305 41 52 0.97072554 
326 466 44 55 0.9700827 
712 405 37 45 0.96695685 
645 497 60 71 0.9618699 
359 223 32 40 0.95419186 
925 172 21 24 0.94764334 
902 351 40 43 0.946371 
548 374 41 53 0.94370234 
13 205 34 38 0.9306661 
94 250 33 32 0.9263331 
331 220 27 33 0.9031776 
482 206 33 40 0.89266104 
948 227 26 30 0.8788453 
496 417 48 65 0.8684968 
928 207 25 26 0.8629748 
752 368 45 47 0.8511415 
868 335 31 34 0.84417707 
262 224 36 44 0.8424229 
104 134 26 33 0.8398888 
600 270 32 31 0.83471584 
153 203 34 39 0.8078242 
737 285 29 32 0.7764787 
193 189 25 33 0.76557493 
386 327 46 56 0.73921484 
208 133 25 30 0.738216 
571 240 28 30 0.7329531 
344 192 25 28 0.71562964 
371 290 37 42 0.6635213 
159 168 24 26 0.66310096 
278 289 30 44 0.6591642 
725 452 41 52 0.6260468 
1 303 26 67 0.6105868 
959 152 20 26 0.6079794 
901 404 37 54 0.6019349 
682 488 64 65 0.5655472 
1002 212 21 29 0.52627265 
886 207 24 26 0.5058039 
311 169 22 25 0.41766718 
616 244 26 26 0.3527793 
191 378 46 47 0.34261423 
