2_Demonstration_Demonstration_Or_Protest_2_360
39
513 600 45 57 0.99966586 
856 600 62 71 0.9996221 
649 618 54 57 0.9992219 
681 561 26 31 0.9991372 
619 592 28 36 0.99874085 
954 583 57 60 0.99700266 
561 646 51 48 0.9938041 
500 553 20 27 0.99126387 
778 584 26 32 0.98957634 
56 639 58 65 0.9890049 
475 575 30 37 0.98634166 
582 556 22 26 0.98445684 
194 631 47 51 0.9806347 
144 601 28 36 0.9791814 
318 563 19 25 0.97086406 
781 551 22 26 0.9667631 
786 627 32 35 0.9476498 
32 563 24 27 0.943201 
555 568 24 29 0.9353323 
615 549 22 26 0.9300573 
100 592 26 27 0.8713625 
646 571 17 20 0.8706896 
537 540 21 24 0.86176497 
321 628 28 46 0.78284717 
820 535 18 23 0.74049807 
665 543 17 21 0.68436044 
343 588 27 30 0.6669632 
797 529 17 20 0.6591927 
76 570 23 29 0.55034935 
922 572 24 38 0.49044424 
42 627 31 38 0.46055055 
1002 541 22 35 0.3671721 
988 659 34 46 0.35749075 
817 579 30 37 0.35233864 
443 666 31 44 0.34824234 
447 662 29 28 0.3316988 
367 577 17 24 0.3285322 
456 539 19 25 0.3273174 
327 641 37 49 0.31035358 
