17_Ceremony_Ceremony_17_592
21
3 371 18 19 0.9980884 
162 253 30 37 0.9970463 
57 310 19 21 0.99687624 
299 285 16 18 0.9947754 
510 288 14 16 0.994279 
693 184 29 56 0.8625996 
593 321 11 13 0.81864965 
852 123 30 33 0.7798228 
552 304 12 15 0.7718658 
790 341 12 13 0.70594364 
652 292 19 19 0.58122444 
725 324 15 10 0.5489903 
1 5 12 20 0.51933205 
673 467 19 18 0.5023659 
594 289 14 13 0.48683858 
206 308 13 14 0.3921649 
194 338 20 19 0.383308 
357 346 13 16 0.37974998 
220 324 14 19 0.34033293 
401 287 14 20 0.31745893 
341 354 13 18 0.31023535 
