17_Ceremony_Ceremony_17_218
40
253 385 32 39 0.9998764 
54 312 36 42 0.99980515 
855 420 33 42 0.9997814 
47 517 41 50 0.99968624 
250 498 39 56 0.9996731 
364 407 37 45 0.99966455 
39 418 36 44 0.9996283 
705 427 32 37 0.9996263 
11 367 35 41 0.99957997 
327 484 34 44 0.99956936 
390 530 39 50 0.999566 
924 350 32 37 0.999511 
136 552 39 50 0.99948394 
870 374 31 38 0.9994665 
822 325 30 38 0.9994548 
156 369 33 38 0.99945086 
513 522 47 58 0.9993705 
631 437 31 41 0.99929094 
963 423 34 37 0.99925536 
641 322 28 35 0.9992417 
643 475 42 55 0.9992143 
493 401 31 38 0.9991704 
293 318 29 41 0.9991641 
765 463 39 55 0.9991548 
463 461 31 36 0.9991265 
66 459 43 52 0.9991122 
198 428 40 56 0.99902844 
940 485 37 43 0.9990068 
184 311 29 39 0.99890673 
892 508 41 47 0.99881786 
548 433 33 39 0.9987985 
724 302 24 33 0.9986524 
563 331 26 33 0.9985784 
514 330 27 32 0.9981494 
764 364 25 32 0.99653447 
368 362 31 36 0.9957261 
1000 361 24 42 0.9880344 
906 684 80 63 0.9855526 
804 463 26 39 0.9833422 
35 0 209 148 0.83284473 
