17_Ceremony_Ceremony_17_765
23
90 473 36 54 0.9984439 
378 401 17 29 0.99793375 
877 300 11 16 0.9946313 
81 306 10 13 0.9892029 
669 289 11 17 0.9874177 
716 286 11 17 0.9864494 
325 296 10 12 0.98417526 
926 299 11 16 0.9828288 
374 288 11 14 0.9824284 
831 313 11 15 0.9747551 
796 288 10 17 0.9669649 
399 290 10 14 0.9634575 
137 309 10 13 0.9553976 
239 305 11 14 0.9459548 
558 278 8 15 0.90830755 
187 316 9 12 0.85001004 
268 430 17 38 0.6251563 
13 401 9 19 0.5241726 
453 286 7 13 0.47622788 
363 532 25 20 0.47424236 
420 289 10 13 0.3517079 
229 393 9 22 0.3509625 
157 404 13 18 0.30680677 
