39_Ice_Skating_iceskiing_39_583
19
785 147 24 37 0.9979836 
520 120 27 32 0.99061394 
444 140 30 34 0.9898258 
304 91 20 24 0.98229045 
350 183 20 24 0.969738 
458 216 44 56 0.9335598 
325 87 17 24 0.83597344 
5 0 47 65 0.78080773 
233 39 27 53 0.734107 
248 12 35 49 0.56398964 
381 97 10 12 0.5366176 
348 91 17 20 0.49751812 
162 523 15 14 0.41989765 
695 202 10 12 0.41376105 
14 2 35 40 0.38356164 
330 71 12 13 0.3452948 
358 87 18 23 0.3229438 
767 293 21 31 0.30764964 
0 0 87 76 0.30312592 
