39_Ice_Skating_Ice_Skating_39_661
25
807 360 17 20 0.99822325 
222 267 10 12 0.9976822 
195 259 11 13 0.98857445 
412 423 22 24 0.98681253 
1 372 14 18 0.9099141 
75 235 10 10 0.87616336 
508 257 10 10 0.848227 
792 220 8 10 0.83183175 
251 252 8 10 0.83174825 
162 294 11 13 0.73642796 
474 303 8 12 0.6601501 
96 326 12 13 0.6458735 
442 312 9 12 0.6390936 
715 271 11 12 0.61147237 
791 205 9 11 0.5961471 
0 263 5 13 0.53425515 
162 295 18 21 0.4960119 
204 418 21 21 0.4567971 
381 299 15 20 0.4103246 
468 185 7 9 0.3736167 
371 203 7 9 0.3550831 
164 296 13 15 0.3299656 
970 298 18 16 0.32901877 
18 296 10 12 0.3242267 
616 168 7 9 0.31757382 
