25_Soldier_Patrol_Soldier_Patrol_25_1029
22
457 177 48 55 0.9996643 
580 141 32 46 0.99963534 
121 435 59 76 0.999569 
154 197 49 58 0.99945027 
874 170 40 44 0.9993241 
245 179 45 56 0.9992656 
517 384 40 63 0.9991742 
255 356 56 71 0.9991171 
660 310 33 39 0.9986957 
499 182 33 44 0.99858 
553 329 31 38 0.99855906 
715 183 37 46 0.99808466 
736 142 56 72 0.9966354 
609 296 38 41 0.9956031 
655 191 31 39 0.971894 
460 154 9 12 0.5530459 
389 182 8 10 0.53324515 
679 202 26 33 0.5214808 
653 193 21 33 0.46731153 
434 163 10 12 0.39718437 
758 214 24 30 0.38073447 
411 183 7 9 0.32511133 
