46_Jockey_Jockey_46_909
23
509 287 26 37 0.9996314 
455 418 40 45 0.99869174 
497 554 54 65 0.9984811 
694 180 14 22 0.9929737 
643 190 12 16 0.99089384 
785 185 15 19 0.9882536 
275 180 15 20 0.98790026 
215 573 45 66 0.9864661 
649 247 16 23 0.98529226 
909 280 24 28 0.9841478 
487 153 8 15 0.9837595 
737 265 18 23 0.9829047 
772 210 14 18 0.9754936 
482 188 9 17 0.9568169 
736 177 12 18 0.8892323 
732 329 13 28 0.662126 
357 194 11 15 0.6444204 
647 288 16 21 0.5537749 
930 273 27 24 0.52260214 
677 252 12 14 0.4597184 
355 197 10 13 0.44010165 
534 161 9 13 0.417838 
744 179 11 16 0.32634854 
