0_Parade_marchingband_1_1045
30
944 256 41 58 0.99968183 
87 267 35 37 0.9996817 
662 272 29 35 0.99844545 
179 314 20 25 0.9953551 
279 300 24 27 0.99428743 
355 294 22 25 0.9922577 
0 314 14 23 0.985157 
385 299 15 18 0.97446907 
585 255 32 43 0.9727126 
505 307 14 18 0.95306224 
441 304 15 19 0.9519957 
152 318 12 18 0.85810727 
695 255 21 30 0.84598315 
776 297 13 14 0.80892664 
753 306 15 17 0.7672722 
55 286 19 24 0.7262601 
201 319 13 19 0.72557855 
469 292 13 20 0.70558536 
213 307 12 15 0.643054 
5 338 15 21 0.4614597 
599 309 12 15 0.44722387 
789 301 13 14 0.43616506 
147 316 16 24 0.43230924 
6 335 13 15 0.42137694 
125 314 12 16 0.41896632 
593 309 15 17 0.38752362 
10 294 12 15 0.3785246 
306 302 12 16 0.33670822 
164 0 283 109 0.33035702 
315 288 10 12 0.3182288 
