0_Parade_Parade_0_470
25
464 144 55 69 0.999876 
418 202 61 87 0.9997271 
152 172 68 96 0.9997002 
621 134 55 79 0.99969876 
470 329 73 99 0.999592 
902 174 57 68 0.99954873 
121 470 84 109 0.9995259 
37 163 81 101 0.9995204 
295 236 65 84 0.9995136 
932 268 61 72 0.9994593 
318 372 80 104 0.9994455 
326 158 56 81 0.99928635 
839 229 51 70 0.99917287 
535 182 64 92 0.9990746 
705 227 59 89 0.9990305 
602 246 72 98 0.99881786 
220 172 62 83 0.99880826 
850 176 50 63 0.9987686 
777 228 61 77 0.99863166 
762 171 17 26 0.99571985 
0 144 26 54 0.98323673 
274 175 27 37 0.6319848 
256 175 42 64 0.46925813 
813 179 17 29 0.40271476 
820 179 13 29 0.33197746 
