0_Parade_Parade_0_286
34
951 550 73 87 0.9989454 
531 544 20 27 0.99789786 
899 526 22 27 0.9954184 
587 565 19 24 0.9926824 
616 603 98 96 0.98153704 
85 524 16 16 0.9743009 
962 497 11 12 0.94750994 
583 527 12 14 0.94669026 
446 522 21 30 0.9200495 
78 554 21 27 0.91720986 
519 509 11 13 0.8582613 
476 553 21 27 0.80587673 
351 510 12 16 0.7462185 
594 517 8 10 0.72442985 
612 516 8 11 0.6772989 
454 523 21 29 0.61489034 
945 504 11 13 0.6021658 
564 516 8 11 0.571449 
514 330 6 8 0.5360732 
511 540 13 16 0.53534514 
85 558 31 26 0.5118118 
88 502 11 12 0.46261522 
624 504 9 12 0.44640842 
588 330 7 8 0.421582 
113 527 10 11 0.41590893 
207 186 37 28 0.39858043 
462 522 17 29 0.39799473 
603 527 8 12 0.38457534 
148 477 15 13 0.36494458 
974 510 12 12 0.3559292 
507 418 10 16 0.35560763 
499 333 6 8 0.34815046 
653 513 9 12 0.3371212 
0 563 21 49 0.32496977 
