0_Parade_marchingband_1_104
23
314 251 35 40 0.9996722 
451 263 26 30 0.99899036 
126 252 16 19 0.99506384 
739 230 15 21 0.99417746 
239 245 15 18 0.98721945 
34 250 14 20 0.9814612 
1002 217 18 24 0.9784153 
150 242 12 16 0.96522284 
103 240 11 15 0.8500867 
460 244 10 13 0.77867776 
69 247 11 14 0.7311787 
190 244 12 15 0.7253806 
353 234 11 14 0.72189486 
23 238 10 13 0.7155922 
340 227 10 14 0.7141898 
574 254 13 20 0.6554816 
250 235 10 13 0.6328466 
284 234 12 15 0.61676866 
176 240 12 16 0.5833426 
835 227 12 15 0.5578204 
54 259 10 14 0.39223728 
407 241 11 14 0.37649617 
602 227 10 11 0.32455537 
