0_Parade_Parade_0_472
35
318 115 42 49 0.9995844 
59 135 32 37 0.99914384 
603 261 45 55 0.9984497 
932 227 19 25 0.9975731 
510 132 35 41 0.99645644 
708 111 20 22 0.996302 
975 148 17 17 0.994279 
656 167 18 23 0.9854834 
631 163 15 17 0.9824964 
562 136 15 26 0.975875 
747 121 15 23 0.9636077 
832 117 16 24 0.9455351 
951 153 14 19 0.9341916 
402 131 26 28 0.90271866 
643 121 12 21 0.8474142 
787 165 17 26 0.7913079 
288 345 28 31 0.7180387 
260 291 11 15 0.69356525 
842 172 15 27 0.68087447 
995 148 14 18 0.6769322 
824 123 13 18 0.65686464 
735 117 13 25 0.6507157 
939 154 11 14 0.6064919 
247 179 9 14 0.6034521 
831 150 11 14 0.5429883 
679 126 16 22 0.45135164 
817 120 18 23 0.44371665 
237 279 12 16 0.42930982 
678 126 12 15 0.42925113 
922 151 16 13 0.41922355 
691 141 11 19 0.38831428 
726 115 9 13 0.3498834 
27 284 14 16 0.34630227 
664 121 13 17 0.31831545 
250 205 12 18 0.30632296 
