0_Parade_marchingband_1_746
24
371 89 30 39 0.9994143 
745 87 29 40 0.9993592 
626 109 28 36 0.99926275 
425 82 26 33 0.9991049 
765 47 25 37 0.99905235 
546 87 33 44 0.9989858 
142 79 33 43 0.99882084 
301 77 25 28 0.9987908 
814 92 31 43 0.99644274 
964 183 13 16 0.9957866 
167 67 25 36 0.9866436 
1001 137 11 13 0.982192 
597 89 30 36 0.98214704 
926 184 13 14 0.9720153 
1004 162 16 18 0.9710154 
1001 179 13 16 0.96757466 
452 101 22 27 0.9463929 
957 160 12 16 0.93103856 
25 106 24 31 0.9295287 
950 181 11 11 0.76467216 
944 136 11 14 0.7498359 
881 178 13 18 0.7482384 
570 93 20 38 0.4351962 
920 163 14 18 0.30356196 
