0_Parade_Parade_0_850
21
365 310 21 28 0.99983287 
837 296 28 39 0.9993808 
250 315 20 24 0.99916244 
485 297 22 31 0.99903417 
623 288 30 38 0.9988212 
944 285 25 34 0.9986797 
749 302 21 29 0.99795014 
73 319 16 19 0.99726474 
153 314 17 21 0.9967719 
190 316 14 19 0.9940018 
862 336 13 17 0.99291587 
35 319 14 18 0.9912983 
126 318 14 19 0.9907659 
544 335 11 15 0.94006276 
849 226 31 40 0.92735845 
990 329 11 18 0.90488464 
268 312 14 19 0.8417966 
49 325 11 15 0.82664055 
13 339 11 16 0.38966522 
62 324 11 16 0.34883103 
207 325 9 13 0.33492807 
