0_Parade_Parade_0_353
21
390 260 20 24 0.997813 
835 263 23 24 0.99583274 
494 239 25 31 0.99505687 
324 294 35 39 0.99467224 
597 238 48 43 0.993775 
885 248 14 16 0.9879701 
691 248 17 17 0.9720632 
301 306 16 19 0.9560171 
288 288 14 15 0.9344526 
81 308 24 21 0.92453396 
719 251 11 15 0.8715253 
454 282 12 14 0.8263897 
852 250 18 17 0.79874235 
31 340 18 18 0.7897294 
254 287 16 15 0.7744195 
779 269 15 18 0.6781492 
43 329 15 16 0.5563923 
797 255 11 12 0.49916884 
791 254 18 18 0.37853026 
185 299 13 15 0.3555849 
826 256 11 14 0.35034925 
