0_Parade_marchingband_1_379
23
188 315 24 29 0.9983835 
813 318 18 21 0.975777 
539 317 17 27 0.9378881 
280 298 31 31 0.9308241 
696 283 26 30 0.92374927 
85 316 22 21 0.90537274 
505 306 9 14 0.8872999 
427 306 39 35 0.83685136 
260 324 15 18 0.7822693 
898 315 12 17 0.74666864 
660 325 14 18 0.7418553 
783 319 12 16 0.7414324 
848 318 11 16 0.7320495 
580 299 8 10 0.7200291 
538 315 14 20 0.6961832 
764 321 13 14 0.6865237 
954 314 11 14 0.67658085 
986 327 11 14 0.5570052 
598 320 12 17 0.5349727 
383 301 25 31 0.45190132 
788 317 14 16 0.43105188 
540 312 14 18 0.4164904 
423 309 25 32 0.37347975 
