0_Parade_marchingband_1_227
30
915 139 41 53 0.9970221 
596 132 23 31 0.99616665 
459 134 31 40 0.99428105 
174 107 25 29 0.9940515 
288 138 26 33 0.99295336 
511 111 24 25 0.9911102 
413 111 24 31 0.9831623 
489 95 19 26 0.98081255 
559 86 18 24 0.97919697 
289 100 23 30 0.9729293 
841 122 32 45 0.9389082 
504 83 18 23 0.8781357 
345 103 19 23 0.79256785 
252 93 20 25 0.6987666 
937 102 23 29 0.65267676 
325 89 16 22 0.5954331 
248 79 27 36 0.53824896 
133 90 13 16 0.5139831 
549 100 11 14 0.4803255 
715 95 37 39 0.46225715 
212 75 11 13 0.44054276 
394 102 13 16 0.4249807 
528 98 13 17 0.41648778 
601 84 9 12 0.3883436 
421 99 21 24 0.3741047 
368 153 17 24 0.35594463 
641 101 12 18 0.35025448 
364 91 14 16 0.33958486 
381 95 14 21 0.32784742 
921 313 103 106 0.3270528 
