0_Parade_marchingband_1_439
32
917 492 32 44 0.99141955 
132 566 35 60 0.985394 
131 454 16 23 0.91457486 
947 409 11 12 0.8451353 
142 429 11 13 0.7867411 
1010 418 11 14 0.77900726 
11 441 10 13 0.7533412 
962 423 12 14 0.723622 
894 465 32 29 0.6985881 
343 431 10 14 0.6737795 
12 428 9 12 0.6566668 
1011 401 12 13 0.6220214 
482 443 12 28 0.5761555 
183 582 36 28 0.5422454 
245 429 8 12 0.51786196 
83 426 12 15 0.5152734 
1 430 9 12 0.51281315 
419 478 11 21 0.48508137 
164 444 13 19 0.46787584 
219 424 10 11 0.45744017 
811 414 12 14 0.45449507 
27 431 7 10 0.4448529 
2 465 13 25 0.43800807 
971 455 17 17 0.43246287 
313 471 13 28 0.42745814 
484 423 7 9 0.41102713 
448 419 7 10 0.39806786 
328 431 13 15 0.33460748 
369 267 8 14 0.33344924 
175 426 8 10 0.3089088 
979 433 11 15 0.3026807 
907 435 12 13 0.30023628 
