0_Parade_Parade_0_218
19
739 384 34 40 0.9994006 
354 164 273 206 0.9647451 
141 558 14 16 0.94091403 
858 526 13 22 0.9404171 
322 535 11 14 0.92518264 
99 562 10 11 0.9038863 
968 546 9 11 0.8551593 
415 387 133 150 0.8324256 
928 621 10 13 0.7452975 
943 612 8 12 0.6941939 
956 553 7 10 0.6706025 
941 541 9 11 0.66875106 
1013 627 11 13 0.60065293 
1014 536 10 12 0.543609 
994 557 8 11 0.5272433 
233 511 14 19 0.4544924 
162 194 11 17 0.4349963 
38 557 11 14 0.396217 
1005 601 13 14 0.32282832 
