0_Parade_marchingband_1_410
100
563 469 23 33 0.99991214 
17 502 18 24 0.9996978 
875 451 29 42 0.9996269 
220 481 20 29 0.9994999 
314 481 19 28 0.9991592 
464 488 22 33 0.9982469 
385 481 21 30 0.99811184 
696 483 27 44 0.9976393 
91 503 14 25 0.9970055 
177 494 16 27 0.9946354 
171 464 12 15 0.98528373 
1011 341 11 14 0.98509765 
648 415 13 16 0.969157 
999 278 11 15 0.96852374 
285 114 11 12 0.96384376 
390 413 12 15 0.9582817 
412 433 14 18 0.95263505 
666 334 10 14 0.94962853 
267 480 13 16 0.94569683 
60 462 13 16 0.94445056 
653 399 12 15 0.9347309 
496 317 9 14 0.93218374 
567 336 11 14 0.93200034 
670 471 13 21 0.9287838 
332 450 13 16 0.92439693 
245 447 12 15 0.9220494 
867 447 12 17 0.9220289 
117 213 11 13 0.9184895 
998 445 8 15 0.9173493 
753 400 10 14 0.91723865 
350 414 12 13 0.91036695 
660 220 11 16 0.90296793 
237 339 13 14 0.9001579 
50 488 11 16 0.8990456 
978 436 11 15 0.89890426 
729 351 11 13 0.8917818 
783 226 12 14 0.8888757 
615 379 12 13 0.88147277 
339 467 14 19 0.8795819 
94 179 11 13 0.87025917 
492 464 18 23 0.86642045 
810 276 12 13 0.8602736 
231 426 11 13 0.8581614 
750 281 12 14 0.84497523 
85 212 14 16 0.83569425 
686 323 11 15 0.830187 
327 320 11 14 0.8214493 
652 320 9 14 0.820841 
1010 178 9 13 0.8199582 
16 138 12 15 0.81487256 
222 326 11 14 0.81320065 
933 120 9 14 0.8108718 
986 415 12 15 0.809544 
127 462 11 15 0.8075294 
267 332 11 14 0.7998127 
469 130 12 14 0.79977185 
942 217 10 12 0.7985865 
39 112 11 14 0.7981041 
199 218 12 14 0.79364735 
742 193 11 14 0.79172343 
779 335 9 13 0.78917104 
283 286 12 15 0.7882129 
182 74 11 13 0.7854758 
983 214 10 13 0.7849846 
686 66 10 14 0.7842519 
148 289 12 13 0.7827393 
278 436 10 15 0.7778947 
706 192 11 14 0.7761482 
355 23 12 14 0.77487344 
902 338 11 14 0.7744989 
798 484 20 32 0.7744245 
195 15 11 14 0.7698075 
915 321 11 14 0.76332325 
41 346 13 14 0.76129115 
493 113 11 14 0.76059484 
264 254 12 14 0.75304556 
659 173 9 12 0.7517073 
874 0 10 10 0.7497791 
169 32 10 13 0.74533254 
966 302 11 14 0.7452656 
215 311 11 14 0.7436357 
969 335 11 14 0.74320364 
27 327 12 16 0.73867476 
98 145 11 13 0.7361574 
403 349 12 14 0.7342784 
658 447 11 16 0.73374176 
177 152 10 12 0.73355687 
142 487 14 19 0.73248994 
226 140 11 12 0.726261 
575 132 11 13 0.724943 
569 379 12 16 0.72001666 
439 257 11 18 0.7199531 
70 242 19 20 0.7187165 
838 320 10 12 0.71762055 
242 240 11 13 0.7157016 
871 31 9 14 0.7132661 
929 246 12 14 0.7077601 
577 113 10 14 0.7020509 
609 173 11 12 0.7018342 
807 399 9 12 0.69934285 
