0_Parade_Parade_0_137
19
663 488 15 19 0.962752 
752 451 14 20 0.95978695 
716 449 14 19 0.9405568 
0 433 12 16 0.86471945 
708 351 18 20 0.8608939 
237 469 15 17 0.83284837 
954 462 16 20 0.8030639 
931 365 20 30 0.7945698 
451 323 43 37 0.7821765 
966 488 17 20 0.74175537 
381 483 17 17 0.5829871 
248 423 15 18 0.5505775 
247 444 20 25 0.50769013 
333 500 27 33 0.4752236 
1015 316 9 16 0.47455645 
507 345 25 29 0.4507373 
104 279 24 30 0.34277314 
0 237 40 64 0.32802546 
997 513 15 18 0.32216096 
