6_Funeral_Funeral_6_531
19
133 324 20 22 0.9979011 
81 333 20 23 0.9944957 
163 320 20 19 0.98482406 
44 339 18 21 0.97780615 
262 292 11 15 0.95558625 
383 268 12 12 0.94391465 
445 249 11 11 0.8941525 
352 279 11 12 0.890566 
230 329 12 15 0.6921461 
270 285 11 13 0.6301171 
411 265 12 13 0.6190417 
338 280 11 12 0.55490875 
641 394 19 20 0.53090024 
324 280 12 13 0.4811404 
434 253 10 11 0.47912863 
198 317 10 14 0.42046985 
639 402 21 19 0.3871705 
114 329 11 13 0.34272394 
36 341 19 22 0.33093065 
