6_Funeral_Funeral_6_177
43
781 158 38 43 0.9999113 
626 188 31 36 0.9991749 
548 214 34 58 0.9969518 
877 158 29 34 0.9928033 
449 260 25 38 0.98047 
899 195 32 31 0.963906 
488 258 31 39 0.96253663 
690 173 26 37 0.9477607 
412 255 40 49 0.9397834 
968 160 22 26 0.922149 
260 174 31 59 0.90026295 
916 150 33 45 0.8762924 
221 233 28 38 0.8473114 
515 192 14 17 0.8453812 
411 176 13 14 0.8429414 
270 601 10 11 0.8377862 
536 264 24 27 0.7638267 
6 202 13 14 0.74074906 
100 491 12 12 0.71035534 
19 359 34 40 0.66055524 
252 167 59 68 0.6360719 
87 429 13 13 0.61152166 
131 659 9 10 0.60657746 
68 609 10 11 0.58524114 
16 614 8 10 0.5755021 
318 557 11 11 0.5052265 
135 403 10 10 0.46657106 
315 307 50 64 0.45438966 
328 616 10 11 0.43184206 
138 466 11 11 0.4177938 
282 497 11 10 0.40730497 
117 423 11 11 0.39568815 
128 481 13 13 0.39412105 
84 354 13 11 0.38715905 
169 581 10 10 0.38319126 
67 210 46 62 0.37808555 
162 459 10 11 0.36165026 
32 614 9 10 0.3564021 
266 553 10 10 0.35225725 
195 577 11 12 0.35024405 
371 190 22 27 0.32301503 
186 594 10 9 0.31506988 
437 235 19 23 0.3114783 
