6_Funeral_Funeral_6_618
19
733 456 123 186 0.99605536 
353 483 43 68 0.8348004 
914 4287 110 163 0.7743315 
640 3333 138 246 0.72803307 
243 2446 100 153 0.7253823 
620 2048 160 197 0.71965903 
286 2468 57 97 0.71423435 
524 1164 94 198 0.63970333 
179 527 28 41 0.55693334 
537 2041 118 176 0.5503553 
907 111 11 21 0.4921193 
84 2451 100 145 0.45256642 
293 3283 250 346 0.39176846 
151 535 34 47 0.38085833 
908 111 8 14 0.34451315 
148 516 55 81 0.34019887 
226 2457 77 129 0.3244675 
546 2030 202 200 0.30073622 
623 1961 215 322 0.30059457 
