6_Funeral_Funeral_6_696
34
21 163 22 25 0.99979633 
461 167 59 84 0.99975055 
160 191 34 45 0.9997259 
266 150 27 33 0.9996669 
896 141 44 48 0.9996007 
330 176 26 35 0.99942845 
4 174 28 32 0.99941635 
59 195 28 32 0.9993482 
971 168 50 64 0.9992804 
673 118 68 83 0.9987148 
117 186 30 36 0.9981515 
95 182 23 36 0.99767417 
219 172 21 28 0.99729306 
91 156 20 26 0.9972379 
562 60 59 100 0.9969903 
364 175 20 28 0.99142003 
559 199 56 96 0.99008197 
811 141 57 76 0.98926836 
17 200 28 32 0.9876122 
958 155 23 32 0.9357675 
415 90 52 54 0.8934699 
59 173 22 25 0.8144062 
386 157 25 28 0.8121264 
293 162 16 24 0.805862 
804 161 21 25 0.6671392 
298 167 19 23 0.5761205 
349 159 10 10 0.57021004 
348 161 13 15 0.50643396 
221 155 17 21 0.4476654 
429 93 33 37 0.44601485 
173 162 18 20 0.40650263 
785 160 11 14 0.40124354 
9 181 36 50 0.32886383 
407 90 63 90 0.32594633 
