6_Funeral_Funeral_6_160
23
784 207 46 72 0.9997131 
871 247 63 90 0.99956006 
612 372 38 53 0.9993419 
363 305 42 56 0.99927706 
27 232 57 95 0.9992737 
899 97 58 85 0.9991973 
719 159 38 56 0.99918 
203 180 62 88 0.99903935 
750 172 48 71 0.9987413 
831 126 53 62 0.998061 
357 220 34 44 0.9970349 
152 217 65 89 0.9920238 
263 194 55 77 0.9919234 
51 85 43 81 0.94442475 
68 187 64 80 0.86636156 
0 138 47 100 0.6096737 
724 208 26 42 0.4721517 
865 208 46 66 0.42316744 
288 186 37 67 0.34427992 
136 183 35 50 0.34276813 
722 165 86 85 0.32465348 
326 353 29 50 0.30772734 
864 205 63 110 0.30694878 
