6_Funeral_Funeral_6_252
20
807 215 58 81 0.999015 
25 277 60 68 0.9988318 
879 201 51 71 0.9981341 
0 123 42 63 0.99791914 
175 145 45 61 0.99632406 
925 251 53 65 0.9962895 
50 201 53 65 0.9956664 
979 284 45 70 0.993079 
660 137 126 168 0.98835176 
42 132 35 50 0.98660475 
348 189 119 135 0.9861545 
97 155 44 60 0.98284423 
161 246 59 65 0.9777633 
981 203 43 76 0.9388983 
721 288 77 96 0.8343155 
544 179 33 47 0.6849709 
179 263 40 45 0.61134434 
730 717 87 97 0.58500594 
651 144 167 240 0.52419406 
543 175 53 62 0.46561247 
