4_Dancing_Dancing_4_84
22
852 108 38 48 0.9998016 
479 140 35 42 0.9995696 
344 156 41 49 0.99922025 
605 82 19 23 0.9989178 
137 175 42 57 0.9988182 
538 198 30 50 0.99871874 
700 161 42 56 0.99817216 
733 71 22 24 0.9981589 
150 78 17 22 0.9977314 
221 74 17 21 0.9976974 
274 137 18 19 0.9973838 
789 64 22 23 0.9941993 
674 0 18 12 0.9939243 
452 138 18 27 0.98017037 
52 72 20 22 0.9703528 
766 129 20 29 0.9048818 
79 145 22 26 0.8522375 
713 0 18 9 0.68466336 
147 543 28 28 0.44435114 
641 423 27 43 0.41442803 
692 139 18 24 0.39032516 
477 542 14 12 0.3401942 
