40_Gymnastics_Gymnastics_40_171
35
486 324 95 130 0.9997664 
784 1334 28 38 0.95753896 
698 1300 29 40 0.95440507 
892 1305 37 46 0.95373863 
821 1219 27 43 0.9489351 
636 1002 24 31 0.9040099 
3 1305 24 34 0.86628497 
800 1183 21 32 0.80256486 
170 936 18 27 0.7947157 
615 1206 28 41 0.7884019 
196 827 23 40 0.7301318 
314 972 21 31 0.7082446 
762 1098 28 40 0.6778942 
96 1320 24 33 0.6744017 
273 1181 25 34 0.65273345 
676 1278 20 30 0.62791604 
816 883 24 36 0.6024917 
773 855 19 27 0.5843617 
696 1181 22 29 0.56915164 
277 1079 26 35 0.51605207 
181 881 18 33 0.4895033 
326 1178 19 27 0.46962813 
676 1388 46 49 0.4651319 
242 918 20 29 0.4647064 
123 973 18 25 0.4503632 
329 860 15 24 0.44993648 
377 871 15 27 0.43483785 
888 1053 22 32 0.43032518 
767 780 23 40 0.428052 
933 1257 21 27 0.39170593 
722 1220 29 41 0.3837161 
266 884 17 30 0.378708 
118 796 19 28 0.32822955 
546 1011 52 68 0.31966197 
0 1162 24 46 0.3071219 
