40_Gymnastics_Gymnastics_40_887
25
809 267 47 62 0.99966097 
686 39 46 59 0.99959964 
760 373 53 66 0.9995395 
249 274 47 65 0.99951994 
96 143 46 60 0.9994789 
384 287 48 63 0.99942267 
315 71 43 60 0.9994168 
745 97 45 60 0.9994011 
215 134 44 58 0.99938416 
624 131 46 54 0.9992919 
136 393 52 72 0.9992299 
331 395 50 67 0.99919564 
521 271 50 65 0.9991548 
874 104 47 65 0.9991322 
360 145 46 60 0.99911183 
661 274 54 60 0.9989316 
554 60 42 60 0.9988457 
482 135 49 59 0.99876523 
523 378 55 72 0.99875796 
106 274 46 65 0.9987213 
838 58 46 53 0.99868673 
433 77 43 61 0.99815863 
189 82 42 52 0.99806076 
38 635 155 59 0.46551496 
294 631 80 61 0.33078516 
